#********************************
# This file represents a WGCEP UCERF 2 Deformation Model
#
# Deformation Model Name: D2.2
# Fault Model Name: F2.1
#
# Each fault trace is separated by an empty line.
# The fields for each fault section are as follows:
# Section Name
# Ave Upper Seis Depth (km)
# Ave Lower Seis Depth (km)
# Ave Dip (degrees) defined by http://www.opensha.org/documentation/glossary/AkiRichardsDefn.html
# Ave Long Term Slip Rate
# Ave Long Term Slip Rate Standard Deviation
# Ave Aseismic Slip Factor
# Ave Rake defined by http://www.opensha.org/documentation/glossary/AkiRichardsDefn.html
# Num Trace Points
# lat1 lon1 depth1
# lat2 lon2 depth2
# latN lonN depthN
#********************************
Anacapa-Dume, alt 1
0.0
15.5
45.0
3.0
1.0
0.0
60.0
7
33.9832 -118.695 0.0
33.9731 -118.743 0.0
33.9581 -118.819 0.0
33.9474 -118.935 0.0
33.9698 -119.02 0.0
33.9748 -119.145 0.0
33.9388 -119.228 0.0

Bartlett Springs
0.0
15.0
90.0
6.0
1.5
0.5
180.0
9
38.93338 -122.50408 0.0
39.566 -123.0521 0.0
39.5752 -123.0397 0.0
39.7193 -123.1866 0.0
39.8244 -123.293 0.0
39.9617 -123.3956 0.0
40.0063 -123.4171 0.0
40.1438 -123.4399 0.0
40.2649 -123.5033 0.0

Battle Creek
0.0
11.0
75.0
0.5
0.2
0.0
-90.0
2
40.40409 -122.18365 0.0
40.47029 -121.85155 0.0

Big Lagoon-Bald Mtn
0.0
13.0
35.0
0.5
0.25
0.0
90.0
7
41.032982 -123.934121 0.0
41.10547 -123.993266 0.0
41.165454 -124.094513 0.0
41.525375 -124.311293 0.0
41.577 -124.376 0.0
41.662061 -124.432278 0.0
41.729545 -124.443654 0.0

Birch Creek
0.0
13.0
50.0
0.7
0.25
0.0
-90.0
5
36.97624 -118.33651 0.0
37.00376 -118.34528 0.0
37.03629 -118.36655 0.0
37.07131 -118.40533 0.0
37.09883 -118.40408 0.0

Blackwater
0.0
12.1
90.0
0.5
0.2
0.0
180.0
5
35.0143 -117.037 0.0
35.1058 -117.128 0.0
35.2274 -117.214 0.0
35.3663 -117.313 0.0
35.4494 -117.413 0.0

Burnt Mtn
0.0
15.9
67.0
0.6
0.2
0.0
180.0
7
34.122116 -116.411983 0.0
34.093584 -116.410079 0.0
34.060684 -116.412727 0.0
34.034956 -116.399837 0.0
34.013122 -116.39545 0.0
33.989177 -116.395506 0.0
33.934795 -116.390507 0.0

Calaveras (Central)
0.0
11.0
90.0
15.0
1.5
0.76
180.0
7
37.445 -121.8071 0.0
37.3996 -121.7618 0.0
37.343 -121.7149 0.0
37.2481 -121.6483 0.0
37.1523 -121.5801 0.0
37.0958 -121.5424 0.0
36.9898 -121.4678 0.0

Calaveras (No)
0.0
13.0
90.0
6.0
1.0
0.2
180.0
8
37.8173 -122.0094 0.0
37.7149 -121.9379 0.0
37.6939 -121.9327 0.0
37.5675 -121.862 0.0
37.5385 -121.8511 0.0
37.5101 -121.8349 0.0
37.4888 -121.8235 0.0
37.445 -121.8071 0.0

Calaveras (So)
0.0
11.0
90.0
15.0
1.5
0.8
180.0
2
36.8257 -121.3956 0.0
36.9898 -121.4678 0.0

Calico-Hidalgo
0.0
13.9
90.0
1.8
0.2
0.0
180.0
13
34.1726 -116.153 0.0
34.2872 -116.222 0.0
34.361 -116.264 0.0
34.4768 -116.342 0.0
34.5847 -116.458 0.0
34.6353 -116.495 0.0
34.6744 -116.529 0.0
34.7191 -116.561 0.0
34.7524 -116.596 0.0
34.8568 -116.689 0.0
34.9242 -116.795 0.0
34.9388 -116.837 0.0
34.9889 -116.922 0.0

Casmalia (Orcutt Frontal)
0.0
10.0
75.0
0.25
0.1
0.0
90.0
6
34.93305 -120.64818 0.0
34.91466 -120.57462 0.0
34.87788 -120.52067 0.0
34.84723 -120.45201 0.0
34.84355 -120.39684 0.0
34.82148 -120.36987 0.0

Cedar Mtn-Mahogany Mtn
0.0
9.5
60.0
1.0
0.25
0.0
-90.0
4
41.525668 -121.901359 0.0
41.819858 -121.94468 0.0
41.945268 -121.963011 0.0
42.198573 -122.116304 0.0

Channel Islands Thrust
5.0
12.3
20.0
1.5
0.5
0.0
90.0
9
34.0258 -119.263 5.0
34.001 -119.361 5.0
33.9884 -119.466 5.0
33.9866 -119.525 5.0
33.9612 -119.633 5.0
33.9431 -119.68 5.0
33.9431 -119.757 5.0
33.9457 -119.815 5.0
33.9745 -119.882 5.0

Chino, alt 1
0.0
9.0
50.0
1.0
0.5
0.0
150.0
4
34.0314 -117.745 0.0
33.9655 -117.708 0.0
33.9073 -117.648 0.0
33.8519 -117.597 0.0

Clamshell-Sawpit
0.0
14.0
50.0
0.5
0.25
0.0
90.0
4
34.24019 -117.84576 0.0
34.2218 -117.88438 0.0
34.21812 -117.92792 0.0
34.17766 -117.99902 0.0

Cleghorn
0.0
15.5
90.0
3.0
1.0
0.0
0.0
6
34.31127 -117.46439 0.0
34.28579 -117.38795 0.0
34.29428 -117.3455 0.0
34.2773 -117.31718 0.0
34.27447 -117.25774 0.0
34.28296 -117.20396 0.0

Collayomi
0.0
10.0
90.0
0.6
0.15
0.0
180.0
2
38.77886 -122.68166 0.0
38.99303 -122.86272 0.0

Concord
0.0
16.0
90.0
4.0
1.0
0.5
180.0
2
37.9003 -121.9896 0.0
38.0389 -122.0766 0.0

Coronado Bank
0.0
8.6
90.0
3.0
0.5
0.0
180.0
16
33.2798 -117.917 0.0
33.2066 -117.838 0.0
33.0732 -117.742 0.0
33.0269 -117.687 0.0
32.952 -117.616 0.0
32.9251 -117.574 0.0
32.8655 -117.52 0.0
32.8085 -117.507 0.0
32.7524 -117.467 0.0
32.7235 -117.433 0.0
32.6786 -117.413 0.0
32.6238 -117.344 0.0
32.594 -117.315 0.0
32.5519 -117.298 0.0
32.4949 -117.266 0.0
31.89 -116.84 0.0

Cucamonga
0.0
7.8
45.0
5.0
1.0
0.0
90.0
11
34.180379 -117.441461 0.0
34.173413 -117.454072 0.0
34.166992 -117.477215 0.0
34.16741 -117.495397 0.0
34.168284 -117.520479 0.0
34.170949 -117.558241 0.0
34.171789 -117.568768 0.0
34.165929 -117.577327 0.0
34.162916 -117.633099 0.0
34.148427 -117.662658 0.0
34.125321 -117.728839 0.0

Death Valley (Black Mtns Frontal)
0.0
13.0
60.0
4.0
1.5
0.0
-150.0
10
36.52913 -116.88402 0.0
36.48024 -116.85824 0.0
36.40468 -116.83069 0.0
36.32912 -116.7818 0.0
36.19489 -116.75423 0.0
36.144408 -116.761017 0.0
36.094185 -116.724561 0.0
36.048861 -116.761017 0.0
35.991288 -116.723042 0.0
35.891786 -116.690384 0.0

Death Valley (No)
0.0
13.0
90.0
5.0
1.5
0.0
180.0
12
36.5615 -116.892 0.0
36.5928 -116.944 0.0
36.6234 -116.988 0.0
36.7068 -117.1 0.0
36.7577 -117.156 0.0
36.7968 -117.18 0.0
36.876 -117.245 0.0
36.9125 -117.283 0.0
36.9578 -117.313 0.0
37.0517 -117.407 0.0
37.0784 -117.443 0.0
37.2941 -117.653 0.0

Death Valley (No of Cucamongo)
0.0
13.0
90.0
5.0
1.5
0.0
-150.0
12
37.301939 -117.66754 0.0
37.320839 -117.69734 0.0
37.347459 -117.762521 0.0
37.367435 -117.807314 0.0
37.523329 -117.963813 0.0
37.589016 -118.034014 0.0
37.600119 -118.05708 0.0
37.61347 -118.074665 0.0
37.661433 -118.093227 0.0
37.716062 -118.123992 0.0
37.751708 -118.154969 0.0
37.828651 -118.192306 0.0

Death Valley (So)
0.0
13.0
90.0
4.0
1.5
0.0
180.0
6
35.6015 -116.399 0.0
35.632136 -116.44051 0.0
35.667124 -116.462535 0.0
35.841452 -116.62127 0.0
35.8748 -116.664 0.0
35.891786 -116.690384 0.0

Deep Springs
0.0
13.0
50.0
0.8
0.3
0.0
-90.0
9
37.434854 -117.942479 0.0
37.396842 -117.956234 0.0
37.381965 -117.958985 0.0
37.366649 -117.973841 0.0
37.349152 -117.987046 0.0
37.320704 -117.99695 0.0
37.286573 -118.014556 0.0
37.255067 -118.032713 0.0
37.230563 -118.059673 0.0

Earthquake Valley
0.0
18.8
90.0
2.0
0.5
0.0
180.0
5
33.180546 -116.585929 0.0
33.1626 -116.565 0.0
33.1369 -116.527 0.0
33.1106 -116.497 0.0
33.071769 -116.412291 0.0

Elmore Ranch
0.0
11.4
90.0
1.0
0.25
0.0
0.0
2
33.23095 -115.65569 0.0
33.0299 -115.85434 0.0

Elsinore (Coyote Mountain)
0.0
13.2
82.0
4.0
1.0
0.0
180.0
6
32.779 -116.006 0.0
32.8144 -116.099 0.0
32.8377 -116.178 0.0
32.889212 -116.230217 0.0
32.930814 -116.264437 0.0
32.974771 -116.336673 0.0

Elsinore (Glen Ivy) rev
0.0
13.2
90.0
5.0
1.0
0.0
180.0
7
33.8289 -117.59 0.0
33.8129 -117.548 0.0
33.745095 -117.463316 0.0
33.731832 -117.445676 0.0
33.71851 -117.424151 0.0
33.704534 -117.402646 0.0
33.685223 -117.372703 0.0

Elsinore (Glen Ivy stepover)
0.0
13.2
90.0
2.5
0.5
0.0
180.0
2
33.685223 -117.372703 0.0
33.626458 -117.274431 0.0

Elsinore (Julian)
0.0
18.8
84.0
5.0
1.0
0.0
180.0
11
32.949652 -116.355681 0.0
32.98262 -116.407007 0.0
33.010878 -116.460233 0.0
33.04934 -116.519163 0.0
33.1225 -116.628 0.0
33.178071 -116.690249 0.0
33.208684 -116.729217 0.0
33.2465 -116.791 0.0
33.279 -116.844 0.0
33.332 -116.952 0.0
33.3409 -117.0082 0.0

Elsinore (Temecula) rev
0.0
14.2
90.0
5.0
1.0
0.0
180.0
8
33.6116 -117.280987 0.0
33.558972 -117.204486 0.0
33.528941 -117.172139 0.0
33.497543 -117.141723 0.0
33.422973 -117.053329 0.0
33.391404 -117.030907 0.0
33.370306 -117.015177 0.0
33.340914 -117.008194 0.0

Elsinore (Temecula stepover)
0.0
14.2
90.0
2.5
0.5
0.0
180.0
3
33.6677 -117.389 0.0
33.630983 -117.315659 0.0
33.6116 -117.280987 0.0

Elysian Park (Upper)
3.0
15.0
50.0
1.3
0.2
0.0
90.0
4
34.06834 -118.09977 3.0
34.061222 -118.130356 3.0
34.067455 -118.234761 3.0
34.112583 -118.29677 3.0

Eureka Peak
0.0
15.0
90.0
0.6
0.2
0.0
180.0
6
33.960741 -116.342099 0.0
33.994664 -116.343171 0.0
34.009912 -116.346503 0.0
34.023916 -116.353152 0.0
34.044542 -116.355143 0.0
34.122446 -116.39458 0.0

Fickle Hill
0.0
13.0
35.0
0.6
0.2
0.0
90.0
4
40.743939 -123.964615 0.0
40.784578 -123.989634 0.0
40.857894 -124.047039 0.0
40.978649 -124.18397 0.0

Fish Slough
0.0
13.0
50.0
0.2
0.05
0.0
-90.0
12
37.361297 -118.390098 0.0
37.39697 -118.391949 0.0
37.434482 -118.404911 0.0
37.459724 -118.398341 0.0
37.478206 -118.399828 0.0
37.497881 -118.400572 0.0
37.51686 -118.399356 0.0
37.52587 -118.39218 0.0
37.54058 -118.395421 0.0
37.557681 -118.406994 0.0
37.568831 -118.406521 0.0
37.586121 -118.393879 0.0

Garlock (Central)
0.0
11.5
90.0
7.0
1.0
0.0
0.0
6
35.283464 -118.023951 0.0
35.423221 -117.749306 0.0
35.497199 -117.486869 0.0
35.567603 -117.157923 0.0
35.601818 -117.010672 0.0
35.598328 -116.878945 0.0

Garlock (East)
0.0
11.5
90.0
3.0
1.0
0.0
0.0
5
35.598328 -116.878945 0.0
35.596712 -116.817963 0.0
35.593578 -116.59081 0.0
35.586404 -116.466969 0.0
35.590401 -116.379721 0.0

Garlock (West)
0.0
14.7
90.0
6.0
1.5
0.1
0.0
11
34.823616 -118.918332 0.0
34.828441 -118.871234 0.0
34.849237 -118.822811 0.0
34.882252 -118.770808 0.0
34.931375 -118.666992 0.0
34.995769 -118.474655 0.0
35.047698 -118.375398 0.0
35.078809 -118.332596 0.0
35.186465 -118.119122 0.0
35.223252 -118.061341 0.0
35.271292 -118.010318 0.0

Gillem-Big Crack
0.0
11.0
60.0
1.0
0.25
0.0
-90.0
4
41.68326 -121.5884 0.0
41.74523 -121.55521 0.0
41.77399 -121.5707 0.0
41.96874 -121.5707 0.0

Gravel Hills-Harper Lk
0.0
11.4
90.0
0.7
0.2
0.0
180.0
5
34.87243 -116.91851 0.0
34.88799 -116.96001 0.0
34.94894 -117.01707 0.0
35.17459 -117.33739 0.0
35.25629 -117.4541 0.0

Great Valley 1
7.0
9.6
15.0
0.1
0.025
0.0
90.0
2
39.67855 -122.29969 7.0
39.28571 -122.28082 7.0

Great Valley 10
7.0
9.6
15.0
1.5
0.5
0.0
90.0
2
36.79945 -120.7585 7.0
36.62798 -120.64514 7.0

Great Valley 11
7.0
9.6
15.0
1.5
0.5
0.0
90.0
2
36.64091 -120.65305 7.0
36.49507 -120.44764 7.0

Great Valley 12
7.0
9.6
15.0
1.5
0.5
0.0
90.0
2
36.47943 -120.43829 7.0
36.33982 -120.34914 7.0

Great Valley 13 (Coalinga)
9.1
15.2
15.0
1.5
0.5
0.0
90.0
3
36.3547 -120.358 9.100000381469727
36.2671 -120.254 9.100000381469727
36.1499 -120.114 9.100000381469727

Great Valley 14 (Kettleman Hills)
8.1
22.5
22.0
1.5
0.5
0.0
90.0
4
36.1316 -120.139 8.100000381469727
36.0909 -120.068 8.100000381469727
36.0366 -119.973 8.100000381469727
36.0068 -119.921 8.100000381469727

Great Valley 2
7.0
9.6
15.0
0.1
0.025
0.0
90.0
2
39.28581 -122.28084 7.0
39.08907 -122.29219 7.0

Great Valley 3, Mysterious Ridge
9.0
14.0
20.0
1.25
0.75
0.0
90.0
2
39.11694 -122.27771 9.0
38.690117 -122.048356 9.0

Great Valley 4a, Trout Creek
9.0
14.0
20.0
1.25
0.75
0.0
90.0
2
38.688028 -122.092133 9.0
38.531579 -121.998998 9.0

Great Valley 4b, Gordon Valley
9.0
14.0
20.0
1.25
0.75
0.0
90.0
3
38.528456 -122.047365 9.0
38.439722 -122.029403 9.0
38.286695 -121.946302 9.0

Great Valley 5, Pittsburg Kirby Hills
10.0
20.0
90.0
1.0
0.75
0.0
180.0
2
38.284082 -121.975665 10.0
38.016075 -121.84478 10.0

Great Valley 7
7.0
9.6
15.0
1.5
0.5
0.0
90.0
2
37.73443 -121.52409 7.0
37.45441 -121.16144 7.0

Great Valley 8
7.0
9.6
15.0
1.5
0.5
0.0
90.0
2
37.434 -121.15798 7.0
37.09232 -120.98939 7.0

Great Valley 9
7.0
9.6
15.0
1.5
0.5
0.0
90.0
2
37.10314 -120.98671 7.0
36.8083 -120.74888 7.0

Green Valley (No)
0.0
14.0
90.0
5.0
1.5
0.5
180.0
2
38.2587 -122.1459 0.0
38.3825 -122.1789 0.0

Green Valley (So)
0.0
14.0
90.0
5.0
1.5
0.5
180.0
2
38.0389 -122.0766 0.0
38.2587 -122.1459 0.0

Greenville (No)
0.0
15.0
90.0
2.0
0.5
0.1
180.0
4
37.8839 -121.8328 0.0
37.793 -121.763 0.0
37.7219 -121.6997 0.0
37.6858 -121.6647 0.0

Greenville (So)
0.0
15.0
90.0
2.0
0.5
0.1
180.0
5
37.6858 -121.6647 0.0
37.6439 -121.6438 0.0
37.5754 -121.5808 0.0
37.5256 -121.5539 0.0
37.4994 -121.5408 0.0

Hartley Springs
0.0
13.0
50.0
0.5
0.15
0.0
-90.0
4
37.63944 -118.99706 0.0
37.69811 -118.99706 0.0
37.75678 -119.02551 0.0
37.84923 -119.07529 0.0

Hat Creek-McArthur-Mayfield
0.0
9.6
60.0
1.5
0.5
0.0
-90.0
4
41.451073 -121.63309 0.0
41.108366 -121.43314 0.0
40.934529 -121.439804 0.0
40.616655 -121.373156 0.0

Hayward (No)
0.0
12.0
90.0
9.0
1.0
0.4
180.0
2
37.8273 -122.2128 0.0
38.0875 -122.4342 0.0

Hayward (So)
0.0
12.0
90.0
9.0
1.0
0.4
180.0
4
37.454 -121.849 0.0
37.676 -122.0824 0.0
37.7299 -122.1284 0.0
37.8273 -122.2128 0.0

Helendale-So Lockhart
0.0
12.8
90.0
0.6
0.2
0.0
180.0
9
34.3248 -116.815 0.0
34.3757 -116.857 0.0
34.441 -116.945 0.0
34.5394 -117.064 0.0
34.6038 -117.106 0.0
34.7868 -117.328 0.0
34.9156 -117.418 0.0
35.0428 -117.497 0.0
35.1087 -117.597 0.0

Hilton Creek
0.0
13.0
50.0
2.5
0.3
0.0
-90.0
5
37.46165 -118.72861 0.0
37.49009 -118.75348 0.0
37.61988 -118.8086 0.0
37.65366 -118.85661 0.0
37.68922 -118.88328 0.0

Hollywood
0.0
17.3
70.0
1.0
0.25
0.0
30.0
4
34.1192 -118.23019 0.0
34.1104 -118.31696 0.0
34.09908 -118.37228 0.0
34.08399 -118.40625 0.0

Holser, alt 1
0.0
18.6
58.0
0.4
0.2
0.0
90.0
5
34.43862 -118.75333 0.0
34.43862 -118.73447 0.0
34.44993 -118.6741 0.0
34.44868 -118.64267 0.0
34.41724 -118.54834 0.0

Honey Lake
0.0
11.0
90.0
2.5
0.5
0.0
180.0
9
39.994736 -120.038104 0.0
40.017829 -120.073417 0.0
40.062851 -120.138999 0.0
40.141319 -120.239895 0.0
40.182482 -120.300431 0.0
40.219786 -120.408053 0.0
40.229388 -120.43664 0.0
40.282747 -120.479521 0.0
40.32132 -120.548466 0.0

Hosgri
0.0
6.8
80.0
2.5
0.5
0.0
180.0
25
34.8548 -120.746 0.0
34.8931 -120.766 0.0
34.934 -120.795 0.0
34.9754 -120.805 0.0
35.0469 -120.834 0.0
35.1085 -120.866 0.0
35.1429 -120.879 0.0
35.1919 -120.916 0.0
35.2712 -120.96 0.0
35.3547 -121.002 0.0
35.4214 -121.046 0.0
35.4542 -121.064 0.0
35.502 -121.091 0.0
35.6027 -121.158 0.0
35.6523 -121.194 0.0
35.7005 -121.241 0.0
35.7437 -121.286 0.0
35.7685 -121.319 0.0
35.7917 -121.365 0.0
35.8356 -121.418 0.0
35.8623 -121.453 0.0
35.8946 -121.494 0.0
35.9287 -121.517 0.0
35.968 -121.561 0.0
36.1462 -121.727 0.0

Hunter Mountain-Saline Valley
0.0
12.4
90.0
2.5
0.5
0.0
-150.0
8
36.475264 -117.432487 0.0
36.523263 -117.540109 0.0
36.569909 -117.620825 0.0
36.617232 -117.681362 0.0
36.660499 -117.821774 0.0
36.705117 -117.84952 0.0
36.754468 -117.875585 0.0
36.924155 -117.952097 0.0

Hunting Creek-Berryessa
0.0
12.0
90.0
6.0
1.5
0.0
180.0
2
38.453 -122.197 0.0
38.93338 -122.50408 0.0

Imperial
0.0
14.6
82.0
20.0
2.5
0.1
180.0
4
32.589893 -115.274088 0.0
32.83587 -115.499817 0.0
32.880439 -115.535858 0.0
32.925506 -115.552535 0.0

Independence
0.0
14.6
50.0
0.2
0.05
0.0
-90.0
7
36.5015 -118.092 0.0
36.5586 -118.168 0.0
36.6239 -118.224 0.0
36.6634 -118.234 0.0
36.7735 -118.302 0.0
36.8287 -118.32 0.0
36.8802 -118.304 0.0

Johnson Valley (No)
0.0
15.9
90.0
0.6
0.2
0.0
180.0
9
34.313201 -116.458202 0.0
34.343383 -116.481617 0.0
34.375366 -116.506919 0.0
34.410503 -116.55389 0.0
34.430325 -116.584535 0.0
34.475372 -116.63191 0.0
34.49249 -116.654236 0.0
34.544745 -116.694803 0.0
34.556007 -116.69808 0.0

Laguna Salada
0.0
13.3
90.0
3.5
0.75
0.0
180.0
10
32.1608 -115.099 0.0
32.2014 -115.2 0.0
32.222 -115.244 0.0
32.2432 -115.287 0.0
32.263 -115.327 0.0
32.2883 -115.4 0.0
32.5449 -115.72 0.0
32.5919 -115.808 0.0
32.6628 -115.84 0.0
32.7271 -115.883 0.0

Landers
0.0
15.1
90.0
0.6
0.2
0.0
180.0
16
34.1682 -116.421 0.0
34.1967 -116.437 0.0
34.2736 -116.441 0.0
34.308166 -116.453901 0.0
34.364116 -116.450801 0.0
34.4418 -116.495 0.0
34.48985 -116.527381 0.0
34.520571 -116.537289 0.0
34.568548 -116.573951 0.0
34.614852 -116.651362 0.0
34.6475 -116.674 0.0
34.6994 -116.734 0.0
34.7525 -116.808 0.0
34.7831 -116.857 0.0
34.8312 -116.884 0.0
34.8715 -116.917 0.0

Lenwood-Lockhart-Old Woman Springs
0.0
13.2
90.0
0.9
0.2
0.0
180.0
9
34.3498 -116.643 0.0
34.4631 -116.696 0.0
34.5527 -116.767 0.0
34.6451 -116.842 0.0
34.7504 -116.926 0.0
34.8715 -117.085 0.0
34.9536 -117.248 0.0
35.0523 -117.474 0.0
35.2155 -117.776 0.0

Likely
0.0
11.0
90.0
0.3
0.15
0.0
180.0
4
40.891 -120.2451 0.0
40.9419 -120.32034 0.0
41.10124 -120.47083 0.0
41.33582 -120.72754 0.0

Lions Head
0.0
10.0
75.0
0.02
0.01
0.0
90.0
6
34.69765 -120.235 0.0
34.71236 -120.33431 0.0
34.71604 -120.40665 0.0
34.72953 -120.44097 0.0
34.84232 -120.55623 0.0
34.86807 -120.61017 0.0

Little Lake
0.0
13.0
90.0
0.7
0.2
0.0
180.0
3
35.605158 -117.647489 0.0
35.811263 -117.809069 0.0
35.906877 -117.88341 0.0

Little Salmon (Offshore)
0.0
13.0
30.0
1.0
0.5
0.0
90.0
4
40.764 -124.231 0.0
40.796 -124.352 0.0
40.941 -124.47499 0.0
41.004 -124.64099 0.0

Little Salmon (Onshore)
0.0
13.0
30.0
5.0
1.5
0.0
90.0
4
40.534 -123.99 0.0
40.584 -124.10399 0.0
40.646 -124.178 0.0
40.764 -124.231 0.0

Los Alamos-West Baseline
0.0
10.0
30.0
0.7
0.35
0.0
90.0
4
34.75895 -120.31837 0.0
34.73075 -120.21172 0.0
34.67191 -120.14429 0.0
34.63145 -120.06458 0.0

Los Osos
0.0
10.0
45.0
0.5
0.2
0.0
90.0
8
35.30209 -120.86641 0.0
35.29963 -120.78181 0.0
35.28492 -120.73522 0.0
35.24569 -120.68373 0.0
35.20891 -120.6543 0.0
35.16967 -120.53171 0.0
35.12554 -120.48144 0.0
35.12186 -120.45692 0.0

Maacama-Garberville
0.0
12.0
90.0
9.0
1.0
0.4
180.0
4
38.5755 -122.693 0.0
38.864452 -123.001045 0.0
39.99436 -123.71935 0.0
40.2653 -124.01653 0.0

Mad River
0.0
13.0
35.0
0.7
0.3
0.0
90.0
7
40.747027 -123.924553 0.0
40.808491 -123.959042 0.0
40.837182 -123.996325 0.0
40.899533 -124.06962 0.0
40.933175 -124.111699 0.0
40.98371 -124.148738 0.0
41.032106 -124.233198 0.0

Malibu Coast, alt 1
0.0
7.8
75.0
0.3
0.1
0.0
30.0
6
34.0287 -118.525 0.0
34.0374 -118.62 0.0
34.0392 -118.68 0.0
34.0323 -118.727 0.0
34.033 -118.798 0.0
34.0464 -118.933 0.0

McKinleyville
0.0
13.0
35.0
0.6
0.1
0.0
90.0
8
40.757123 -123.863791 0.0
40.791765 -123.903432 0.0
40.817474 -123.941961 0.0
40.858027 -123.998518 0.0
40.909512 -124.051314 0.0
40.962026 -124.090756 0.0
41.058082 -124.183083 0.0
41.065889 -124.232728 0.0

Mendocino
15.0
30.0
90.0
35.0
2.5
0.0
90.0
5
40.262165 -124.411908 15.0
40.3717 -124.696 15.0
40.399137 -125.354058 15.0
40.41508 -125.840999 15.0
40.412181 -126.381199 15.0

Mission Ridge-Arroyo Parida-Santa Ana
0.0
7.6
70.0
0.4
0.1
0.0
90.0
15
34.42981 -119.89769 0.0
34.42478 -119.86875 0.0
34.43359 -119.80713 0.0
34.43359 -119.78575 0.0
34.44113 -119.75055 0.0
34.44239 -119.743 0.0
34.44994 -119.69144 0.0
34.44113 -119.61095 0.0
34.43107 -119.51036 0.0
34.4273 -119.47137 0.0
34.41598 -119.4261 0.0
34.42353 -119.34562 0.0
34.42981 -119.28778 0.0
34.44994 -119.20226 0.0
34.47005 -119.16579 0.0

Mono Lake
0.0
13.0
50.0
2.5
0.625
0.0
-90.0
5
37.93457 -119.10373 0.0
38.02702 -119.17307 0.0
38.06258 -119.18197 0.0
38.10169 -119.18019 0.0
38.1497 -119.18908 0.0

Monterey Bay-Tularcitos
0.0
14.0
90.0
0.5
0.2
0.0
150.0
7
36.36826 -121.52527 0.0
36.40017 -121.59573 0.0
36.43872 -121.6489 0.0
36.46929 -121.73531 0.0
36.58495 -121.86559 0.0
36.8136 -122.01049 0.0
36.92128 -122.12216 0.0

Monte Vista-Shannon
0.0
3.5
45.0
0.4
0.15
0.0
90.0
5
37.4375 -122.25001 0.0
37.305 -122.065 0.0
37.265 -122.00001 0.0
37.2275 -121.9275 0.0
37.21 -121.8375 0.0

Mount Diablo Thrust
8.0
16.0
38.0
2.0
0.5
0.0
90.0
2
37.7301 -121.8229 8.0
37.8771 -122.0388 8.0

Newport-Inglewood, alt 1
0.0
15.0
88.0
1.0
0.25
0.0
180.0
19
33.612718 -117.933993 0.0
33.674472 -117.993034 0.0
33.704535 -118.043641 0.0
33.71791 -118.062962 0.0
33.735499 -118.075697 0.0
33.76485 -118.113773 0.0
33.788686 -118.150398 0.0
33.826655 -118.205683 0.0
33.832116 -118.21281 0.0
33.843801 -118.232179 0.0
33.884745 -118.264261 0.0
33.911527 -118.288056 0.0
33.930631 -118.30383 0.0
33.933248 -118.318239 0.0
33.947945 -118.328788 0.0
33.961587 -118.353115 0.0
33.98879 -118.360316 0.0
34.00236 -118.367231 0.0
34.043309 -118.389551 0.0

Newport-Inglewood (Offshore)
0.0
10.2
90.0
1.5
0.25
0.0
180.0
6
33.59104 -117.91455 0.0
33.50804 -117.79886 0.0
33.40241 -117.68819 0.0
33.2515 -117.54735 0.0
33.21629 -117.48698 0.0
33.15593 -117.42914 0.0

North Frontal  (East)
0.0
16.6
41.0
0.5
0.125
0.0
90.0
9
34.3369 -116.79988 0.0
34.33338 -116.74353 0.0
34.34571 -116.71008 0.0
34.33162 -116.66958 0.0
34.34042 -116.64316 0.0
34.33338 -116.62204 0.0
34.32105 -116.58857 0.0
34.31929 -116.53925 0.0
34.31049 -116.52517 0.0

North Frontal  (West)
0.0
15.7
49.0
1.0
0.25
0.0
90.0
13
34.31693 -117.26906 0.0
34.34524 -117.22661 0.0
34.37072 -117.22376 0.0
34.37072 -117.20113 0.0
34.40468 -117.20113 0.0
34.43865 -117.16715 0.0
34.44431 -117.14451 0.0
34.44148 -117.1077 0.0
34.42167 -117.05958 0.0
34.39619 -117.00297 0.0
34.38204 -116.98882 0.0
34.36505 -116.93785 0.0
34.37072 -116.85011 0.0

Northridge
7.4
16.8
35.0
1.5
0.5
0.0
90.0
7
34.4172 -118.712 7.400000095367432
34.404 -118.634 7.400000095367432
34.3837 -118.596 7.400000095367432
34.3541 -118.545 7.400000095367432
34.3421 -118.478 7.400000095367432
34.3282 -118.424 7.400000095367432
34.3097 -118.378 7.400000095367432

North Tahoe
0.0
13.0
50.0
0.43
0.1
0.0
-90.0
6
39.109999 -120.044068 0.0
39.135242 -120.044879 0.0
39.149125 -120.049745 0.0
39.178154 -120.031902 0.0
39.216019 -119.992971 0.0
39.270922 -119.979184 0.0

Oak Ridge (Onshore)
1.0
19.4
65.0
4.0
1.0
0.0
90.0
9
34.24808 -119.20502 1.0
34.26305 -119.15823 1.0
34.31651 -119.0974 1.0
34.35225 -119.04024 1.0
34.36309 -118.95891 1.0
34.38133 -118.88049 1.0
34.38502 -118.81043 1.0
34.40132 -118.77422 1.0
34.39777 -118.7227 1.0

Ortigalita
0.0
11.0
90.0
1.0
0.25
0.0
180.0
7
37.270543 -121.280594 0.0
37.192036 -121.224823 0.0
37.117611 -121.151205 0.0
37.038074 -121.125922 0.0
36.907055 -121.011405 0.0
36.793956 -120.903581 0.0
36.732164 -120.895401 0.0

Owens Valley
0.0
13.5
90.0
1.5
0.4
0.0
180.0
8
36.5047 -118.02 0.0
36.5522 -118.043 0.0
36.6355 -118.07 0.0
36.6943 -118.083 0.0
36.7739 -118.119 0.0
36.8506 -118.16 0.0
36.9315 -118.197 0.0
37.234 -118.329 0.0

Owl Lake
0.0
12.0
90.0
2.0
0.5
0.0
0.0
2
35.60639 -116.87723 0.0
35.72774 -116.64142 0.0

Palos Verdes
0.0
13.6
90.0
3.0
0.5
0.0
180.0
14
33.2798 -117.917 0.0
33.3184 -117.943 0.0
33.3546 -117.986 0.0
33.4428 -118.06 0.0
33.4816 -118.08 0.0
33.5449 -118.119 0.0
33.5835 -118.146 0.0
33.6919 -118.233 0.0
33.7472 -118.254 0.0
33.7895 -118.334 0.0
33.8175 -118.4 0.0
33.8637 -118.439 0.0
33.9021 -118.496 0.0
33.9702 -118.557 0.0

Panamint Valley
0.0
13.0
90.0
2.5
0.5
0.0
-150.0
16
35.612188 -116.904637 0.0
35.639785 -116.942309 0.0
35.659784 -116.975937 0.0
35.68278 -117.051608 0.0
35.711244 -117.090485 0.0
35.754475 -117.121394 0.0
35.860766 -117.167982 0.0
35.890425 -117.171031 0.0
35.920665 -117.186459 0.0
36.008113 -117.214722 0.0
36.038329 -117.219646 0.0
36.070863 -117.196684 0.0
36.206965 -117.219767 0.0
36.269868 -117.264329 0.0
36.307068 -117.31814 0.0
36.439636 -117.411468 0.0

Pinto Mtn
0.0
15.5
90.0
2.5
1.0
0.0
0.0
16
34.054959 -116.720392 0.0
34.060183 -116.701456 0.0
34.072529 -116.679651 0.0
34.080127 -116.638336 0.0
34.078702 -116.591283 0.0
34.082976 -116.558575 0.0
34.110992 -116.479389 0.0
34.124288 -116.459305 0.0
34.130461 -116.414547 0.0
34.144707 -116.283143 0.0
34.147556 -116.228631 0.0
34.138059 -116.081734 0.0
34.130461 -116.053617 0.0
34.125713 -116.011154 0.0
34.108143 -115.958937 0.0
34.106244 -115.943444 0.0

Pisgah-Bullion Mtn-Mesquite Lk
0.0
13.1
90.0
0.8
0.2
0.0
180.0
12
34.13712 -116.00425 0.0
34.15398 -116.02888 0.0
34.20586 -116.06131 0.0
34.29145 -116.12356 0.0
34.3913 -116.17543 0.0
34.47041 -116.25195 0.0
34.47948 -116.25713 0.0
34.49116 -116.25713 0.0
34.56248 -116.33364 0.0
34.63381 -116.37643 0.0
34.69735 -116.40627 0.0
34.81796 -116.48537 0.0

Pitas Point (Lower, West)
1.5
8.8
13.0
2.5
1.25
0.0
90.0
6
34.233774 -119.775744 1.5
34.26542 -119.832009 1.5
34.287731 -119.911741 1.5
34.3044 -119.978363 1.5
34.275513 -120.060193 1.5
34.248765 -120.1194 1.5

Pitas Point (Lower)-Montalvo
0.4
12.7
16.0
2.5
1.25
0.0
90.0
5
34.171574 -119.477517 0.4000000059604645
34.154492 -119.572091 0.4000000059604645
34.150259 -119.639387 0.4000000059604645
34.155471 -119.683376 0.4000000059604645
34.167938 -119.802532 0.4000000059604645

Pleito
0.0
13.6
46.0
2.0
0.5
0.0
90.0
15
34.941519 -119.295899 0.0
34.956225 -119.237059 0.0
34.955636 -119.206204 0.0
34.986937 -119.128158 0.0
35.007082 -119.080912 0.0
35.007477 -119.050539 0.0
34.991677 -119.036075 0.0
34.978248 -119.012934 0.0
34.968373 -118.994132 0.0
34.943872 -118.979456 0.0
34.935049 -118.968693 0.0
34.93152 -118.948601 0.0
34.932696 -118.927792 0.0
34.939144 -118.910727 0.0
34.935049 -118.878998 0.0

Point Reyes
0.0
9.0
50.0
0.3
0.1
0.0
90.0
3
37.94333 -122.83367 0.0
37.99077 -123.06635 0.0
38.18426 -123.24097 0.0

Puente Hills
5.0
13.0
25.0
0.7
0.2
0.0
90.0
4
33.926854 -117.867278 5.0
33.93151 -118.043247 5.0
33.954077 -118.143496 5.0
34.058606 -118.297611 5.0

Quien Sabe
0.0
10.0
90.0
1.0
0.5
0.0
180.0
2
36.75898 -121.21391 0.0
36.92562 -121.36441 0.0

Raymond
0.0
15.6
79.0
1.5
0.5
0.0
60.0
11
34.162964 -117.990061 0.0
34.160883 -118.002543 0.0
34.155547 -118.014949 0.0
34.150715 -118.02924 0.0
34.140871 -118.049336 0.0
34.139141 -118.057453 0.0
34.129641 -118.080546 0.0
34.12288 -118.115128 0.0
34.121299 -118.123121 0.0
34.118318 -118.128951 0.0
34.1217 -118.223 0.0

Red Mountain
0.0
14.1
56.0
2.0
0.5
0.0
90.0
11
34.3386 -119.304 0.0
34.337 -119.38 0.0
34.356 -119.424 0.0
34.3573 -119.47 0.0
34.3572 -119.531 0.0
34.3582 -119.631 0.0
34.3582 -119.631 0.0
34.3617 -119.749 0.0
34.3822 -119.861 0.0
34.3991 -119.939 0.0
34.3573 -120.386 0.0

Rinconada
0.0
10.0
90.0
1.0
0.5
0.0
180.0
7
36.67524 -121.7565 0.0
36.45199 -121.46286 0.0
35.61091 -120.70242 0.0
35.4455 -120.662 0.0
35.4022 -120.615 0.0
35.353 -120.583 0.0
35.3112 -120.517 0.0

Robinson Creek
0.0
13.0
50.0
0.5
0.15
0.0
-90.0
4
38.20659 -119.31708 0.0
38.23859 -119.30286 0.0
38.26348 -119.30463 0.0
38.3346 -119.23174 0.0

Rodgers Creek
0.0
12.0
90.0
9.0
1.0
0.0185
180.0
3
38.0875 -122.4342 0.0
38.3315 -122.6136 0.0
38.5752 -122.7883 0.0

Rose Canyon
0.0
7.7
90.0
1.5
0.25
0.0
180.0
14
32.560298 -117.14729 0.0
32.60327 -117.150521 0.0
32.647766 -117.165444 0.0
32.709887 -117.162085 0.0
32.729042 -117.170444 0.0
32.759508 -117.197599 0.0
32.801083 -117.20996 0.0
32.835482 -117.241287 0.0
32.854538 -117.263572 0.0
33.018883 -117.325147 0.0
33.085781 -117.376923 0.0
33.097071 -117.396095 0.0
33.108255 -117.410988 0.0
33.122534 -117.42337 0.0

Round Valley
0.0
13.0
50.0
1.0
0.25
0.0
-90.0
19
37.242436 -118.599224 0.0
37.251322 -118.616177 0.0
37.264669 -118.635126 0.0
37.278611 -118.641108 0.0
37.301507 -118.638807 0.0
37.326661 -118.627613 0.0
37.34512 -118.615129 0.0
37.357403 -118.614993 0.0
37.382486 -118.629718 0.0
37.397525 -118.642509 0.0
37.40476 -118.650613 0.0
37.413692 -118.651195 0.0
37.446111 -118.637192 0.0
37.481272 -118.641574 0.0
37.515172 -118.650427 0.0
37.524737 -118.671781 0.0
37.539727 -118.702307 0.0
37.548582 -118.730855 0.0
37.560275 -118.742319 0.0

San Andreas (Big Bend)
0.0
15.1
90.0
34.0
1.5
0.0
180.0
5
34.94406 -119.402865 0.0
34.915714 -119.362861 0.0
34.8639 -119.21 0.0
34.828957 -119.030091 0.0
34.807599 -118.890122 0.0

San Andreas (Carrizo) rev
0.0
15.1
90.0
34.0
1.5
0.0
180.0
5
35.3142 -119.8659 0.0
35.1607 -119.7068 0.0
35.0475 -119.5583 0.0
34.9878 -119.4711 0.0
34.9441 -119.4029 0.0

San Andreas (Cholame) rev
0.0
12.0
90.0
34.0
2.5
0.0
180.0
4
35.314166 -119.865953 0.0
35.413909 -119.970299 0.0
35.533307 -120.086757 0.0
35.751982 -120.300046 0.0

San Andreas (Coachella) rev
0.0
11.1
90.0
16.0
3.0
0.1
180.0
2
33.78825 -116.24629 0.0
33.35009 -115.71192 0.0

San Andreas (Creeping Segment)
0.0
12.0
90.0
34.0
2.5
0.91
180.0
4
36.8059 -121.4816 0.0
36.68287 -121.28899 0.0
36.2939 -120.87239 0.0
36.0019 -120.56048 0.0

San Andreas (Mojave N)
0.0
15.1
90.0
27.0
3.5
0.0
180.0
4
34.807599 -118.890122 0.0
34.807221 -118.887642 0.0
34.773248 -118.767314 0.0
34.698495 -118.508948 0.0

San Andreas (Mojave S)
0.0
13.1
90.0
29.0
3.5
0.0
180.0
4
34.698495 -118.508948 0.0
34.547849 -118.103936 0.0
34.402927 -117.753579 0.0
34.3163 -117.549 0.0

San Andreas (North Coast)
0.0
11.0
90.0
24.0
1.5
0.0185
180.0
7
37.7856 -122.5741 0.0
37.9617 -122.72245 0.0
38.181 -122.917 0.0
38.329 -123.0419 0.0
38.408 -123.1144 0.0
39.1014 -123.7894 0.0
39.1706 -123.8407 0.0

San Andreas (Offshore)
0.0
11.0
90.0
24.0
1.5
0.0185
180.0
9
39.1706 -123.8407 0.0
39.2589 -123.8726 0.0
39.3965 -123.9224 0.0
39.673 -123.9953 0.0
39.9135 -124.0067 0.0
40.0259 -124.049 0.0
40.0506 -124.0635 0.0
40.0965 -124.1381 0.0
40.244 -124.4032 0.0

San Andreas (Parkfield)
0.0
10.2
90.0
34.0
2.5
0.79
180.0
2
35.751982 -120.300046 0.0
36.002647 -120.56089 0.0

San Andreas (Peninsula)
0.0
13.0
90.0
17.0
2.0
0.0185
180.0
5
37.1762 -122.0036 0.0
37.297 -122.14 0.0
37.367 -122.21 0.0
37.438 -122.283 0.0
37.7856 -122.5741 0.0

San Andreas (San Bernardino N)
0.0
12.8
90.0
18.0
2.5
0.0
180.0
5
34.3163 -117.549 0.0
34.2709 -117.451 0.0
34.232843 -117.388692 0.0
34.173137 -117.274161 0.0
34.150027 -117.222023 0.0

San Andreas (San Bernardino S)
0.0
12.8
90.0
10.0
3.0
0.0
180.0
6
34.150027 -117.222023 0.0
34.092795 -117.067674 0.0
34.073768 -117.0139 0.0
34.033837 -116.90235 0.0
34.011347 -116.873541 0.0
33.959114 -116.819795 0.0

San Andreas (San Gorgonio Pass-Garnet HIll)
0.0
12.8
58.0
5.0
1.0
0.0
180.0
9
33.78825 -116.24629 0.0
33.848518 -116.383007 0.0
33.848123 -116.426527 0.0
33.884664 -116.516889 0.0
33.907018 -116.584856 0.0
33.917569 -116.623871 0.0
33.944163 -116.685809 0.0
33.937411 -116.778598 0.0
33.953154 -116.801391 0.0

San Andreas (Santa Cruz Mtn)
0.0
15.0
90.0
17.0
2.0
0.1
180.0
7
36.8059 -121.4816 0.0
36.8701 -121.5645 0.0
36.926 -121.652 0.0
36.989 -121.733 0.0
37.053 -121.812 0.0
37.104 -121.907 0.0
37.1762 -122.0036 0.0

San Cayetano
0.0
16.0
42.0
6.0
1.5
0.0
90.0
13
34.4361 -118.762 0.0
34.4047 -118.831 0.0
34.4021 -118.865 0.0
34.41725 -118.913042 0.0
34.427038 -118.923852 0.0
34.449464 -118.927914 0.0
34.448406 -118.943631 0.0
34.4221 -118.976854 0.0
34.421776 -119.007521 0.0
34.422944 -119.036709 0.0
34.435734 -119.081818 0.0
34.432891 -119.103758 0.0
34.449967 -119.159061 0.0

San Gabriel
0.0
14.7
61.0
1.0
0.25
0.0
180.0
10
34.317807 -118.280034 0.0
34.3311 -118.301 0.0
34.3705 -118.428 0.0
34.3947 -118.489 0.0
34.4363 -118.561 0.0
34.5142 -118.644 0.0
34.5606 -118.696 0.0
34.6203 -118.772 0.0
34.6621 -118.816 0.0
34.714 -118.875 0.0

San Gregorio (No)
0.0
12.0
90.0
7.0
1.5
0.1
180.0
3
37.7682 -122.6166 0.0
37.2906 -122.3936 0.0
36.8528 -122.1555 0.0

San Gregorio (So)
0.0
12.0
90.0
3.0
1.0
0.1
180.0
9
36.3131 -121.8593 0.0
36.359 -121.9 0.0
36.4194 -121.9351 0.0
36.4669 -121.9538 0.0
36.5172 -121.9803 0.0
36.5561 -122.0212 0.0
36.6696 -122.0945 0.0
36.7496 -122.1295 0.0
36.8528 -122.1555 0.0

San Jacinto (Anza, stepover)
0.0
16.8
90.0
11.0
2.0
0.0
180.0
4
33.890683 -117.108288 0.0
33.7778 -116.979 0.0
33.76173 -116.961982 0.0
33.736426 -116.914297 0.0

San Jacinto (Anza) rev
0.0
16.8
90.0
22.0
3.0
0.0
180.0
4
33.736426 -116.914297 0.0
33.696672 -116.844717 0.0
33.5112 -116.549 0.0
33.489548 -116.513295 0.0

San Jacinto (Borrego)
0.0
13.1
90.0
4.0
3.0
0.1
180.0
6
33.2066 -116.205 0.0
33.1822 -116.164 0.0
33.1434 -116.129 0.0
33.0976 -116.058 0.0
33.0297 -116.011 0.0
33.001 -115.943 0.0

San Jacinto (Clark) rev
0.0
16.8
90.0
18.0
3.0
0.0
180.0
7
33.489548 -116.513295 0.0
33.4166 -116.393 0.0
33.396 -116.339 0.0
33.3839 -116.297 0.0
33.315 -116.21 0.0
33.2854 -116.147 0.0
33.2558 -116.099 0.0

San Jacinto (Coyote Creek)
0.0
15.9
90.0
4.0
3.0
0.0
180.0
4
33.4688 -116.543 0.0
33.4204 -116.47 0.0
33.2636 -116.283 0.0
33.2066 -116.205 0.0

San Jacinto (San Bernardino)
0.0
16.1
90.0
10.0
4.0
0.0
180.0
6
34.2936 -117.565 0.0
34.182 -117.403 0.0
34.1917 -117.389 0.0
34.1588 -117.364 0.0
34.1013 -117.325 0.0
34.017 -117.237 0.0

San Jacinto (San Jacinto Valley, stepover)
0.0
16.1
90.0
11.0
2.0
0.0
180.0
4
33.904534 -117.08958 0.0
33.849281 -117.012051 0.0
33.805362 -116.939049 0.0
33.75567 -116.903016 0.0

San Jacinto (San Jacinto Valley) rev
0.0
16.1
90.0
22.0
3.0
0.0
180.0
3
34.017 -117.237 0.0
34.0067 -117.222 0.0
33.904534 -117.08958 0.0

San Jacinto (Superstition Mtn)
0.0
12.4
90.0
5.0
1.5
0.0
180.0
3
33.001 -115.943 0.0
32.93785 -115.80666 0.0
32.8842 -115.698 0.0

San Joaquin Hills
2.0
12.4
23.0
0.5
0.1
0.0
90.0
4
33.695 -117.933 2.0
33.688 -117.823 2.0
33.647 -117.736 2.0
33.597 -117.674 2.0

San Jose
0.0
15.8
74.0
0.5
0.25
0.0
30.0
4
34.11406 -117.69006 0.0
34.08464 -117.73052 0.0
34.06012 -117.83841 0.0
34.03928 -117.87888 0.0

San Juan
0.0
13.0
90.0
1.0
0.5
0.0
180.0
5
35.6797 -120.29537 0.0
35.50193 -120.22916 0.0
35.30454 -120.12495 0.0
35.28247 -120.08205 0.0
35.14761 -119.96066 0.0

San Luis Range (So Margin)
0.0
10.0
45.0
0.2
0.05
0.0
90.0
8
34.84968 -120.23746 0.0
34.86439 -120.26933 0.0
34.91098 -120.30979 0.0
34.97596 -120.41399 0.0
35.10837 -120.56358 0.0
35.14148 -120.64449 0.0
35.16845 -120.71314 0.0
35.18193 -120.78795 0.0

Santa Cruz Island
0.0
13.3
90.0
1.0
0.25
0.0
30.0
8
34.0727 -119.994 0.0
34.0314 -119.874 0.0
34.0155 -119.778 0.0
34.0048 -119.725 0.0
33.9857 -119.612 0.0
33.9871 -119.515 0.0
33.9785 -119.347 0.0
33.9828 -119.26 0.0

Santa Monica, alt 1
0.0
17.9
75.0
1.0
0.25
0.0
30.0
6
34.069082 -118.411767 0.0
34.042053 -118.455831 0.0
34.035603 -118.474925 0.0
34.031558 -118.481299 0.0
34.03043 -118.524725 0.0
34.032434 -118.554424 0.0

Santa Rosa Island
0.0
8.7
90.0
1.0
0.25
0.0
30.0
9
34.0112 -119.906 0.0
33.9855 -119.966 0.0
33.9714 -120.111 0.0
33.9722 -120.18 0.0
33.9833 -120.23 0.0
33.9844 -120.3 0.0
33.9873 -120.358 0.0
33.9873 -120.43 0.0
34.0199 -120.511 0.0

Santa Susana, alt 1
0.0
16.3
55.0
5.0
1.0
0.0
90.0
8
34.32418 -118.49553 0.0
34.30532 -118.52319 0.0
34.30029 -118.54583 0.0
34.32041 -118.58105 0.0
34.32292 -118.61626 0.0
34.33298 -118.63386 0.0
34.35059 -118.70806 0.0
34.35939 -118.76715 0.0

Santa Ynez (East)
0.0
13.3
70.0
2.0
0.5
0.0
0.0
9
34.4992 -119.636 0.0
34.488 -119.553 0.0
34.4888 -119.501 0.0
34.4987 -119.435 0.0
34.5067 -119.32 0.0
34.5293 -119.23 0.0
34.5315 -119.164 0.0
34.5697 -118.954 0.0
34.5839 -118.904 0.0

Santa Ynez (West)
0.0
9.2
70.0
2.0
0.5
0.0
0.0
11
34.5121 -120.307 0.0
34.5147 -120.263 0.0
34.5239 -120.208 0.0
34.5442 -120.12 0.0
34.5618 -120.031 0.0
34.5603 -119.977 0.0
34.5474 -119.935 0.0
34.5533 -119.867 0.0
34.5484 -119.806 0.0
34.5205 -119.732 0.0
34.4992 -119.6355 0.0

Sierra Madre
0.0
14.2
53.0
2.0
0.5
0.0
90.0
18
34.1231 -117.74 0.0
34.1219 -117.755 0.0
34.1317 -117.769 0.0
34.1305 -117.807 0.0
34.1323 -117.818 0.0
34.1587 -117.86 0.0
34.147 -117.881 0.0
34.1501 -117.94 0.0
34.1611 -117.985 0.0
34.1752 -118.003 0.0
34.1758 -118.068 0.0
34.201 -118.112 0.0
34.2028 -118.149 0.0
34.210744 -118.189023 0.0
34.23489 -118.222677 0.0
34.249456 -118.262344 0.0
34.258494 -118.279323 0.0
34.2751 -118.29 0.0

Sierra Madre (San Fernando)
0.0
13.0
45.0
2.0
0.5
0.0
90.0
7
34.2782 -118.2951 0.0
34.27452 -118.31963 0.0
34.29046 -118.39563 0.0
34.30394 -118.41894 0.0
34.30272 -118.43365 0.0
34.29291 -118.46185 0.0
34.30272 -118.47778 0.0

Simi-Santa Rosa
1.0
12.1
60.0
1.0
0.25
0.0
30.0
8
34.3038 -118.696 1.0
34.2835 -118.758 1.0
34.2708 -118.836 1.0
34.2523 -118.885 1.0
34.2468 -118.951 1.0
34.2346 -119.0 1.0
34.2422 -119.043 1.0
34.2168 -119.1 1.0

So Emerson-Copper Mtn
0.0
14.1
90.0
0.6
0.2
0.0
180.0
15
34.15781 -116.179282 0.0
34.171795 -116.205275 0.0
34.211285 -116.242097 0.0
34.237947 -116.266747 0.0
34.25329 -116.283789 0.0
34.308123 -116.304178 0.0
34.333549 -116.316808 0.0
34.3728 -116.350279 0.0
34.406528 -116.379193 0.0
34.437626 -116.417841 0.0
34.450416 -116.439143 0.0
34.471298 -116.478814 0.0
34.486404 -116.494833 0.0
34.508724 -116.522526 0.0
34.529414 -116.539872 0.0

So Sierra Nevada
0.0
13.6
50.0
0.1
0.05
0.0
-90.0
13
35.2943 -118.023 0.0
35.347 -118.04 0.0
35.4261 -118.051 0.0
35.5384 -118.034 0.0
35.568 -118.004 0.0
35.61 -117.909 0.0
35.6839 -117.869 0.0
35.758284 -117.895976 0.0
35.934098 -117.911981 0.0
35.972588 -117.945936 0.0
36.08 -117.985 0.0
36.124 -118.009 0.0
36.2193 -117.99 0.0

Superstition Hills
0.0
12.6
90.0
4.0
1.0
0.1
180.0
4
33.0344 -115.895 0.0
33.008187 -115.802388 0.0
32.8999 -115.664 0.0
32.830261 -115.606214 0.0

Surprise Valley
0.0
9.6
50.0
1.3
0.25
0.0
-90.0
7
41.13222 -119.99061 0.0
41.2827 -120.10568 0.0
41.50401 -120.18092 0.0
41.58146 -120.18314 0.0
41.61245 -120.20747 0.0
41.6899 -120.21633 0.0
41.87358 -120.13888 0.0

Table Bluff
0.0
13.0
45.0
0.6
0.3
0.0
90.0
4
40.647781 -124.179766 0.0
40.696 -124.282 0.0
40.698 -124.47499 0.0
40.828 -124.679 0.0

Tank Canyon
0.0
8.3
50.0
1.0
0.25
0.0
-90.0
4
35.76897 -117.25027 0.0
35.74856 -117.22935 0.0
35.6805 -117.21721 0.0
35.64161 -117.25269 0.0

Trinidad
0.0
13.0
35.0
0.7
0.15
0.0
90.0
9
40.79 -123.841 0.0
40.854265 -123.922142 0.0
40.936522 -123.999406 0.0
40.982054 -124.028671 0.0
41.040406 -124.111715 0.0
41.187327 -124.250653 0.0
41.244234 -124.318606 0.0
41.297 -124.343 0.0
41.449 -124.394 0.0

Ventura-Pitas Point
1.0
15.0
64.0
1.0
0.25
0.0
60.0
6
34.3435 -119.141 1.0
34.291 -119.224 1.0
34.2874 -119.303 1.0
34.3077 -119.413 1.0
34.3027 -119.463 1.0
34.2974 -119.593 1.0

Verdugo
0.0
14.5
55.0
0.5
0.25
0.0
90.0
7
34.13131 -118.15357 0.0
34.1496 -118.18648 0.0
34.15508 -118.22854 0.0
34.19714 -118.29071 0.0
34.22274 -118.36569 0.0
34.25383 -118.40775 0.0
34.26115 -118.42055 0.0

West Napa
0.0
10.0
90.0
1.0
0.5
0.0
180.0
3
38.16441 -122.24451 0.0
38.23397 -122.28896 0.0
38.41158 -122.36856 0.0

West Tahoe
0.0
13.0
50.0
0.6
NaN
0.0
-90.0
9
38.815288 -120.022169 0.0
38.884706 -120.058666 0.0
38.966114 -120.074076 0.0
38.999561 -120.087864 0.0
39.098008 -120.105707 0.0
39.182572 -120.087864 0.0
39.210339 -120.104896 0.0
39.23432 -120.108951 0.0
39.262087 -120.120306 0.0

White Mountains
0.0
13.0
90.0
1.0
0.25
0.0
180.0
20
37.022093 -118.166262 0.0
37.039763 -118.166591 0.0
37.068579 -118.187558 0.0
37.171883 -118.223668 0.0
37.241491 -118.258268 0.0
37.302489 -118.279221 0.0
37.333451 -118.293017 0.0
37.378491 -118.305146 0.0
37.430143 -118.318109 0.0
37.484746 -118.330145 0.0
37.527544 -118.335701 0.0
37.575506 -118.348663 0.0
37.66848 -118.367181 0.0
37.735627 -118.375514 0.0
37.783909 -118.41131 0.0
37.831494 -118.429054 0.0
37.869922 -118.413476 0.0
37.900913 -118.385699 0.0
37.942973 -118.345886 0.0
37.964371 -118.337553 0.0

White Wolf
0.0
14.6
75.0
2.0
1.0
0.0
60.0
9
35.0276 -119.007 0.0
35.1464 -118.811 0.0
35.1776 -118.779 0.0
35.2097 -118.735 0.0
35.2322 -118.672 0.0
35.2673 -118.602 0.0
35.3204 -118.538 0.0
35.3711 -118.487 0.0
35.383905 -118.470829 0.0

Whittier, alt 2
0.0
14.1
75.0
2.5
0.5
0.0
150.0
7
33.8289 -117.59 0.0
33.8511 -117.636 0.0
33.8733 -117.717 0.0
33.9074 -117.792 0.0
33.9297 -117.852 0.0
33.9712 -117.992 0.0
33.995 -118.048 0.0

Zayante-Vergeles
0.0
12.0
90.0
0.1
0.05
0.0
150.0
4
36.79268 -121.46381 0.0
36.81287 -121.60956 0.0
36.93775 -121.74194 0.0
37.08872 -121.9734 0.0

