evSegs
2_0
14
15
2_1
166
2_2
243
244
245
246
247
248
2_3
667
668
669
670
671
672
673
674
675
676
677
678
679
680
681
682
2_4
1461
5_0
66
5_1
69
5_2
243
5_3
696
697
698
699
700
701
702
703
704
705
706
707
708
7_0
547
7_1
549
550
551
552
553
7_2
1065
8_0
15
16
8_1
176
177
8_2
243
244
245
246
247
9_0
17
10_0
16
12_0
193
194
12_1
243
244
14_0
175
176
177
14_1
240
241
14_2
243
244
245
246
14_3
365
366
14_4
533
16_0
166
16_1
237
16_2
247
17_0
10
11
12
13
14
15
16
17
18
19
20
19_0
243
244
19_1
548
22_0
176
177
24_0
14
24_1
959
24_2
1490
25_0
15
16
25_1
243
244
25_2
1479
1480
1481
27_0
179
27_1
243
244
245
246
247
27_2
1447
1448
1449
30_0
39
30_1
190
191
192
193
194
30_2
562
32_0
21
32_1
166
32_2
176
177
32_3
243
244
245
246
247
248
32_4
272
273
32_5
832
33_0
11
33_1
14
15
33_2
174
175
176
177
36_0
13
36_1
17
18
36_2
357
36_3
845
37_0
243
244
245
246
247
37_1
1480
1481
39_0
1228
39_1
1451
1452
39_2
1455
40_0
176
177
40_1
1436
40_2
1477
41_0
10
11
12
13
14
15
16
17
18
19
20
21
41_1
106
41_2
246
41_3
762
763
43_0
15
43_1
243
244
245
246
247
248
46_0
166
46_1
827
828
46_2
892
893
48_0
14
48_1
176
177
48_2
243
244
245
246
247
48_3
1444
1445
48_4
1453
1454
49_0
481
49_1
492
493
494
49_2
601
602
49_3
1467
1468
1469
1470
1471
50_0
11
50_1
14
15
16
17
50_2
166
167
50_3
174
175
176
177
50_4
236
50_5
243
50_6
246
247
248
50_7
259
260
50_8
263
50_9
1413
50_10
1451
1452
1453
1454
1455
1456
1457
1458
1459
1460
1461
1462
1463
1464
1465
1466
1467
1468
1469
1470
1471
1472
1473
1474
1475
1476
1477
1478
1479
1480
1481
50_11
1483
50_12
1486
50_13
1488
50_14
1491
1492
53_0
468
469
470
53_1
555
53_2
574
55_0
18
55_1
243
244
245
246
247
57_0
196
58_0
13
58_1
15
58_2
564
565
58_3
624
625
626
627
628
629
630
631
632
58_4
1066
1067
60_0
175
176
177
60_1
243
244
245
246
247
60_2
757
60_3
764
765
60_4
1111
1112
62_0
19
62_1
243
62_2
248
62_3
810
62_4
817
62_5
1198
1199
62_6
1230
62_7
1456
65_0
104
65_1
243
244
245
246
247
248
65_2
422
65_3
477
478
479
480
481
482
483
484
485
486
487
488
489
490
491
492
493
494
65_4
496
65_5
830
65_6
1410
1411
66_0
193
194
68_0
176
177
70_0
166
70_1
181
70_2
243
244
245
246
247
70_3
807
808
72_0
9
10
11
12
13
14
15
16
17
18
19
20
21
22
23
24
25
26
27
28
29
30
31
32
33
34
35
36
37
38
39
40
41
42
43
44
45
46
47
48
49
50
51
52
53
54
55
56
57
58
59
60
61
62
63
64
65
66
67
68
69
70
71
72
73
74
75
76
77
78
79
80
81
82
83
84
85
86
87
88
89
90
91
92
93
94
95
96
97
98
99
100
101
102
103
104
105
106
107
108
109
110
111
112
113
114
115
72_1
166
167
168
169
170
171
172
173
174
175
176
177
72_2
179
180
181
182
183
184
185
186
187
188
189
190
191
192
193
194
72_3
196
197
198
199
200
201
202
203
204
205
206
207
208
209
210
211
212
213
214
215
216
72_4
243
244
245
246
247
248
249
250
251
252
253
254
255
256
257
258
259
260
72_5
269
270
271
272
273
72_6
284
285
286
287
288
289
290
291
292
293
72_7
365
366
72_8
424
72_9
520
72_10
527
72_11
530
531
72_12
574
575
72_13
587
588
589
590
72_14
592
593
594
595
596
597
598
599
600
601
602
72_15
765
72_16
787
788
789
790
791
792
793
794
795
796
797
798
799
800
801
802
803
804
805
806
807
808
72_17
981
982
983
72_18
992
993
994
995
996
997
998
999
1000
1001
1002
1003
72_19
1056
72_20
1059
1060
72_21
1116
1117
1118
1119
72_22
1124
1125
72_23
1154
1155
72_24
1369
1370
72_25
1372
1373
1374
72_26
1376
72_27
1401
1402
1403
1404
1405
1406
1407
1408
1409
72_28
1413
72_29
1447
72_30
1485
75_0
243
244
245
246
247
248
249
250
251
252
253
254
255
256
257
258
259
260
76_0
179
78_0
105
79_0
180
79_1
243
79_2
246
79_3
786
79_4
1410
1411
80_0
243
244
245
246
247
248
83_0
148
83_1
188
83_2
634
635
84_0
243
244
245
246
247
84_1
671
84_2
1490
1491
1492
88_0
548
88_1
576
88_2
1461
89_0
149
89_1
196
197
198
199
200
201
202
203
204
205
206
207
208
209
210
211
212
213
214
215
216
217
218
219
220
221
222
223
224
225
226
227
228
229
230
231
232
233
234
235
236
237
238
239
240
241
89_2
243
244
245
246
247
248
249
250
251
252
253
254
255
256
257
258
259
260
89_3
284
285
89_4
373
89_5
683
89_6
964
91_0
243
93_0
176
177
93_1
1472
94_0
15
94_1
101
94_2
243
244
245
246
94_3
811
98_0
243
244
245
246
247
248
98_1
363
98_2
549
102_0
179
102_1
209
210
211
212
213
214
215
102_2
243
244
245
246
247
102_3
675
676
102_4
810
811
812
813
102_5
1454
102_6
1489
104_0
11
104_1
13
14
15
16
17
18
19
104_2
38
104_3
104
104_4
244
106_0
175
176
177
106_1
232
106_2
243
106_3
247
107_0
193
194
107_1
244
245
246
247
248
109_0
1491
1492
111_0
20
111_1
243
111_2
246
111_3
533
113_0
244
245
114_0
176
177
114_1
243
114_2
246
247
117_0
14
15
117_1
190
117_2
192
117_3
196
117_4
243
244
245
246
117_5
766
119_0
208
119_1
247
248
119_2
815
119_3
1432
1433
1434
121_0
102
103
121_1
193
194
121_2
243
244
245
246
121_3
621
622
123_0
11
12
123_1
16
17
18
123_2
21
123_3
98
99
100
101
102
103
104
105
106
123_4
166
123_5
408
123_6
412
413
414
415
416
417
418
419
420
421
422
423
424
425
426
427
428
429
430
431
432
433
434
435
123_7
561
124_0
15
16
124_1
20
124_2
176
177
124_3
244
124_4
246
247
126_0
11
126_1
13
14
126_2
19
20
126_3
243
244
245
246
126_4
932
126_5
953
127_0
11
12
127_1
14
15
127_2
285
286
287
288
129_0
101
129_1
174
175
176
177
129_2
180
129_3
243
244
129_4
247
248
129_5
667
668
669
670
671
672
673
674
675
676
677
678
679
680
681
682
683
684
685
686
687
688
689
690
691
692
693
694
695
696
697
698
699
700
701
702
703
704
705
706
707
708
709
710
711
712
713
129_6
830
831
832
833
834
835
836
837
838
839
840
841
842
843
129_7
887
888
889
890
891
892
893
129_8
929
930
931
932
933
934
935
936
937
938
939
940
941
942
943
944
945
946
947
948
949
950
951
952
953
954
955
956
957
129_9
1167
1168
1169
1170
1171
1172
1173
1174
1175
1176
1177
129_10
1180
1181
129_11
1183
1184
1185
1186
1187
1188
1189
132_0
179
132_1
243
244
245
246
247
135_0
10
11
12
13
14
15
16
17
18
19
20
21
136_0
548
136_1
757
138_0
80
81
82
83
84
85
86
87
88
89
90
91
92
93
94
95
96
97
98
99
100
101
102
103
104
105
106
107
108
109
110
111
112
113
114
115
116
117
118
119
120
121
122
123
124
125
126
127
128
129
130
131
132
133
134
135
136
137
138
139
140
141
138_1
166
138_2
173
174
175
176
177
138_3
196
138_4
199
138_5
243
244
245
246
247
248
138_6
563
564
565
138_7
649
650
138_8
751
752
753
138_9
925
138_10
1106
1107
1108
1109
1110
1111
1112
138_11
1410
1411
138_12
1463
138_13
1488
141_0
15
141_1
175
141_2
190
191
192
193
194
141_3
1480
1481
141_4
1487
143_0
105
106
143_1
175
143_2
337
338
143_3
1484
1485
143_4
1488
144_0
166
144_1
176
177
144_2
246
145_0
243
146_0
244
245
147_0
246
148_0
104
148_1
243
244
245
148_2
247
148_3
552
553
148_4
1190
151_0
163
164
151_1
243
244
245
246
152_0
166
152_1
459
152_2
1459
154_0
10
11
12
13
14
15
16
17
18
19
20
21
154_1
116
154_2
127
128
129
130
131
132
133
134
135
136
137
138
139
140
141
142
143
144
145
146
147
148
149
150
151
152
153
154
154_3
166
167
154_4
171
172
173
174
175
176
177
154_5
230
231
232
233
234
235
236
237
238
239
240
241
154_6
243
244
154_7
247
248
249
250
154_8
342
343
154_9
750
154_10
1390
1391
154_11
1455
154_12
1483
1484
154_13
1487
154_14
1489
159_0
549
550
159_1
555
160_0
105
164_0
176
177
164_1
200
164_2
266
267
167_0
91
92
93
94
95
96
97
98
99
100
101
102
103
104
105
106
107
167_1
124
125
126
167_2
166
167_3
196
197
198
199
200
201
202
167_4
1197
168_0
14
15
16
169_0
19
169_1
166
167
168
169
170
171
172
173
174
175
176
177
169_2
179
180
181
182
183
184
185
186
187
188
189
190
191
192
193
194
169_3
203
169_4
249
250
251
252
253
254
255
256
257
258
259
260
261
262
263
264
265
266
267
169_5
977
978
979
980
981
982
983
169_6
1468
172_0
183
172_1
762
172_2
1385
1386
174_0
166
167
168
169
170
171
172
173
174
174_1
246
247
248
249
250
251
252
253
254
255
256
257
258
259
260
174_2
284
174_3
604
174_4
628
174_5
827
828
174_6
1451
1452
1453
1454
1455
1456
1457
1458
1459
1460
1461
1462
1463
1464
1465
1466
1467
1468
1469
1470
1471
1472
1473
1474
1475
1476
1477
1478
1479
1480
1481
174_7
1483
1484
1485
1486
1487
1488
1489
1490
1491
1492
174_8
1494
1495
1496
1497
1498
1499
177_0
14
177_1
17
177_2
175
177_3
459
460
177_4
533
534
535
177_5
562
177_6
567
179_0
15
179_1
18
180_0
10
11
12
13
14
15
16
17
18
19
20
21
183_0
176
177
183_1
474
475
185_0
90
185_1
245
246
185_2
284
285
286
287
288
185_3
529
185_4
887
185_5
1055
187_0
15
187_1
247
187_2
634
187_3
1371
189_0
199
189_1
246
189_2
556
189_3
570
571
572
191_0
100
101
102
103
104
105
191_1
497
191_2
536
537
538
191_3
763
191_4
765
766
767
768
194_0
155
194_1
166
194_2
176
177
194_3
185
194_4
196
197
198
199
194_5
245
246
247
248
194_6
289
194_7
782
783
784
785
786
787
788
789
790
194_8
895
896
897
898
899
900
901
902
903
904
905
906
907
908
909
910
911
912
913
914
915
916
917
918
919
920
921
922
923
924
925
926
927
194_9
1448
1449
197_0
11
197_1
13
14
15
16
17
18
19
20
197_2
163
164
197_3
175
176
177
197_4
465
466
197_5
1436
199_0
19
199_1
193
194
199_2
245
246
199_3
544
199_4
1368
202_0
10
11
12
13
202_1
200
202_2
781
204_0
16
204_1
162
204_2
166
204_3
245
246
247
248
204_4
530
531
204_5
564
565
207_0
174
175
176
177
207_1
791
207_2
959
207_3
1006
1007
207_4
1037
207_5
1307
208_0
245
208_1
284
285
286
287
288
289
290
210_0
345
346
347
210_1
571
572
210_2
619
620
621
622
213_0
15
213_1
21
213_2
245
246
247
215_0
201
215_1
1057
1058
217_0
10
11
12
13
14
15
16
17
18
19
20
21
217_1
166
217_2
176
177
217_3
192
193
194
217_4
246
217_5
291
217_6
533
217_7
546
547
548
217_8
559
560
561
562
563
564
565
217_9
629
217_10
1103
1104
217_11
1383
217_12
1410
1411
217_13
1433
1434
220_0
245
220_1
363
220_2
541
542
220_3
1189
1190
1191
1192
1193
1194
1195
1196
1197
1198
1199
222_0
17
222_1
160
223_0
166
167
223_1
246
247
248
223_2
757
227_0
16
227_1
175
176
177
227_2
245
246
227_3
269
227_4
377
378
230_0
15
230_1
105
106
230_2
247
230_3
574
231_0
246
231_1
248
231_2
549
232_0
193
194
232_1
196
232_2
762
235_0
176
177
235_1
196
197
198
199
200
201
202
203
204
205
206
207
208
209
210
211
212
213
214
215
235_2
218
219
235_3
222
235_4
236
237
238
239
240
241
235_5
243
235_6
245
235_7
247
248
249
250
235_8
284
285
286
287
288
289
290
291
292
293
294
295
296
297
298
299
235_9
461
235_10
464
235_11
601
602
235_12
756
235_13
1217
236_0
550
236_1
552
553
236_2
631
632
236_3
1093
1094
236_4
1096
238_0
179
238_1
536
240_0
243
240_1
286
240_2
465
466
240_3
762
763
764
765
766
767
768
769
770
771
772
773
774
775
776
777
240_4
886
240_5
1294
1295
1296
1297
1298
1299
1300
1301
1302
1303
1304
1305
1306
1307
240_6
1334
240_7
1336
1337
1338
1339
1340
1341
1342
244_0
166
244_1
567
244_2
960
246_0
10
11
12
13
14
15
16
17
18
19
20
21
22
23
246_1
123
246_2
176
177
246_3
1447
247_0
16
247_1
243
248_0
11
248_1
16
248_2
285
248_3
604
248_4
724
725
726
727
728
729
730
731
732
733
250_0
175
250_1
190
191
192
193
194
250_2
234
250_3
244
250_4
285
250_5
1364
253_0
20
21
253_1
284
285
286
287
288
289
290
291
292
293
254_0
15
254_1
163
164
254_2
176
177
254_3
621
622
258_0
166
258_1
244
258_2
290
258_3
630
258_4
785
786
260_0
474
475
260_1
568
260_2
812
813
260_3
1385
1386
262_0
173
174
175
176
177
262_1
815
262_2
1480
1481
264_0
244
264_1
676
264_2
810
811
812
813
264_3
1157
266_0
10
11
12
13
14
15
16
17
18
19
20
21
266_1
24
266_2
162
266_3
646
266_4
1127
266_5
1178
268_0
176
177
268_1
193
194
268_2
285
268_3
1127
270_0
243
244
270_1
291
272_0
99
272_1
284
285
286
287
288
289
290
291
292
293
272_2
375
272_3
459
272_4
545
272_5
649
650
272_6
723
272_7
1362
1363
1364
1365
1366
1367
1368
274_0
166
167
274_1
284
274_2
576
274_3
628
274_4
704
705
706
707
708
709
710
711
712
713
714
715
716
717
718
719
720
721
722
723
724
725
726
727
274_5
807
808
274_6
1057
274_7
1059
1060
274_8
1384
1385
1386
274_9
1388
1389
1390
1391
274_10
1444
1445
276_0
175
276_1
179
180
276_2
183
276_3
243
244
277_0
365
366
279_0
9
10
11
12
13
14
15
16
17
18
19
20
21
279_1
27
28
29
30
31
32
33
34
35
36
37
38
39
40
41
42
43
44
45
46
47
48
49
50
51
52
53
54
55
56
57
58
59
60
61
62
63
64
65
66
67
68
69
70
71
72
73
74
75
76
77
78
79
80
81
82
83
84
85
86
87
88
89
90
91
92
93
94
95
96
97
98
99
100
101
102
103
104
105
106
107
108
109
110
111
112
113
114
115
116
117
118
119
120
121
122
123
124
125
126
127
128
129
130
131
132
133
134
135
136
137
138
139
140
141
142
143
144
145
146
147
148
149
150
151
152
153
154
155
156
157
158
159
160
161
162
163
164
279_2
166
167
168
169
170
171
172
173
174
175
176
177
279_3
179
180
181
182
183
184
185
186
279_4
190
191
192
193
194
279_5
196
197
279_6
229
279_7
243
244
279_8
246
247
248
249
250
251
252
253
254
255
256
257
258
259
260
279_9
287
279_10
306
279_11
345
279_12
348
279_13
411
279_14
462
279_15
468
469
470
471
279_16
477
478
479
480
481
482
483
484
485
279_17
525
279_18
533
534
279_19
541
542
279_20
544
545
279_21
549
550
551
552
553
279_22
555
556
557
558
559
560
561
562
563
564
565
279_23
567
568
569
570
571
572
279_24
592
279_25
624
279_26
627
279_27
667
668
669
670
671
672
673
674
675
676
677
678
679
680
681
682
683
684
685
686
687
688
689
690
691
692
693
694
695
696
697
698
699
700
701
702
703
704
705
706
707
708
709
710
711
712
713
714
715
716
717
718
719
720
721
722
723
724
725
726
727
728
729
730
731
732
733
279_28
737
738
739
740
741
742
743
744
745
279_29
755
756
757
758
759
760
279_30
762
763
764
765
766
767
768
769
770
771
772
773
774
775
776
777
778
779
780
781
782
783
784
785
786
787
788
789
790
791
792
793
794
795
796
797
798
799
800
801
802
279_31
815
816
817
818
819
820
821
822
823
824
825
826
827
828
279_32
845
846
847
848
849
850
851
852
853
854
855
856
857
858
859
860
861
862
863
864
279_33
870
279_34
977
978
979
980
981
982
983
279_35
985
279_36
995
996
279_37
1001
1002
1003
1004
1005
279_38
1069
279_39
1071
279_40
1085
1086
1087
279_41
1096
1097
1098
1099
1100
1101
1102
1103
1104
279_42
1167
1168
1169
1170
1171
1172
1173
1174
279_43
1183
1184
1185
1186
1187
1188
279_44
1201
1202
1203
1204
1205
1206
1207
1208
1209
1210
279_45
1228
1229
1230
1231
1232
1233
1234
1235
1236
1237
1238
279_46
1272
279_47
1282
279_48
1285
279_49
1333
279_50
1407
1408
1409
1410
1411
279_51
1429
1430
279_52
1433
1434
279_53
1480
1481
280_0
9
10
11
12
13
14
15
16
17
18
19
20
21
22
23
24
25
26
27
28
29
30
31
32
33
34
35
36
37
38
39
40
41
42
43
44
45
46
47
48
49
50
51
52
53
54
55
280_1
126
280_2
166
167
168
169
170
171
172
173
174
175
176
177
280_3
185
186
187
188
189
190
191
192
193
194
280_4
523
280_5
589
590
280_6
1124
1125
280_7
1401
1402
283_0
243
283_1
263
285_0
263
287_0
243
244
245
246
287_1
260
287_2
546
287_3
1154
1155
290_0
176
177
290_1
803
804
805
806
807
808
293_0
243
244
245
246
247
293_1
574
575
293_2
1479
1480
1481
295_0
56
295_1
456
457
296_0
15
298_0
243
244
245
246
298_1
974
975
298_2
1451
300_0
166
301_0
16
17
301_1
174
175
176
177
303_0
18
303_1
243
244
245
246
247
248
303_2
1447
305_0
14
15
307_0
235
307_1
245
307_2
652
309_0
16
17
309_1
246
309_2
1459
310_0
15
16
310_1
547
311_0
17
18
19
20
21
311_1
176
177
312_0
196
312_1
1477
1478
1479
313_0
10
11
12
13
14
15
16
313_1
245
246
247
313_2
1454
313_3
1457
316_0
243
317_0
17
317_1
176
177
317_2
1456
318_0
17
18
318_1
31
318_2
166
318_3
193
194
318_4
244
245
246
247
318_5
574
320_0
31
320_1
175
320_2
243
244
245
246
320_3
592
320_4
1456
321_0
631
632
321_1
1491
1492
324_0
243
244
245
246
247
248
326_0
176
177
326_1
243
326_2
245
326_3
272
273
328_0
175
328_1
243
244
245
246
247
328_2
337
338
329_0
333
334
329_1
336
329_2
804
331_0
269
331_1
670
671
332_0
199
332_1
363
333_0
10
11
12
13
14
15
16
17
18
19
20
21
333_1
166
333_2
243
244
245
246
333_3
601
602
336_0
176
177
336_1
243
244
336_2
247
248
336_3
574
575
576
577
578
337_0
271
337_1
1455
339_0
243
244
245
246
247
248
339_1
1490
341_0
604
605
341_1
634
342_0
193
194
345_0
166
167
345_1
173
174
175
176
177
345_2
192
345_3
196
345_4
243
244
245
246
247
248
249
345_5
337
338
345_6
749
345_7
752
753
345_8
1451
1452
1453
1454
1455
1456
1457
1458
1459
1460
1461
1462
1463
1464
1465
1466
1467
1468
1469
1470
1471
1472
1473
1474
1475
1476
1477
1478
1479
1480
1481
345_9
1483
348_0
166
348_1
176
177
348_2
193
194
348_3
197
348_4
1443
351_0
15
351_1
243
244
245
246
351_2
306
351_3
606
351_4
662
663
664
665
351_5
802
351_6
1371
355_0
174
175
176
177
355_1
191
355_2
243
244
245
246
247
248
355_3
579
356_0
179
356_1
248
356_2
548
360_0
166
360_1
196
197
198
199
200
201
202
203
204
205
206
207
208
360_2
243
244
245
246
247
248
360_3
285
286
287
288
289
290
360_4
497
360_5
672
673
674
361_0
16
361_1
243
362_0
10
11
12
13
14
15
16
17
18
19
20
21
364_0
243
244
245
246
364_1
544
365_0
15
365_1
244
365_2
247
365_3
291
368_0
176
177
368_1
243
244
245
246
247
368_2
285
368_3
459
460
461
368_4
669
369_0
190
191
369_1
193
194
369_2
243
371_0
104
371_1
243
375_0
243
244
245
246
247
248
375_1
534
375_2
621
622
375_3
750
375_4
1006
1007
378_0
166
378_1
243
378_2
288
289
378_3
571
572
380_0
10
11
12
13
14
15
16
17
18
19
20
21
380_1
24
380_2
175
176
177
380_3
200
380_4
243
244
245
246
380_5
284
285
286
287
288
289
290
291
292
293
380_6
637
380_7
1055
380_8
1198
1199
380_9
1491
1492
384_0
243
244
245
246
247
384_1
465
466
384_2
529
530
531
384_3
1058
386_0
190
191
192
193
194
386_1
247
386_2
364
386_3
535
536
386_4
604
389_0
243
244
245
246
247
248
389_1
1432
391_0
176
177
391_1
284
285
286
287
288
289
290
291
292
293
294
295
391_2
474
475
391_3
636
391_4
638
391_5
1050
1051
1052
1053
391_6
1055
1056
1057
1058
1059
1060
393_0
243
244
245
246
393_1
631
632
396_0
18
396_1
166
396_2
179
396_3
244
396_4
247
396_5
589
590
397_0
243
397_1
637
399_0
15
399_1
243
244
245
246
247
248
399_2
634
635
402_0
11
402_1
13
14
15
16
17
18
19
20
402_2
234
402_3
244
402_4
1146
402_5
1488
1489
1490
1491
1492
403_0
176
177
403_1
239
240
241
403_2
249
405_0
16
405_1
103
405_2
199
405_3
244
245
405_4
1157
1158
407_0
17
407_1
80
81
82
83
84
85
86
87
88
89
90
91
92
93
94
95
96
97
98
99
100
101
102
103
104
105
106
107
108
109
407_2
172
173
174
175
176
177
407_3
196
197
198
199
200
201
202
203
204
205
206
207
208
209
210
211
212
213
214
215
216
217
218
219
220
221
222
223
224
225
226
227
228
229
230
231
232
233
234
235
236
237
238
239
240
241
407_4
243
244
245
246
247
248
249
250
251
252
253
254
255
256
257
258
259
260
407_5
262
407_6
269
270
271
272
273
407_7
283
284
285
286
287
407_8
323
324
325
326
327
328
329
330
331
332
333
334
335
336
337
338
407_9
359
407_10
377
378
407_11
436
407_12
459
460
407_13
471
472
473
474
475
407_14
493
494
407_15
521
522
523
524
525
526
527
528
407_16
533
534
535
536
537
538
539
540
541
542
407_17
544
545
546
547
548
407_18
550
407_19
555
556
407_20
630
407_21
661
407_22
670
407_23
959
960
961
962
963
964
965
407_24
981
982
983
407_25
999
1000
407_26
1007
407_27
1027
1028
407_28
1034
1035
407_29
1093
1094
407_30
1288
407_31
1383
407_32
1454
408_0
15
408_1
180
414_0
11
12
414_1
285
286
414_2
365
366
414_3
1447
1448
1449
415_0
21
415_1
193
194
415_2
1158
415_3
1483
416_0
10
11
12
13
14
15
16
17
18
19
20
416_1
246
247
248
418_0
14
15
418_1
17
418_2
21
418_3
179
418_4
187
418_5
288
418_6
529
418_7
1428
1429
1430
419_0
239
419_1
249
419_2
287
419_3
762
420_0
16
422_0
724
422_1
1455
425_0
15
425_1
57
425_2
246
425_3
284
285
286
287
288
425_4
601
602
428_0
18
19
428_1
191
192
193
194
428_2
245
246
428_3
571
572
428_4
642
643
644
645
646
647
648
649
650
428_5
1480
1481
430_0
16
17
430_1
346
430_2
365
366
430_3
549
550
430_4
600
430_5
765
430_6
1436
432_0
567
432_1
803
804
433_0
796
797
798
799
800
801
802
803
804
805
806
807
808
433_1
1354
436_0
9
10
11
12
13
14
15
16
17
18
19
20
21
22
23
24
436_1
492
493
494
436_2
667
668
669
670
671
672
673
674
675
676
677
678
679
680
681
682
683
684
685
686
687
688
689
690
691
692
693
694
695
696
697
698
699
436_3
871
436_4
889
436_5
1383
1384
438_0
245
246
439_0
247
439_1
363
441_0
176
177
441_1
289
444_0
246
444_1
1452
446_0
9
10
11
12
13
14
15
16
17
18
19
20
21
22
23
24
25
26
27
28
29
30
31
32
33
34
35
36
37
38
39
40
41
42
43
44
45
46
47
48
49
50
51
52
53
54
55
56
57
58
59
60
61
62
63
64
65
66
67
68
69
70
71
72
73
74
75
76
77
78
79
80
81
82
83
84
85
86
87
88
89
90
91
92
93
94
95
96
97
98
99
100
101
102
103
104
105
106
107
108
109
110
111
112
113
114
115
116
117
118
119
120
121
122
123
124
125
126
127
128
129
130
131
132
133
134
135
136
137
138
139
446_1
163
164
446_2
166
446_3
175
176
177
446_4
196
197
198
199
200
201
202
203
204
205
206
207
208
209
210
211
212
213
214
215
446_5
221
446_6
244
245
246
247
248
249
250
251
252
253
254
255
256
257
258
259
260
261
262
263
264
446_7
284
285
286
287
288
289
290
291
292
293
446_8
296
446_9
482
446_10
509
446_11
528
529
446_12
576
446_13
581
446_14
587
588
589
590
446_15
592
593
594
595
596
597
598
599
600
601
602
446_16
641
446_17
683
684
685
686
446_18
763
446_19
766
446_20
992
446_21
997
998
999
1000
1001
1002
446_22
1088
446_23
1116
1117
1118
1119
1120
1121
1122
1123
1124
1125
446_24
1369
446_25
1371
446_26
1380
1381
446_27
1401
1402
1403
1404
1405
1406
1407
1408
1409
446_28
1425
1426
1427
446_29
1461
448_0
974
975
448_1
1471
1472
1473
1474
1475
1476
1477
1478
1479
1480
1481
452_0
451
452
453
454
455
456
457
452_1
557
453_0
196
455_0
30
455_1
92
93
94
95
96
97
98
99
100
101
102
103
104
105
106
107
455_2
243
244
245
246
247
248
456_0
91
456_1
166
167
168
169
170
171
172
173
174
175
176
177
456_2
179
180
181
182
183
184
185
186
187
188
189
190
191
192
193
194
456_3
233
456_4
243
244
245
246
247
248
249
250
251
252
253
254
255
256
257
258
259
260
456_5
265
266
267
456_6
963
964
456_7
966
456_8
980
981
982
983
456_9
1451
1452
1453
1454
1455
1456
1457
1458
1459
1460
1461
1462
1463
1464
1465
1466
1467
1468
1469
1470
1471
1472
1473
1474
1475
1476
456_10
1483
1484
1485
1486
1487
1488
1489
1490
1491
1492
460_0
243
460_1
468
460_2
842
843
460_3
870
462_0
166
462_1
243
244
245
246
247
248
462_2
320
321
322
462_3
340
341
342
343
466_0
198
466_1
1092
467_0
621
622
468_0
15
468_1
111
112
113
114
115
116
117
118
119
468_2
199
468_3
243
244
245
246
468_4
635
468_5
735
736
468_6
762
763
764
765
766
767
768
769
770
771
772
773
774
468_7
795
469_0
176
177
469_1
266
267
469_2
564
565
469_3
624
625
626
627
628
629
630
631
632
469_4
634
635
636
637
638
639
640
641
642
643
469_5
1052
1053
474_0
243
244
245
246
247
248
474_1
775
776
474_2
869
475_0
16
475_1
776
478_0
14
15
478_1
243
244
245
246
479_0
16
17
481_0
176
177
483_0
243
244
245
246
247
483_1
574
575
483_2
929
486_0
17
18
486_1
166
486_2
333
486_3
477
488_0
10
11
12
13
14
15
16
17
18
19
20
21
488_1
243
244
245
246
247
248
488_2
347
490_0
287
490_1
374
491_0
11
491_1
13
14
15
16
491_2
850
493_0
175
176
177
493_1
243
244
245
246
247
494_0
193
194
494_1
199
494_2
364
496_0
240
241
496_1
243
496_2
1433
1434
497_0
244
499_0
196
197
499_1
243
244
245
246
499_2
288
499_3
757
499_4
1413
501_0
117
118
119
120
121
122
123
124
125
126
127
128
129
501_1
184
185
501_2
239
501_3
620
501_4
755
501_5
757
758
759
760
503_0
166
503_1
176
177
503_2
243
244
245
503_3
571
572
503_4
630
631
632
504_0
179
504_1
184
506_0
10
11
12
13
14
15
16
17
18
19
506_1
243
506_2
246
507_0
160
507_1
162
163
164
507_2
196
507_3
244
245
509_0
166
167
509_1
291
292
293
509_2
577
509_3
664
665
509_4
1432
509_5
1477
510_0
243
510_1
289
290
513_0
20
513_1
243
244
245
246
513_2
407
513_3
574
513_4
576
513_5
1062
515_0
175
176
177
515_1
496
516_0
1480
1481
517_0
14
15
517_1
345
346
347
348
517_2
470
517_3
493
494
517_4
529
530
531
517_5
550
551
552
553
517_6
555
517_7
557
558
517_8
567
568
569
570
571
572
517_9
830
517_10
995
996
517_11
1198
1199
518_0
193
194
518_1
247
519_0
16
17
519_1
243
244
245
246
247
522_0
166
522_1
176
177
522_2
192
522_3
243
244
522_4
285
286
287
288
289
290
291
292
293
522_5
631
632
522_6
768
769
770
771
772
773
774
775
776
777
778
779
780
781
782
783
784
785
786
787
788
789
790
791
792
793
794
795
796
797
798
799
800
801
802
522_7
1065
1066
1067
522_8
1410
1411
524_0
244
245
246
524_1
752
753
524_2
767
524_3
1197
524_4
1444
1445
525_0
102
103
104
525_1
196
197
198
199
200
525_2
243
244
525_3
247
525_4
1197
526_0
14
526_1
18
526_2
604
528_0
10
11
12
13
14
15
16
17
18
19
20
21
528_1
176
177
528_2
286
287
529_0
163
164
529_1
549
529_2
810
530_0
243
244
245
246
247
530_1
959
530_2
1436
1437
1438
533_0
15
16
17
533_1
176
177
533_2
196
533_3
1443
535_0
18
19
535_1
80
81
82
83
84
85
86
87
88
89
90
91
92
93
94
95
96
97
98
99
100
101
102
103
104
105
106
107
108
109
110
111
112
113
114
115
116
117
118
119
120
535_2
130
535_3
166
535_4
174
175
176
177
535_5
196
535_6
198
199
200
201
202
203
204
205
535_7
243
244
245
246
247
248
249
535_8
348
349
350
351
535_9
353
535_10
356
357
358
359
360
361
362
363
364
365
366
535_11
368
369
370
371
535_12
373
374
375
376
377
378
535_13
380
535_14
477
535_15
551
535_16
556
557
558
559
560
561
562
563
564
565
535_17
567
535_18
604
605
606
607
608
609
610
611
612
613
614
615
616
617
618
619
620
621
622
535_19
1007
1008
1009
1010
535_20
1032
1033
535_21
1157
1158
1159
535_22
1163
536_0
15
536_1
193
194
537_0
11
537_1
13
14
15
539_0
243
244
245
246
539_1
776
539_2
781
539_3
1479
542_0
166
167
542_1
173
174
175
176
177
542_2
179
180
181
182
183
184
185
186
542_3
243
244
245
246
247
248
249
542_4
260
542_5
459
542_6
780
781
542_7
803
804
805
806
807
808
542_8
977
542_9
1198
1199
544_0
191
192
544_1
244
546_0
15
546_1
175
176
177
546_2
190
546_3
243
244
245
246
247
248
546_4
1179
546_5
1480
1481
548_0
159
548_1
193
194
548_2
243
548_3
248
548_4
450
548_5
762
763
764
765
766
767
768
769
770
771
772
773
774
775
776
777
778
779
780
781
782
783
784
785
786
787
788
789
790
791
792
793
794
795
796
797
798
799
800
801
802
803
804
805
806
807
808
548_6
1451
548_7
1476
549_0
192
549_1
1477
1478
1479
1480
1481
551_0
10
11
12
13
14
15
16
17
18
19
20
21
551_1
176
177
551_2
220
551_3
232
233
234
235
236
237
238
239
240
241
551_4
243
244
551_5
246
247
248
249
554_0
18
554_1
892
893
557_0
15
16
557_1
627
558_0
193
194
560_0
17
560_1
390
560_2
496
497
498
499
560_3
1476
563_0
175
176
177
563_1
284
563_2
389
563_3
459
460
461
462
463
464
465
466
563_4
1034
1035
563_5
1452
565_0
236
568_0
166
568_1
865
866
867
868
869
870
871
872
873
874
875
876
568_2
956
957
568_3
1470
1471
1472
1473
1474
1475
1476
1477
1478
1479
1480
1481
570_0
10
11
12
13
14
15
16
17
18
19
20
21
570_1
176
177
570_2
1413
1414
573_0
161
573_1
302
573_2
675
676
677
573_3
810
811
812
813
573_4
872
574_0
20
574_1
163
164
574_2
240
241
574_3
456
457
574_4
499
575_0
27
28
575_1
500
577_0
9
10
11
12
13
14
15
16
17
18
19
20
21
577_1
29
30
31
32
33
34
35
36
37
38
39
40
41
42
43
44
45
46
47
48
49
50
51
52
53
54
55
56
57
58
577_2
390
391
577_3
518
519
520
521
522
523
524
525
577_4
533
534
577_5
574
575
576
577
578
579
580
581
582
577_6
731
577_7
1002
577_8
1369
1370
1371
1372
1373
1374
577_9
1409
1410
1411
579_0
176
177
579_1
192
193
194
579_2
972
581_0
166
581_1
174
175
581_2
190
191
192
581_3
243
584_0
19
584_1
176
177
584_2
230
231
584_3
243
584_4
247
584_5
254
255
256
257
258
259
260
261
262
263
264
265
266
267
584_6
285
584_7
345
584_8
455
584_9
1463
1464
1465
1466
584_10
1469
586_0
388
586_1
571
572
586_2
589
590
586_3
667
586_4
1127
589_0
243
589_1
549
589_2
762
589_3
769
592_0
59
592_1
166
167
592_2
197
592_3
199
592_4
243
592_5
347
592_6
354
592_7
765
592_8
1037
592_9
1127
592_10
1186
594_0
203
594_1
631
632
595_0
17
595_1
162
595_2
243
595_3
576
595_4
1195
596_0
193
194
596_1
668
597_0
10
11
12
13
14
15
16
17
18
19
20
21
597_1
1483
599_0
179
599_1
196
599_2
287
599_3
468
601_0
166
601_1
243
601_2
1451
601_3
1454
605_0
206
605_1
239
605_2
243
244
608_0
197
608_1
392
608_2
574
610_0
80
81
82
83
84
85
86
87
88
89
90
91
92
93
94
95
96
97
98
99
100
101
102
103
104
105
106
107
108
109
110
111
112
113
114
115
116
117
118
119
120
121
122
123
124
125
126
127
128
129
130
131
132
133
134
135
136
137
138
139
140
141
142
143
144
145
146
147
148
149
150
151
152
153
154
155
156
157
158
159
160
161
162
163
164
610_1
166
167
168
169
170
171
172
173
174
175
176
177
610_2
196
197
198
199
200
201
202
203
204
205
206
207
208
209
610_3
229
610_4
243
244
610_5
246
247
248
249
250
251
252
253
254
255
256
257
258
259
260
610_6
435
610_7
456
457
610_8
477
610_9
567
568
569
610_10
583
610_11
667
668
669
670
671
672
673
674
675
676
677
678
679
680
681
682
683
684
685
686
687
688
689
690
691
692
693
694
695
696
697
698
699
700
701
702
703
704
705
706
707
708
709
710
711
712
713
714
715
716
717
718
719
720
721
722
723
724
725
726
727
728
729
730
731
732
733
610_12
887
610_13
977
978
979
610_14
1185
1186
1187
1188
1189
1190
1191
1192
1193
1194
1195
1196
1197
1198
1199
610_15
1251
1252
1253
1254
1255
1256
1257
1258
1259
1260
1261
1262
1263
1264
1265
1266
610_16
1273
610_17
1326
610_18
1329
610_19
1383
1384
1385
1386
610_20
1388
1389
1390
1391
610_21
1444
1445
611_0
13
14
15
16
611_1
181
613_0
243
615_0
17
18
615_1
842
843
617_0
243
244
245
246
619_0
193
194
619_1
240
241
619_2
244
619_3
247
621_0
176
177
621_1
180
621_2
243
244
245
246
623_0
166
167
168
623_1
192
623_2
243
244
245
623_3
493
494
623_4
977
623_5
1451
1452
1453
1454
1455
1456
1457
1458
1459
1460
1461
1462
1463
1464
1465
1466
1467
1468
1469
1470
1471
1472
1473
1474
1475
1476
1477
1478
1479
1480
1481
625_0
166
625_1
175
625_2
243
244
245
246
247
625_3
780
626_0
176
177
626_1
243
628_0
10
11
12
13
14
15
16
17
18
19
20
21
628_1
929
930
630_0
243
244
630_1
469
630_2
552
553
630_3
555
630_4
891
630_5
1066
1067
634_0
173
174
175
176
177
634_1
191
634_2
243
244
245
246
247
634_3
534
535
634_4
584
585
586
587
588
589
590
634_5
649
650
634_6
1062
1063
634_7
1092
636_0
172
636_1
179
180
181
636_2
190
191
192
193
194
636_3
533
636_4
648
638_0
166
638_1
176
177
638_2
284
285
286
287
640_0
15
16
640_1
210
640_2
243
244
245
246
247
248
640_3
288
640_4
541
542
642_0
243
244
245
246
642_1
346
347
642_2
423
424
642_3
480
481
482
483
484
642_4
567
568
569
570
571
572
642_5
640
641
642
643
644
645
646
647
648
649
650
642_6
652
653
654
655
656
657
658
659
660
661
662
663
664
665
642_7
830
642_8
1063
1064
643_0
243
643_1
247
643_2
477
478
479
643_3
482
643_4
548
549
643_5
1091
646_0
14
646_1
17
646_2
992
646_3
1145
647_0
179
647_1
243
244
245
246
247
649_0
182
650_0
11
650_1
13
14
15
16
17
18
19
20
651_0
243
651_1
1184
653_0
166
167
653_1
175
176
177
653_2
243
244
245
246
247
248
653_3
601
602
653_4
1183
654_0
549
658_0
243
244
245
246
247
658_1
932
658_2
1029
1030
658_3
1491
1492
660_0
9
10
11
12
13
14
15
16
17
18
19
20
21
22
23
24
25
26
27
28
29
30
31
32
33
34
35
36
37
38
39
40
41
42
43
44
45
46
47
48
49
50
51
52
53
54
55
56
57
58
59
60
61
62
63
64
65
66
67
68
69
70
71
72
73
74
75
76
77
78
79
80
81
82
83
84
85
86
87
88
89
90
91
92
93
94
95
96
97
98
99
100
101
102
103
104
105
106
107
108
109
110
111
112
113
114
115
116
117
118
119
120
121
122
123
124
125
126
127
128
129
130
131
132
133
134
135
136
137
138
139
140
141
142
143
144
145
146
147
148
149
150
151
660_1
166
167
168
169
170
171
172
173
174
175
176
177
660_2
179
180
181
182
183
184
185
186
187
188
189
190
191
192
193
194
660_3
196
197
198
199
200
201
202
203
204
205
206
207
208
209
210
211
212
213
214
215
216
217
218
219
220
221
222
223
224
225
226
227
228
229
230
231
232
233
234
235
236
237
238
239
240
241
660_4
243
244
245
246
247
248
249
250
251
252
253
254
255
256
257
258
259
260
261
262
263
264
265
266
267
660_5
272
273
660_6
284
285
286
287
288
289
290
291
292
293
294
295
296
297
298
299
300
301
302
303
304
305
306
307
308
309
310
311
312
313
314
315
316
317
318
319
320
321
322
323
324
325
326
327
328
329
330
331
332
333
334
335
336
337
338
660_7
391
392
660_8
429
660_9
437
438
660_10
477
478
479
480
481
482
483
484
485
486
487
488
489
490
491
492
493
494
660_11
496
497
498
499
500
501
502
503
504
505
506
507
508
509
510
511
512
513
514
515
516
517
518
519
520
521
522
523
524
525
526
527
528
529
530
531
660_12
533
534
535
536
537
538
539
540
541
542
660_13
544
545
546
547
548
660_14
550
551
552
553
660_15
555
556
557
558
559
660_16
574
575
576
577
578
579
580
581
582
583
584
585
586
587
588
589
590
660_17
592
593
594
595
596
597
598
599
600
601
602
660_18
624
625
626
627
628
629
630
631
632
660_19
755
756
757
758
759
760
660_20
762
763
764
765
766
767
768
769
660_21
781
660_22
801
660_23
803
660_24
806
660_25
848
849
850
851
852
660_26
856
660_27
871
660_28
961
660_29
969
660_30
974
975
660_31
977
978
979
980
981
982
983
660_32
992
993
994
995
996
997
998
999
1000
1001
1002
1003
1004
1005
1006
660_33
1015
1016
1017
660_34
1049
660_35
1062
1063
1064
1065
1066
1067
660_36
1074
660_37
1079
1080
1081
1082
1083
660_38
1085
660_39
1089
1090
660_40
1116
1117
1118
1119
1120
1121
1122
1123
1124
1125
660_41
1127
1128
1129
1130
1131
1132
1133
1134
1135
1136
1137
1138
1139
1140
1141
660_42
1143
1144
1145
1146
1147
1148
1149
1150
1151
1152
1153
1154
1155
660_43
1285
1286
1287
660_44
1329
660_45
1362
1363
1364
1365
1366
1367
1368
1369
1370
660_46
1372
1373
1374
660_47
1398
1399
660_48
1401
1402
1403
1404
1405
1406
1407
1408
1409
1410
1411
660_49
1413
660_50
1424
1425
660_51
1447
1448
1449
660_52
1452
660_53
1461
660_54
1467
660_55
1472
1473
664_0
152
664_1
179
669_0
544
673_0
176
177
673_1
993
674_0
469
674_1
1451
1452
675_0
1483
679_0
134
679_1
137
679_2
247
248
683_0
15
683_1
284
285
286
287
288
289
290
291
292
293
683_2
929
683_3
1484
683_4
1488
684_0
1455
684_1
1491
1492
685_0
175
176
177
685_1
1477
685_2
1490
689_0
695
689_1
698
689_2
1322
1323
1324
689_3
1326
1327
1328
1329
1330
1331
1332
689_4
1335
689_5
1343
689_6
1349
1350
1351
1352
1353
1354
1355
692_0
247
248
692_1
468
692_2
959
960
961
962
963
964
965
966
967
968
969
970
971
972
973
974
975
692_3
1451
692_4
1463
1464
1465
1466
692_5
1485
692_6
1487
693_0
16
693_1
176
177
693_2
247
694_0
10
11
12
13
14
15
16
17
18
19
20
21
694_1
770
694_2
1476
697_0
549
697_1
560
561
562
563
564
565
697_2
569
570
571
572
699_0
752
753
699_1
956
957
699_2
1480
1481
701_0
176
177
704_0
138
704_1
179
704_2
247
704_3
293
704_4
923
704_5
1477
705_0
138
705_1
193
194
708_0
138
708_1
175
708_2
247
708_3
284
285
286
287
288
289
290
291
292
293
708_4
425
426
427
428
429
430
431
432
433
434
435
436
437
438
439
440
441
442
443
444
445
446
447
448
449
450
451
452
453
454
455
456
457
710_0
176
177
712_0
11
712_1
13
14
15
16
17
18
712_2
765
713_0
18
713_1
269
715_0
196
717_0
1433
1434
717_1
1464
717_2
1466
1467
1468
1469
1470
1471
1472
1473
1474
1475
1476
1477
1478
1479
1480
1481
717_3
1483
1484
1485
1486
1487
1488
1489
1490
1491
1492
720_0
175
176
177
720_1
247
248
720_2
560
720_3
571
572
720_4
1006
722_0
197
722_1
288
289
724_0
285
286
287
288
728_0
166
728_1
174
175
176
177
728_2
191
192
193
194
728_3
247
248
728_4
287
728_5
452
728_6
847
728_7
982
983
728_8
1451
1452
1453
1454
1455
1456
1457
1458
1459
1460
1461
1462
1463
1464
1465
1466
1467
1468
1469
1470
1471
1472
1473
1474
1475
1476
1477
1478
1479
1480
1481
728_9
1483
728_10
1494
730_0
176
177
730_1
198
199
730_2
284
285
286
287
288
289
290
291
292
293
730_3
1476
732_0
14
15
16
17
18
19
20
21
732_1
179
732_2
198
732_3
200
732_4
469
732_5
604
732_6
845
732_7
847
734_0
10
11
12
13
14
15
16
17
734_1
104
105
106
107
734_2
287
288
734_3
291
734_4
345
735_0
196
735_1
461
737_0
197
737_1
247
737_2
461
737_3
846
738_0
102
103
104
738_1
166
743_0
175
176
177
743_1
1056
745_0
286
745_1
289
745_2
474
475
745_3
1034
1035
745_4
1432
1433
1434
747_0
17
747_1
166
747_2
198
199
747_3
286
747_4
290
747_5
468
469
470
747_6
1014
748_0
196
197
749_0
199
200
201
750_0
98
99
100
101
102
103
750_1
105
750_2
285
751_0
97
751_1
103
104
751_2
107
751_3
176
177
751_4
193
194
751_5
380
381
382
383
384
385
386
387
388
389
390
391
392
393
394
751_6
470
751_7
549
752_0
10
11
12
13
14
15
16
17
18
19
20
21
754_0
827
828
757_0
166
757_1
621
622
757_2
841
842
843
758_0
247
758_1
1477
761_0
196
761_1
541
542
761_2
678
763_0
176
177
763_1
568
763_2
677
764_0
14
15
16
17
18
19
20
764_1
196
197
198
199
200
201
202
203
204
205
206
207
208
209
210
211
212
213
214
764_2
284
285
286
287
288
289
290
291
292
293
764_3
1359
1360
767_0
286
767_1
289
767_2
564
565
767_3
678
770_0
80
81
82
83
84
85
86
87
88
89
90
91
92
93
94
95
96
97
98
99
100
101
102
103
104
105
106
107
108
109
110
111
112
113
114
115
116
117
118
119
120
121
122
123
124
125
126
127
128
129
130
131
132
133
134
135
136
137
138
139
140
770_1
163
164
770_2
166
770_3
172
173
174
175
176
177
770_4
179
180
181
770_5
190
770_6
200
770_7
215
770_8
247
770_9
289
770_10
292
770_11
459
770_12
567
770_13
746
747
748
749
750
751
752
753
770_14
758
770_15
1019
1020
1021
770_16
1027
770_17
1305
770_18
1358
771_0
11
771_1
13
771_2
15
16
774_0
190
191
192
193
194
776_0
11
776_1
14
15
776_2
555
556
557
558
559
560
561
562
563
564
565
776_3
1086
776_4
1088
780_0
166
780_1
175
176
177
780_2
556
780_3
770
780_4
872
781_0
98
781_1
852
853
783_0
193
194
784_0
345
346
784_1
348
349
350
351
784_2
567
568
569
570
571
572
784_3
679
784_4
807
808
784_5
892
893
784_6
1003
1004
1005
1006
1007
1008
786_0
10
11
12
13
14
15
16
17
18
19
20
21
786_1
815
786_2
1002
788_0
176
177
791_0
243
791_1
667
791_2
680
681
682
683
684
685
686
687
688
689
791_3
830
831
832
833
834
835
836
837
838
839
840
841
842
843
791_4
855
791_5
871
872
873
874
875
876
877
878
879
880
881
882
883
884
885
886
887
888
889
890
891
892
893
791_6
949
950
951
952
953
954
955
956
957
791_7
1439
1440
1441
1442
1443
1444
1445
796_0
166
796_1
243
796_2
247
796_3
1009
1010
796_4
1458
796_5
1498
1499
799_0
166
799_1
175
176
177
799_2
549
799_3
868
869
870
799_4
1007
800_0
243
804_0
269
804_1
1055
806_0
243
807_0
191
192
193
194
808_0
10
11
12
13
14
15
16
17
18
19
808_1
21
809_0
20
809_1
166
809_2
176
177
809_3
285
286
287
288
289
290
291
292
293
812_0
243
812_1
284
812_2
544
812_3
1359
1360
813_0
1480
1481
817_0
72
73
74
75
76
77
78
79
80
81
82
83
84
85
86
87
88
89
90
91
92
93
94
95
96
97
98
99
100
101
102
103
104
105
106
107
817_1
110
111
112
113
114
115
116
117
118
119
120
121
122
123
124
125
126
127
128
129
130
131
132
133
134
135
136
137
138
139
140
141
142
143
144
145
146
147
148
149
150
151
152
153
154
155
156
157
158
159
160
161
162
163
164
817_2
166
167
168
169
170
171
172
173
174
175
176
177
817_3
196
197
198
199
200
201
817_4
203
817_5
247
248
817_6
251
252
253
817_7
284
817_8
288
289
817_9
454
455
456
457
817_10
465
466
817_11
533
534
817_12
667
668
669
670
671
672
673
674
675
676
677
678
679
680
681
682
683
684
685
686
687
688
689
690
691
692
693
694
695
696
697
698
699
700
701
702
703
704
705
706
707
708
709
710
711
712
713
714
715
716
717
718
719
720
721
722
723
724
725
726
727
728
729
730
731
732
733
817_13
745
817_14
755
756
817_15
758
759
760
817_16
845
846
847
848
849
850
851
852
853
854
855
856
857
858
859
860
861
862
863
864
865
866
867
817_17
929
930
931
932
933
934
935
936
937
938
939
940
941
942
943
944
945
946
947
948
817_18
977
817_19
992
993
817_20
1059
1060
817_21
1091
817_22
1356
1357
817_23
1379
817_24
1432
1433
1434
817_25
1476
1477
1478
1479
1480
1481
824_0
243
824_1
556
824_2
604
605
824_3
762
825_0
9
10
11
12
13
14
15
16
17
18
19
20
21
22
827_0
166
827_1
176
177
827_2
246
829_0
243
829_1
1093
1094
832_0
193
194
832_1
243
832_2
247
832_3
1475
834_0
246
247
834_1
631
632
838_0
175
176
177
838_1
243
838_2
477
840_0
200
842_0
105
842_1
240
241
842_2
364
365
366
842_3
541
542
844_0
166
844_1
243
844_2
246
844_3
757
844_4
1092
845_0
15
847_0
176
177
847_1
179
847_2
807
808
849_0
454
849_1
456
457
849_2
574
849_3
765
850_0
243
850_1
1476
1477
855_0
14
15
16
855_1
190
191
192
193
194
855_2
243
855_3
246
247
855_4
804
855_5
806
855_6
1410
1411
855_7
1475
857_0
17
857_1
21
857_2
766
860_0
14
860_1
16
860_2
166
167
860_3
175
176
177
860_4
243
860_5
763
862_0
13
862_1
244
864_0
243
864_1
246
866_0
18
866_1
244
867_0
10
11
12
13
14
15
16
17
18
19
20
21
867_1
247
868_0
166
167
168
169
170
171
172
173
174
175
176
177
868_1
179
180
181
182
183
184
185
868_2
243
244
868_3
246
247
868_4
269
270
271
272
273
868_5
287
868_6
460
868_7
604
868_8
606
868_9
982
983
871_0
1477
872_0
196
872_1
549
550
873_0
243
244
873_1
246
874_0
196
197
198
199
200
201
202
203
204
205
206
207
874_1
247
248
874_2
285
286
287
288
875_0
190
875_1
193
194
875_2
289
290
291
877_0
208
877_1
246
877_2
248
877_3
552
553
878_0
243
244
879_0
176
177
879_1
246
879_2
248
879_3
353
879_4
468
879_5
621
622
879_6
955
879_7
1451
882_0
166
882_1
246
247
248
882_2
292
293
882_3
624
882_4
762
763
764
765
766
767
768
769
770
771
772
773
774
775
776
884_0
243
244
884_1
1483
1484
1485
887_0
175
176
177
887_1
702
887_2
985
888_0
11
12
13
14
15
16
17
18
19
20
21
888_1
104
888_2
106
888_3
246
247
890_0
10
11
12
890_1
243
244
890_2
284
285
286
287
288
289
290
291
292
890_3
540
541
542
891_0
289
891_1
293
893_0
166
893_1
209
893_2
444
893_3
807
808
893_4
1308
895_0
23
895_1
176
177
895_2
473
474
475
896_0
243
244
896_1
246
896_2
1469
1470
1471
1472
1473
1474
1475
1476
1477
1478
1479
1480
1481
896_3
1486
898_0
247
248
898_1
286
287
288
898_2
547
548
898_3
555
898_4
634
898_5
815
898_6
851
898_7
1393
899_0
188
189
190
191
192
193
194
901_0
243
244
901_1
246
247
901_2
347
903_0
174
175
176
177
905_0
289
905_1
544
905_2
1477
906_0
15
906_1
243
244
906_2
246
906_3
1093
1094
908_0
14
908_1
103
908_2
166
908_3
176
177
908_4
208
908_5
210
908_6
284
285
286
287
288
289
290
291
292
293
908_7
360
908_8
453
908_9
676
908_10
1055
1056
1057
1058
1059
1060
908_11
1194
1195
1196
1197
1198
1199
908_12
1222
908_13
1263
908_14
1317
1318
1319
908_15
1322
908_16
1328
1329
1330
1331
1332
1333
1334
1335
1336
908_17
1371
910_0
16
910_1
1454
911_0
15
913_0
243
244
913_1
385
913_2
459
460
461
462
463
464
465
466
913_3
1491
1492
916_0
175
176
177
916_1
246
247
248
917_0
127
917_1
209
917_2
243
918_0
127
918_1
209
918_2
239
240
241
918_3
244
919_0
243
919_1
571
572
921_0
9
10
11
12
13
14
15
16
17
18
19
20
21
22
23
24
25
26
27
28
29
921_1
89
90
91
92
93
94
95
96
97
98
99
100
101
102
103
104
105
106
107
108
109
110
921_2
166
921_3
196
197
198
199
200
201
202
203
204
205
206
207
208
209
210
211
212
213
214
215
921_4
243
244
245
246
921_5
353
354
355
356
357
358
359
360
361
362
363
364
921_6
380
921_7
382
921_8
534
921_9
551
921_10
570
571
572
921_11
574
921_12
601
602
921_13
619
620
621
622
921_14
726
921_15
986
921_16
989
990
921_17
1012
1013
1014
921_18
1019
1020
1021
921_19
1033
1034
1035
921_20
1164
1165
921_21
1197
921_22
1413
923_0
176
177
925_0
237
925_1
243
244
927_0
191
192
193
194
927_1
533
927_2
757
929_0
240
241
929_1
243
244
929_2
802
929_3
1429
1430
931_0
15
16
931_1
631
632
931_2
800
931_3
1346
1347
933_0
166
167
168
169
170
171
172
173
174
175
176
177
933_1
190
933_2
243
244
245
246
247
933_3
286
287
288
289
290
291
292
293
294
933_4
337
338
933_5
346
933_6
534
933_7
539
933_8
544
545
546
933_9
549
933_10
556
933_11
627
628
629
630
631
632
933_12
670
933_13
827
828
933_14
981
982
983
933_15
1085
933_16
1091
1092
933_17
1096
933_18
1202
933_19
1451
1452
1453
1454
1455
1456
1457
1458
1459
1460
1461
1462
1463
1464
1465
1466
1467
1468
1469
1470
1471
1472
1473
1474
1475
1476
1477
1478
1479
1480
1481
933_20
1486
1487
933_21
1494
1495
1496
1497
1498
1499
936_0
166
939_0
176
177
939_1
243
244
245
246
247
939_2
380
939_3
477
478
941_0
731
943_0
11
943_1
14
15
16
943_2
174
175
943_3
179
943_4
192
193
194
943_5
243
244
245
246
943_6
759
760
943_7
789
790
791
792
793
794
795
796
797
798
799
800
801
802
803
804
805
806
807
808
943_8
1106
943_9
1183
945_0
10
11
12
13
14
15
16
17
18
19
20
21
22
945_1
30
945_2
247
945_3
285
948_0
176
177
948_1
243
244
245
246
247
948_2
810
951_0
149
951_1
159
160
951_2
166
951_3
175
951_4
592
951_5
868
953_0
13
953_1
243
244
245
246
953_2
347
953_3
381
953_4
383
953_5
550
551
552
553
953_6
567
568
569
570
571
572
953_7
575
953_8
624
625
626
953_9
812
813
953_10
1002
954_0
78
954_1
88
954_2
176
177
954_3
186
187
954_4
287
954_5
546
954_6
735
954_7
1363
957_0
15
957_1
175
957_2
243
244
245
246
247
248
957_3
286
957_4
555
959_0
9
10
11
12
13
14
15
16
17
18
19
20
21
959_1
24
959_2
27
28
29
30
31
32
33
34
35
36
37
38
39
40
41
42
43
44
45
46
47
48
49
50
51
52
53
54
55
56
57
58
59
60
61
62
63
64
65
66
67
68
69
70
71
72
73
74
75
76
77
78
79
80
81
82
83
84
85
86
87
88
89
90
91
92
93
94
95
96
97
98
99
100
101
102
103
104
105
106
107
108
109
959_3
116
959_4
166
167
959_5
172
959_6
174
175
176
177
959_7
193
194
959_8
196
197
198
199
200
201
202
203
204
205
206
207
208
209
210
211
212
213
214
215
959_9
243
244
245
246
247
248
959_10
259
260
959_11
281
282
283
284
285
286
287
288
289
290
291
292
293
294
295
296
297
298
299
300
301
302
303
304
305
959_12
336
959_13
474
475
959_14
533
534
535
959_15
552
553
959_16
559
959_17
562
959_18
564
565
959_19
601
602
959_20
604
605
606
607
608
609
610
611
612
613
614
615
616
617
618
619
620
621
622
959_21
762
763
764
765
766
767
768
769
770
771
772
773
774
775
776
777
778
779
780
781
782
783
784
785
786
787
788
789
790
959_22
977
959_23
994
995
996
959_24
998
959_25
1069
959_26
1082
1083
959_27
1092
1093
1094
959_28
1103
1104
959_29
1106
1107
1108
1109
1110
1111
1112
959_30
1116
1117
959_31
1350
959_32
1368
959_33
1370
959_34
1397
959_35
1413
959_36
1426
963_0
187
963_1
191
192
963_2
243
244
245
246
247
248
966_0
176
177
966_1
193
194
966_2
243
244
967_0
163
164
967_1
1371
970_0
156
970_1
166
970_2
190
970_3
192
970_4
243
244
245
246
247
970_5
275
971_0
548
974_0
9
10
11
12
13
14
15
16
17
18
19
20
21
22
23
24
25
26
27
974_1
245
246
974_2
791
974_3
1362
976_0
28
976_1
176
177
976_2
243
244
245
246
247
248
978_0
179
180
978_1
245
978_2
574
980_0
243
244
245
246
983_0
193
194
983_1
247
986_0
106
986_1
166
986_2
173
174
175
176
177
986_3
243
244
245
246
247
248
986_4
284
285
286
287
288
289
290
291
292
293
988_0
181
988_1
635
988_2
1491
1492
989_0
119
991_0
166
991_1
180
991_2
243
244
991_3
246
991_4
812
813
991_5
985
992_0
243
244
245
246
247
992_1
1447
1448
1449
995_0
15
995_1
176
177
995_2
188
995_3
191
192
193
194
995_4
243
244
995_5
266
267
995_6
447
448
449
450
451
452
453
454
455
456
457
995_7
478
995_8
953
995_9
1436
997_0
243
997_1
245
246
997_2
549
550
997_3
627
998_0
243
244
245
246
247
248
998_1
627
1001_0
14
1001_1
870
1001_2
1291
1292
1003_0
166
1003_1
243
244
245
246
247
1005_0
9
10
11
12
13
14
15
16
17
18
19
20
21
22
1005_1
175
176
177
1005_2
1413
1009_0
190
191
1009_1
196
1009_2
243
244
245
246
247
248
1012_0
9
10
11
1012_1
20
1012_2
48
49
50
51
52
53
54
55
56
57
58
59
60
61
62
63
64
65
66
67
68
69
70
71
72
73
74
75
76
77
78
79
80
81
82
83
84
85
86
87
88
89
90
91
92
93
94
95
96
97
98
99
100
101
102
103
104
105
106
107
108
109
110
111
112
113
114
115
116
117
118
119
120
121
122
123
124
125
126
127
128
129
130
131
132
133
134
135
136
137
138
139
140
141
142
143
144
145
146
147
148
149
150
151
152
153
154
155
156
157
158
159
160
161
162
163
164
1012_3
166
167
168
169
170
171
172
173
174
175
176
177
1012_4
179
180
181
182
183
184
185
186
187
188
189
190
191
192
193
194
1012_5
196
197
198
199
200
201
202
1012_6
216
1012_7
223
224
225
226
227
228
229
230
231
232
233
234
235
236
237
238
239
240
241
1012_8
243
244
1012_9
246
247
248
249
250
251
252
253
254
255
256
257
258
259
260
1012_10
262
1012_11
265
266
267
1012_12
284
285
286
287
288
289
290
291
292
1012_13
319
1012_14
328
329
330
331
332
333
334
335
336
337
338
1012_15
365
366
1012_16
373
1012_17
406
407
408
409
410
411
412
413
414
415
416
417
418
419
420
421
422
423
424
425
426
427
428
429
430
431
432
433
434
435
436
437
438
439
440
441
442
443
444
445
446
447
448
449
450
451
452
1012_18
462
1012_19
468
469
470
471
472
473
474
475
1012_20
490
491
492
493
494
1012_21
524
1012_22
529
530
531
1012_23
534
1012_24
536
537
538
539
540
541
542
1012_25
555
556
557
558
559
560
561
562
563
564
565
1012_26
589
590
1012_27
592
1012_28
601
602
1012_29
667
668
669
670
671
672
673
674
675
676
677
678
679
680
681
682
683
684
685
686
687
688
689
690
691
692
693
694
695
696
697
698
699
700
701
702
703
704
705
706
707
708
709
710
711
712
713
714
715
716
717
718
719
720
721
722
723
724
725
726
727
728
729
730
731
732
733
1012_30
755
756
757
758
759
760
1012_31
779
1012_32
811
1012_33
855
1012_34
923
1012_35
977
978
979
980
981
982
983
1012_36
985
986
987
988
989
990
1012_37
994
995
996
1012_38
1006
1007
1012_39
1045
1012_40
1087
1088
1089
1090
1091
1012_41
1193
1012_42
1223
1012_43
1260
1012_44
1264
1012_45
1268
1269
1270
1271
1272
1273
1274
1275
1276
1277
1278
1279
1280
1281
1282
1283
1284
1285
1286
1012_46
1363
1012_47
1421
1422
1423
1424
1425
1426
1427
1428
1429
1430
1012_48
1437
1012_49
1439
1012_50
1443
1444
1445
1017_0
263
1017_1
536
1017_2
776
1017_3
869
1017_4
871
1017_5
873
1017_6
1480
1481
1020_0
246
247
1020_1
1484
1023_0
9
10
11
12
13
14
15
16
17
18
19
20
21
1023_1
66
1023_2
592
1026_0
176
177
1026_1
246
1026_2
785
1026_3
1362
1026_4
1447
1030_0
166
1030_1
810
811
812
813
1030_2
816
1030_3
1420
1032_0
176
177
1032_1
189
190
191
192
193
194
1032_2
246
247
248
1032_3
535
1034_0
477
478
479
480
1034_1
765
766
767
768
769
770
771
772
773
774
775
776
777
778
779
780
781
782
783
784
785
786
1037_0
176
177
1037_1
246
1037_2
1483
1039_0
246
247
1039_1
815
1042_0
11
1042_1
13
14
15
16
17
18
1044_0
175
176
177
1044_1
1479
1044_2
1490
1491
1492
1047_0
18
19
20
1047_1
166
1047_2
246
1051_0
15
1051_1
413
1052_0
11
12
1052_1
16
17
1052_2
21
1052_3
247
1052_4
549
1052_5
725
1052_6
792
1055_0
203
1055_1
243
1055_2
246
1055_3
574
1056_0
176
177
1056_1
771
1059_0
247
1059_1
1477
1059_2
1480
1481
1061_0
14
15
16
17
18
1061_1
243
1061_2
246
1061_3
771
1061_4
787
1061_5
825
826
827
828
1061_6
1410
1411
1063_0
10
11
12
13
14
15
16
1063_1
19
1063_2
667
1063_3
788
1063_4
948
949
950
951
952
953
954
955
956
957
1063_5
1451
1064_0
20
21
1064_1
166
1064_2
193
194
1064_3
552
553
1066_0
15
1066_1
175
176
177
1066_2
243
244
1066_3
1483
1484
1485
1486
1487
1488
1489
1490
1491
1492
1068_0
11
1068_1
13
1068_2
243
244
245
246
247
248
1068_3
551
1068_4
1409
1071_0
176
177
1071_1
272
273
1071_2
364
1071_3
575
1071_4
763
764
1073_0
33
1073_1
166
167
1073_2
243
244
245
246
1073_3
563
1073_4
762
763
1073_5
767
1075_0
764
765
766
1075_1
892
893
1076_0
247
1076_1
549
1078_0
174
175
176
177
1078_1
243
244
245
246
247
248
1078_2
493
494
1078_3
802
1078_4
891
1080_0
10
11
12
13
14
15
16
17
18
19
20
21
1084_0
166
1084_1
176
177
1084_2
243
244
245
246
247
1084_3
278
1084_4
533
1084_5
564
565
1084_6
634
1084_7
1037
1038
1039
1040
1041
1042
1043
1044
1084_8
1184
1086_0
196
1087_0
191
192
193
194
1090_0
243
244
245
246
247
248
1092_0
1413
1414
1415
1416
1093_0
179
1093_1
193
194
1094_0
15
1094_1
47
1094_2
190
1094_3
246
1094_4
867
868
869
870
871
872
873
874
875
876
877
878
1094_5
1183
1096_0
176
177
1096_1
243
244
245
246
247
1098_0
16
1098_1
202
1098_2
762
1098_3
789
1098_4
1371
1098_5
1417
1101_0
166
1101_1
243
244
245
246
247
248
1101_2
252
253
254
255
256
257
258
259
260
261
262
263
264
265
1101_3
269
1101_4
789
1101_5
793
1103_0
9
10
11
12
13
14
15
16
17
18
19
20
21
22
1103_1
40
41
42
43
44
45
46
47
1103_2
534
535
536
1103_3
561
1103_4
649
650
1103_5
762
763
764
765
766
767
768
769
770
771
772
773
774
775
776
777
778
779
780
781
782
783
784
785
786
787
788
789
790
791
792
793
794
795
796
797
798
799
800
801
802
803
804
805
806
807
808
1103_6
1393
1103_7
1401
1103_8
1409
1410
1411
1105_0
548
1107_0
243
244
245
246
1107_1
574
575
576
1111_0
65
66
67
68
69
70
71
72
1111_1
243
244
245
246
247
1111_2
345
1111_3
533
534
1111_4
537
1111_5
544
545
546
547
1111_6
552
553
1111_7
1062
1063
1064
1065
1066
1067
1111_8
1093
1094
1113_0
159
160
1113_1
243
1113_2
548
1116_0
166
167
1116_1
192
193
194
1116_2
770
1116_3
1180
1181
1116_4
1193
1117_0
176
177
1117_1
247
1119_0
243
244
245
246
247
248
249
1119_1
1451
1121_0
196
1123_0
66
1123_1
68
1123_2
104
1123_3
163
164
1123_4
193
194
1123_5
243
244
245
246
1123_6
285
286
287
1123_7
1432
1126_0
14
15
16
17
18
19
20
21
1126_1
23
1126_2
243
244
245
246
247
1126_3
735
1127_0
175
176
177
1127_1
246
1127_2
288
1127_3
567
1127_4
1233
1127_5
1452
1127_6
1467
1468
1469
1470
1471
1472
1473
1474
1475
1476
1477
1478
1479
1480
1481
1129_0
166
1129_1
243
244
245
246
1129_2
624
1129_3
1000
1130_0
247
248
1130_1
377
378
1130_2
574
1131_0
11
1131_1
13
1131_2
15
1131_3
24
1131_4
176
177
1131_5
842
843
1131_6
1414
1415
1416
1417
1418
1419
1420
1421
1422
1133_0
193
194
1133_1
243
244
245
246
247
1133_2
563
564
565
1133_3
628
1133_4
739
1133_5
1447
1448
1449
1134_0
179
1134_1
199
1134_2
571
572
1136_0
453
1136_1
667
1136_2
770
1136_3
1454
1138_0
243
244
1140_0
245
246
1141_0
243
244
1141_1
247
248
1141_2
1479
1142_0
196
197
1142_1
245
246
1142_2
266
267
1142_3
1451
1144_0
10
11
12
13
14
15
16
17
18
19
20
1144_1
64
1144_2
175
176
177
1144_3
201
202
203
204
205
206
207
1144_4
244
1144_5
247
1144_6
285
286
287
288
1144_7
370
371
1144_8
618
619
620
621
622
1144_9
624
625
626
627
628
629
630
631
632
1144_10
1097
1145_0
243
1147_0
10
11
1147_1
14
15
16
17
18
19
1147_2
21
1147_3
160
161
162
163
164
1147_4
166
167
168
1147_5
244
245
246
247
1147_6
735
1148_0
567
1149_0
81
1149_1
549
550
551
552
553
1149_2
992
993
994
995
996
997
998
999
1000
1001
1002
1003
1149_3
1480
1481
1151_0
13
1151_1
18
1151_2
190
1151_3
193
194
1151_4
243
1151_5
284
285
286
287
288
289
1153_0
176
177
1153_1
197
1153_2
244
1153_3
480
1153_4
1423
1153_5
1438
1153_6
1452
1155_0
190
191
192
193
194
1155_1
197
198
199
200
1155_2
243
244
245
246
1155_3
364
1155_4
545
1155_5
576
577
1155_6
1413
1155_7
1436
1437
1438
1439
1440
1441
1442
1443
1444
1445
1158_0
73
1158_1
103
1158_2
166
1158_3
196
1158_4
243
244
245
246
247
248
1158_5
854
1161_0
243
244
1163_0
20
1163_1
175
176
177
1163_2
240
241
1163_3
245
246
1165_0
243
244
1165_1
345
346
1165_2
1364
1167_0
15
16
1167_1
245
246
1167_2
285
286
287
288
1169_0
10
11
12
13
14
15
16
17
18
19
20
21
1169_1
166
1169_2
243
244
1169_3
247
1169_4
574
1171_0
80
81
82
83
84
85
86
87
88
89
90
91
92
93
94
95
96
97
98
99
100
101
102
103
104
105
106
107
108
109
110
1171_1
112
113
114
115
116
117
118
119
120
121
122
123
124
125
126
127
128
129
130
131
132
133
134
135
136
137
138
139
140
141
1171_2
166
167
168
169
1171_3
173
174
175
176
177
1171_4
179
180
181
1171_5
197
1171_6
201
202
1171_7
245
246
1171_8
289
290
1171_9
347
1171_10
413
414
415
1171_11
649
650
1171_12
735
736
737
738
739
740
741
742
743
744
745
746
747
1171_13
861
1171_14
1346
1347
1173_0
132
1173_1
158
1173_2
1432
1175_0
175
176
177
1175_1
571
572
1175_2
1463
1177_0
263
1177_1
810
1177_2
839
1180_0
176
177
1180_1
493
494
1180_2
589
590
1180_3
830
831
832
833
834
835
836
837
838
839
840
841
842
843
1180_4
848
849
850
851
852
853
854
855
856
857
858
859
860
861
862
863
864
865
866
867
868
1180_5
879
1180_6
1178
1179
1180
1181
1180_7
1183
1184
1185
1186
1180_8
1192
1180_9
1415
1416
1417
1180_10
1433
1434
1180_11
1479
1480
1481
1182_0
243
244
1184_0
14
15
1184_1
245
1185_0
13
1186_0
246
1186_1
345
1186_2
549
1188_0
166
1188_1
176
177
1188_2
243
244
245
246
247
1190_0
469
1190_1
634
635
636
1190_2
1451
1191_0
196
197
1192_0
193
194
1192_1
243
244
245
246
1195_0
11
1195_1
13
14
15
16
17
18
1195_2
105
1195_3
166
167
168
169
170
171
172
173
174
175
176
177
1195_4
192
1195_5
198
199
200
1195_6
203
204
1195_7
243
244
245
246
247
248
1195_8
258
259
260
1195_9
977
1195_10
1193
1195_11
1451
1452
1453
1454
1455
1456
1457
1458
1459
1460
1461
1462
1463
1464
1465
1466
1467
1468
1469
1470
1471
1472
1473
1474
1475
1476
1477
1478
1479
1480
1481
1195_12
1487
1195_13
1494
1199_0
193
194
1199_1
243
244
245
246
1199_2
272
273
1199_3
286
1202_0
247
1202_1
287
288
289
1202_2
639
1202_3
929
1204_0
19
20
1204_1
175
176
177
1204_2
197
1204_3
243
244
245
246
247
248
1204_4
284
285
286
1204_5
290
291
1204_6
293
1204_7
334
1204_8
555
556
557
558
559
560
561
562
563
564
565
1204_9
604
1204_10
667
668
669
670
671
672
673
674
1204_11
736
737
738
739
1204_12
815
816
817
818
819
820
821
822
823
824
825
826
827
828
1204_13
876
877
878
879
880
881
882
883
884
885
886
887
888
889
890
891
892
893
1204_14
1085
1086
1204_15
1103
1104
1204_16
1288
1289
1290
1291
1292
1204_17
1372
1204_18
1396
1204_19
1398
1399
1206_0
21
1206_1
205
1206_2
947
1206_3
1372
1207_0
15
16
1207_1
193
194
1207_2
286
1207_3
288
1208_0
192
1208_1
287
1208_2
291
1210_0
17
18
1210_1
243
1210_2
285
286
287
288
289
290
291
292
293
1210_3
667
1210_4
1198
1199
1211_0
20
1211_1
166
1211_2
176
177
1211_3
243
244
245
246
1211_4
289
1211_5
293
1211_6
490
1211_7
567
568
569
570
571
572
1211_8
1002
1003
1004
1005
1006
1007
1008
1009
1010
1211_9
1448
1449
1213_0
174
1213_1
188
1213_2
244
1213_3
247
1213_4
1001
1213_5
1196
1197
1214_0
243
1214_1
292
1214_2
1193
1194
1195
1196
1214_3
1198
1199
1216_0
10
11
12
13
14
15
16
17
18
19
20
21
1216_1
243
244
245
246
1216_2
412
1216_3
1191
1192
1216_4
1413
1414
1415
1416
1417
1418
1419
1420
1421
1422
1423
1424
1425
1221_0
16
1221_1
166
1221_2
173
174
175
176
177
1221_3
215
1221_4
243
244
245
246
247
248
1221_5
285
1221_6
380
1221_7
839
1223_0
9
10
11
12
13
14
15
16
17
18
19
20
21
22
23
24
25
26
27
28
29
30
31
32
33
34
35
36
37
38
39
40
41
42
43
44
45
46
47
48
49
50
51
52
53
54
55
56
57
58
59
60
61
62
63
64
65
66
67
68
69
70
71
72
73
74
75
76
77
78
79
80
81
82
83
84
85
86
87
88
89
90
91
92
93
94
95
96
97
98
99
100
101
102
103
104
105
106
107
108
109
110
111
112
113
114
115
116
117
118
119
120
121
122
123
124
125
126
127
128
129
130
131
132
133
134
135
136
137
138
139
140
141
142
143
144
145
146
147
148
149
150
151
152
153
154
155
156
157
158
159
160
161
162
163
164
1223_1
166
167
168
169
170
171
172
173
174
175
176
177
1223_2
179
180
181
182
183
184
185
186
187
188
189
190
191
192
193
194
1223_3
196
197
198
199
200
201
202
203
204
205
206
207
208
209
210
211
212
213
214
215
216
217
218
219
220
221
222
223
224
225
226
227
228
229
230
231
232
233
234
235
236
237
238
239
240
241
1223_4
243
244
245
246
247
248
249
250
251
252
253
254
255
256
257
258
259
260
261
262
263
264
265
266
267
1223_5
269
270
271
272
273
1223_6
284
285
286
287
288
289
290
291
292
293
294
295
296
297
298
299
1223_7
376
377
378
1223_8
387
1223_9
459
1223_10
465
466
1223_11
493
494
1223_12
519
520
521
522
523
524
525
526
527
528
529
530
531
1223_13
533
534
535
536
537
538
539
540
541
542
1223_14
544
545
546
547
548
1223_15
550
551
552
553
1223_16
555
556
1223_17
574
575
576
577
578
579
580
581
582
583
584
585
586
587
588
589
590
1223_18
592
593
594
595
596
597
598
599
600
601
602
1223_19
635
636
637
638
639
640
641
642
643
644
645
646
647
648
649
650
1223_20
675
1223_21
708
1223_22
714
715
716
717
718
719
720
721
722
723
724
725
726
727
728
729
730
731
732
733
1223_23
757
1223_24
770
1223_25
776
1223_26
869
1223_27
898
899
900
901
902
903
904
905
906
907
908
909
910
911
912
913
914
915
916
917
1223_28
977
978
979
980
981
982
983
1223_29
992
993
1223_30
1000
1001
1223_31
1015
1223_32
1087
1223_33
1116
1117
1118
1119
1120
1121
1223_34
1123
1124
1125
1223_35
1362
1363
1223_36
1368
1369
1370
1371
1372
1373
1374
1223_37
1376
1223_38
1393
1394
1395
1396
1397
1398
1399
1223_39
1401
1402
1403
1404
1405
1406
1407
1408
1409
1410
1411
1223_40
1414
1223_41
1416
1223_42
1426
1223_43
1429
1430
1223_44
1447
1448
1449
1223_45
1453
1223_46
1498
1499
1224_0
189
190
191
1224_1
1460
1230_0
549
1234_0
127
1234_1
176
177
1239_0
192
193
194
1239_1
341
1239_2
1454
1455
1241_0
166
1242_0
15
1243_0
568
1243_1
1491
1492
1245_0
155
1245_1
176
177
1249_0
175
1249_1
456
457
1251_0
10
11
12
13
14
15
16
17
18
19
20
21
1251_1
432
433
434
435
436
437
438
439
440
441
442
443
444
445
446
447
448
449
450
451
452
453
454
455
456
457
1251_2
762
1253_0
15
1253_1
176
177
1254_0
15
1254_1
247
1256_0
14
1256_1
193
194
1258_0
166
1260_0
192
1264_0
175
176
177
1267_0
193
194
1267_1
247
1268_0
10
11
12
13
14
15
16
17
18
19
20
21
1272_0
176
177
1272_1
469
1276_0
15
1276_1
166
1276_2
1480
1481
1278_0
196
1278_1
807
808
1278_2
1451
1452
1281_0
468
1283_0
18
1285_0
176
177
1288_0
19
1288_1
175
1288_2
247
1289_0
11
1289_1
13
14
15
16
17
18
19
20
21
1289_2
197
1289_3
895
1290_0
197
1291_0
190
191
192
193
194
1291_1
845
1291_2
1455
1292_0
80
81
82
83
84
85
86
87
88
89
90
91
92
93
94
95
96
97
98
99
100
101
102
103
104
105
106
107
1292_1
166
1292_2
174
175
176
177
1292_3
196
197
198
199
200
201
202
203
1292_4
568
569
1295_0
11
12
13
1295_1
15
1295_2
549
1295_3
1483
1299_0
246
247
1299_1
929
930
931
932
933
934
935
936
937
938
939
940
941
942
943
944
945
946
947
948
949
950
951
952
953
954
955
956
957
1299_2
1364
1302_0
1479
1303_0
166
167
1303_1
176
177
1303_2
179
1304_0
10
11
12
13
14
15
16
17
18
19
20
1308_0
176
177
1308_1
246
1308_2
634
1309_0
166
1309_1
173
174
175
176
177
1309_2
204
1309_3
246
247
248
1309_4
260
1309_5
926
927
1309_6
977
1309_7
1451
1452
1453
1454
1455
1456
1457
1458
1459
1460
1461
1462
1463
1464
1465
1466
1467
1468
1469
1470
1471
1472
1473
1474
1475
1476
1477
1478
1479
1480
1481
1310_0
363
1310_1
567
1312_0
196
1312_1
621
622
1312_2
667
1314_0
193
194
1314_1
300
1315_0
15
16
1315_1
956
957
1317_0
17
1317_1
246
247
1319_0
14
1319_1
21
1319_2
174
175
176
177
1319_3
1491
1492
1321_0
550
1321_1
804
1323_0
15
1324_0
11
1324_1
13
14
15
16
17
18
19
20
21
1324_2
192
1324_3
416
1326_0
166
1326_1
176
177
1326_2
246
1326_3
874
1327_0
193
194
1329_0
160
1329_1
830
1329_2
959
1332_0
179
1332_1
246
247
248
1332_2
762
763
764
765
766
767
768
769
1335_0
10
11
12
1335_1
15
16
17
18
1335_2
380
381
382
383
384
385
386
387
388
389
390
391
392
393
394
395
396
397
398
399
400
401
402
403
404
405
406
407
408
409
410
411
412
413
414
415
416
417
418
419
420
421
422
423
424
425
426
427
428
429
430
431
432
433
434
435
436
437
438
439
440
441
442
443
444
445
446
447
448
449
450
451
452
453
1335_3
459
460
461
462
463
464
465
466
1335_4
468
1335_5
474
475
1335_6
559
1335_7
604
1335_8
658
1335_9
763
1335_10
806
807
808
1338_0
192
1338_1
196
197
198
199
200
201
202
203
204
205
206
207
208
209
210
211
212
213
214
1338_2
755
756
1341_0
10
11
12
13
14
15
16
17
18
19
20
21
1341_1
175
176
177
1341_2
631
632
1344_0
166
1344_1
246
247
1344_2
1436
1346_0
193
194
1348_0
345
346
1348_1
529
1350_0
176
177
1350_1
215
1350_2
246
1350_3
287
1353_0
10
11
1353_1
13
14
15
16
17
18
1353_2
200
1353_3
529
530
531
1353_4
1480
1481
1353_5
1483
1355_0
11
12
1355_1
571
572
1357_0
17
1357_1
166
167
1357_2
347
1357_3
1092
1359_0
246
247
1359_1
839
840
1359_2
842
843
1359_3
1433
1434
1361_0
364
365
366
1361_1
477
1361_2
549
1361_3
1432
1433
1434
1362_0
175
176
177
1362_1
244
1362_2
1484
1367_0
166
167
1367_1
170
171
172
173
174
175
176
177
1367_2
179
180
181
182
183
184
185
186
187
188
189
190
191
192
193
194
1367_3
244
1367_4
246
247
248
1367_5
454
1367_6
973
974
975
1371_0
287
1371_1
617
618
619
620
621
622
1373_0
10
11
12
13
14
15
16
17
18
19
20
21
1373_1
104
1373_2
243
244
1373_3
246
247
1373_4
285
286
1373_5
1093
1094
1374_0
15
1374_1
196
197
198
199
200
201
202
203
1374_2
285
286
287
288
1377_0
105
106
107
108
109
110
111
1377_1
176
177
1377_2
196
1377_3
198
199
200
201
202
203
204
205
206
207
208
209
210
211
212
213
214
215
1377_4
243
244
1377_5
246
247
248
1377_6
373
374
375
376
377
378
1377_7
564
565
1377_8
752
753
1377_9
1032
1033
1034
1035
1377_10
1102
1379_0
244
1381_0
166
1381_1
243
1381_2
348
349
350
351
1381_3
567
568
569
570
571
572
1383_0
17
1383_1
167
1383_2
174
175
176
177
1383_3
244
1383_4
533
534
535
536
537
538
1383_5
605
1383_6
1465
1383_7
1483
1484
1485
1486
1487
1488
1489
1490
1491
1492
1384_0
17
1384_1
243
244
245
246
247
248
1386_0
15
16
1386_1
550
1386_2
555
1386_3
870
1388_0
163
164
1388_1
166
1388_2
176
177
1388_3
360
1390_0
14
1390_1
16
17
18
1390_2
243
244
245
246
247
1391_0
11
1391_1
15
1391_2
18
19
20
21
1394_0
14
1394_1
621
622
1394_2
1367
1396_0
240
241
1396_1
243
244
245
246
1396_2
363
1398_0
13
1398_1
17
1398_2
175
176
177
1398_3
196
197
1398_4
243
1398_5
604
1398_6
794
795
796
797
798
799
800
801
802
803
804
805
806
807
808
1398_7
1006
1007
1398_8
1480
1481
1399_0
10
11
12
13
14
15
16
17
1399_1
759
760
1401_0
193
194
1401_1
243
244
1401_2
1359
1360
1403_0
176
177
1403_1
243
244
245
246
247
248
1403_2
624
1403_3
1015
1407_0
160
1407_1
166
1407_2
1479
1410_0
15
1410_1
18
1410_2
176
177
1410_3
243
244
245
246
247
1410_4
496
1411_0
14
1411_1
16
1412_0
243
1414_0
244
1414_1
275
276
1414_2
557
1416_0
11
1416_1
13
14
15
16
17
1416_2
243
244
245
246
1417_0
15
1417_1
104
1417_2
247
1419_0
11
1419_1
15
16
17
18
19
20
21
1419_2
159
1419_3
166
167
1419_4
243
244
245
246
247
248
1419_5
574
1421_0
174
175
176
177
1421_1
193
194
1421_2
245
1421_3
627
1421_4
667
668
1421_5
670
671
672
673
674
675
676
677
678
1422_0
243
244
1422_1
549
1422_2
669
670
671
1425_0
10
11
12
13
14
1425_1
17
1425_2
166
1425_3
243
244
245
246
247
248
1425_4
634
1425_5
765
1425_6
1388
1427_0
151
1427_1
192
1427_2
197
1427_3
207
1427_4
955
956
957
1427_5
1487
1429_0
120
121
122
123
124
125
126
127
128
129
130
131
132
133
134
135
136
137
138
1429_1
176
177
1429_2
196
197
198
199
200
201
202
203
204
205
206
207
208
209
210
211
212
213
1429_3
243
244
245
246
247
1429_4
364
1429_5
758
759
760
1429_6
1383
1430_0
103
1431_0
10
11
12
13
14
15
16
17
18
19
20
1435_0
104
1435_1
175
176
177
1435_2
240
241
1435_3
243
244
245
246
1435_4
345
1435_5
972
1435_6
1480
1481
1438_0
166
1438_1
243
1438_2
246
1438_3
631
632
1440_0
176
177
1440_1
193
194
1440_2
244
245
246
247
1442_0
133
1442_1
183
1442_2
190
191
192
1442_3
243
244
1442_4
872
1444_0
244
245
246
247
1444_1
536
537
1444_2
547
1444_3
555
556
557
558
559
560
561
562
563
564
565
1444_4
624
625
626
627
628
629
630
631
632
1444_5
845
846
847
1444_6
1007
1444_7
1085
1444_8
1096
1444_9
1451
1452
1453
1454
1455
1456
1457
1458
1459
1460
1444_10
1463
1464
1465
1444_11
1498
1499
1445_0
166
1445_1
243
244
1445_2
551
1445_3
762
763
764
765
766
767
768
769
770
1447_0
15
1447_1
176
177
1447_2
245
246
247
1447_3
810
1448_0
179
1448_1
243
244
1448_2
248
1448_3
679
680
681
682
683
684
1448_4
810
811
812
813
1452_0
243
244
245
246
247
1454_0
10
11
12
13
14
15
16
17
18
19
20
21
1454_1
175
1454_2
248
1454_3
477
478
479
480
481
1454_4
757
1456_0
21
22
1456_1
552
553
1456_2
567
568
1456_3
848
1458_0
119
1458_1
166
167
168
1458_2
173
174
175
176
177
1458_3
188
189
190
191
192
193
194
1458_4
243
244
245
246
247
1458_5
260
1458_6
977
1458_7
1475
1476
1477
1478
1479
1480
1481
1460_0
192
1460_1
548
1461_0
15
16
1461_1
243
244
245
246
1461_2
248
1463_0
78
79
80
81
82
83
84
85
86
87
88
89
90
91
92
93
94
95
96
97
98
99
100
101
102
103
104
105
106
107
108
109
110
111
112
113
114
115
116
117
118
119
120
121
122
123
124
125
126
127
128
129
130
131
132
133
134
135
136
137
138
139
140
141
142
143
144
145
146
147
148
149
150
151
152
153
154
155
156
157
158
159
160
161
162
163
164
1463_1
166
167
168
169
170
171
172
173
174
175
176
177
1463_2
190
1463_3
196
197
1463_4
243
244
245
246
247
248
249
1463_5
251
1463_6
259
1463_7
269
1463_8
347
348
349
350
351
1463_9
353
1463_10
356
1463_11
368
369
370
371
1463_12
444
1463_13
529
1463_14
533
1463_15
550
551
552
553
1463_16
555
1463_17
557
558
559
560
1463_18
562
1463_19
568
569
570
1463_20
667
1463_21
685
1463_22
713
1463_23
735
1463_24
746
747
748
749
750
751
752
753
1463_25
977
978
1463_26
992
1463_27
995
996
1463_28
1003
1004
1005
1006
1007
1008
1009
1010
1463_29
1014
1015
1016
1017
1463_30
1027
1028
1029
1030
1463_31
1055
1463_32
1103
1104
1463_33
1383
1384
1385
1386
1463_34
1388
1389
1390
1391
1463_35
1472
1463_36
1474
1468_0
166
1468_1
331
332
333
334
335
336
337
338
1468_2
544
1469_0
14
1469_1
729
1469_2
1454
1473_0
10
11
12
13
14
15
16
17
18
19
20
21
1473_1
105
1473_2
549
1473_3
771
1473_4
830
1476_0
166
1476_1
176
177
1476_2
330
1476_3
334
1476_4
337
338
1478_0
239
240
241
1478_1
243
244
1478_2
455
456
457
1479_0
17
1481_0
193
194
1481_1
245
1483_0
179
1483_1
237
1483_2
243
244
1485_0
571
572
1485_1
956
957
1488_0
15
16
17
1488_1
176
177
1488_2
243
1488_3
556
1488_4
589
590
1488_5
1265
1266
1489_0
166
1489_1
192
1489_2
244
1489_3
346
1492_0
11
1492_1
13
14
15
1492_2
243
1493_0
244
1493_1
272
273
1496_0
243
244
1496_1
601
602
1497_0
15
16
17
18
1497_1
175
176
177
1497_2
245
246
1499_0
19
20
1499_1
243
244
1499_2
841
842
843
1500_0
193
194
1502_0
166
167
1502_1
245
246
1502_2
362
1505_0
10
11
12
13
14
15
16
17
18
19
20
21
1505_1
243
244
245
246
247
1505_2
359
1505_3
1461
1462
1507_0
14
1507_1
16
1507_2
176
177
1507_3
196
197
198
199
200
201
202
1507_4
205
1507_5
567
1507_6
620
621
622
1507_7
630
1507_8
1197
1509_0
15
1509_1
243
244
245
246
1512_0
187
1512_1
247
1512_2
530
531
1512_3
574
1512_4
604
605
606
607
608
609
610
611
612
613
614
615
616
617
618
619
620
621
622
1512_5
627
1512_6
870
1512_7
917
1512_8
1157
1512_9
1364
1512_10
1436
1514_0
166
1514_1
243
1514_2
246
1514_3
1444
1445
1516_0
176
177
1516_1
190
191
192
193
194
1516_2
243
244
245
246
247
1516_3
363
1516_4
770
1519_0
9
10
11
12
13
14
15
16
17
18
19
20
21
22
23
1519_1
40
41
42
43
44
45
46
47
48
49
50
51
52
53
54
55
56
57
58
59
60
61
62
63
64
65
66
67
68
69
70
71
72
73
74
75
76
77
78
79
80
81
82
83
84
85
86
87
88
89
90
91
92
93
94
95
96
97
98
99
100
101
102
103
104
105
106
107
108
109
1519_2
174
175
1519_3
198
1519_4
243
244
245
246
247
1519_5
365
366
1519_6
678
1519_7
765
1519_8
771
772
1519_9
793
1519_10
869
1519_11
996
997
1519_12
1452
1453
1454
1519_13
1471
1521_0
166
167
168
169
170
171
172
173
174
175
176
177
1521_1
179
180
181
182
183
184
185
186
187
188
189
190
191
192
193
194
1521_2
243
244
245
246
247
248
249
250
251
252
253
254
255
256
257
258
259
260
261
262
263
264
265
266
267
1521_3
454
1521_4
634
1521_5
977
978
979
980
981
982
983
1521_6
1365
1521_7
1451
1452
1453
1454
1455
1456
1457
1458
1459
1460
1461
1462
1463
1464
1465
1466
1467
1468
1469
1470
1471
1472
1473
1474
1475
1476
1477
1478
1479
1480
1481
1521_8
1491
1492
1523_0
9
10
11
1523_1
13
14
15
16
17
1526_0
239
1526_1
243
244
245
1526_2
249
1528_0
243
1529_0
176
177
1529_1
244
245
246
1529_2
1371
1530_0
528
1530_1
533
534
535
1530_2
547
548
1532_0
243
244
1532_1
287
1534_0
196
197
1534_1
245
246
1534_2
456
457
1534_3
539
1534_4
546
1536_0
166
1536_1
238
1536_2
243
244
1536_3
248
1536_4
360
1536_5
538
539
1537_0
11
12
1537_1
17
18
19
1537_2
175
176
177
1539_0
549
1539_1
561
1541_0
243
244
245
1541_1
592
1543_0
9
10
11
12
13
14
15
16
17
18
19
20
21
1543_1
246
247
1543_2
536
1543_3
727
1543_4
807
808
1545_0
14
15
1545_1
176
177
1545_2
199
1545_3
203
1545_4
243
244
245
1545_5
285
1545_6
536
1547_0
243
1547_1
246
1547_2
842
843
1549_0
15
16
1549_1
179
1549_2
244
1551_0
243
244
245
246
247
248
1553_0
193
194
1553_1
196
197
198
199
200
201
202
203
204
205
206
207
208
1553_2
285
286
287
288
289
1553_3
1096
1555_0
166
1555_1
175
176
177
1555_2
237
1555_3
243
244
245
246
247
248
1555_4
284
1555_5
1433
1434
1558_0
16
1558_1
1311
1560_0
243
244
1560_1
482
1563_0
176
177
1563_1
247
1563_2
287
1563_3
571
572
1565_0
243
244
1565_1
246
1565_2
345
346
1565_3
459
1565_4
493
494
1565_5
541
542
1565_6
763
1565_7
1002
1566_0
10
11
12
13
14
15
16
17
18
19
1568_0
236
1568_1
243
1568_2
245
246
247
1568_3
604
1568_4
667
668
669
670
671
672
673
674
675
676
677
678
679
680
681
682
683
684
685
686
687
688
689
690
691
692
693
694
695
696
1568_5
1288
1568_6
1340
1568_7
1369
1370
1572_0
193
194
1572_1
668
1574_0
166
1574_1
176
177
1574_2
243
244
1574_3
762
1576_0
13
1576_1
20
1576_2
192
1576_3
209
210
1576_4
246
1576_5
284
285
286
287
288
289
290
291
292
293
1576_6
1183
1578_0
243
244
245
246
247
248
1578_1
544
545
1578_2
804
1578_3
806
1580_0
15
1580_1
174
175
176
177
1580_2
211
1580_3
574
575
1580_4
789
790
791
792
793
794
795
796
797
798
799
800
801
802
803
804
805
806
807
808
1583_0
243
244
245
246
247
1583_1
290
1583_2
292
1583_3
300
301
1583_4
364
1583_5
492
493
494
1583_6
534
535
1583_7
538
539
540
541
542
1583_8
546
547
548
1583_9
562
1583_10
567
1583_11
1001
1583_12
1088
1089
1090
1091
1092
1093
1094
1583_13
1102
1584_0
193
194
1584_1
269
1584_2
291
1585_0
199
1585_1
202
1585_2
1000
1585_3
1483
1587_0
191
1587_1
196
197
198
199
200
201
202
203
204
1587_2
209
1587_3
243
244
245
246
247
1587_4
291
1587_5
461
1587_6
564
565
1587_7
762
763
764
765
766
767
768
769
770
771
772
773
774
775
776
777
778
779
780
781
782
783
784
785
786
787
788
1587_8
1056
1587_9
1198
1199
1589_0
9
10
11
12
13
14
15
16
17
18
19
20
21
22
23
24
25
1589_1
179
1589_2
243
244
245
246
247
248
1589_3
284
285
286
287
288
289
290
291
292
293
1589_4
340
341
342
343
1589_5
1219
1220
1221
1222
1223
1224
1225
1226
1589_6
1362
1363
1364
1365
1366
1367
1368
1369
1589_7
1460
1592_0
20
1592_1
302
1592_2
1429
1430
1595_0
156
1595_1
166
1595_2
176
177
1595_3
192
1595_4
243
244
245
246
1595_5
1055
1595_6
1057
1595_7
1458
1598_0
190
1598_1
196
1598_2
243
1598_3
247
1598_4
959
1599_0
243
244
245
246
1600_0
193
194
1600_1
571
572
1600_2
589
590
1600_3
1480
1481
1602_0
347
1602_1
729
1602_2
788
1602_3
845
846
847
848
849
850
851
852
853
854
855
856
857
858
859
860
861
862
863
864
865
866
867
868
869
870
871
872
873
874
875
876
877
878
879
880
1602_4
895
1602_5
956
957
1604_0
166
1604_1
199
1604_2
243
244
245
246
247
248
1604_3
788
1606_0
176
177
1606_1
243
244
1606_2
336
337
338
1610_0
15
1610_1
19
1610_2
243
244
245
246
247
1610_3
496
497
1610_4
549
1610_5
638
1610_6
788
1610_7
1428
1612_0
166
1612_1
190
191
192
193
194
1612_2
200
1612_3
574
1612_4
634
1614_0
556
1614_1
788
1616_0
175
176
177
1616_1
243
244
245
246
247
248
249
1616_2
544
1616_3
563
564
565
1618_0
9
10
11
12
13
14
15
16
17
18
19
20
21
1618_1
42
43
44
45
46
47
48
49
50
51
52
53
54
55
56
57
58
59
60
61
62
63
64
65
66
67
68
69
70
71
72
73
74
75
76
77
78
79
80
81
82
83
84
85
86
87
88
89
90
91
92
93
94
95
96
97
98
99
100
101
102
103
104
105
106
107
1618_2
196
197
198
199
200
201
202
203
204
205
206
207
208
209
210
211
212
213
214
215
216
1618_3
239
1618_4
243
244
245
246
247
248
249
1618_5
284
285
286
287
288
289
290
291
292
293
294
1618_6
353
354
355
356
357
358
359
360
361
362
363
364
365
366
1618_7
592
1618_8
630
631
632
1618_9
709
710
711
712
713
714
715
716
717
718
719
720
721
722
723
724
725
726
727
728
729
730
731
732
733
1618_10
755
756
757
758
759
760
1618_11
765
766
1618_12
992
993
994
995
996
1618_13
1012
1013
1618_14
1059
1060
1618_15
1163
1164
1165
1618_16
1197
1618_17
1259
1618_18
1456
1618_19
1461
1619_0
166
167
1619_1
172
173
174
175
176
177
1619_2
179
180
181
182
183
184
185
186
187
1619_3
192
1619_4
199
1619_5
210
211
212
213
214
1619_6
226
227
228
229
230
231
232
233
234
235
236
237
238
239
240
241
1619_7
243
1619_8
248
249
250
1619_9
259
260
1619_10
272
273
1619_11
286
287
288
289
290
1619_12
697
1619_13
1477
1619_14
1479
1622_0
193
194
1622_1
292
1622_2
1056
1625_0
1490
1491
1492
1628_0
176
177
1628_1
284
285
286
287
288
289
290
291
292
293
1628_2
295
1630_0
68
1632_0
169
170
171
172
173
174
175
176
177
1632_1
196
197
198
199
200
201
202
203
204
205
206
207
208
209
210
211
212
213
214
215
1632_2
248
249
250
1632_3
256
257
258
259
260
1632_4
269
270
271
272
273
1632_5
284
285
286
287
288
289
290
291
292
293
1632_6
301
1632_7
533
1632_8
683
1632_9
981
982
983
1632_10
1058
1632_11
1451
1452
1453
1454
1455
1456
1457
1458
1459
1460
1461
1462
1463
1464
1465
1466
1467
1468
1469
1470
1471
1472
1473
1474
1475
1476
1477
1478
1479
1480
1481
1632_12
1483
1632_13
1494
1495
1496
1497
1498
1499
1633_0
163
164
1633_1
166
1636_0
15
1636_1
477
1636_2
589
590
1636_3
830
1636_4
1447
1638_0
176
177
1638_1
616
1643_0
193
194
1643_1
616
1643_2
956
957
1645_0
601
602
1645_1
1111
1112
1645_2
1491
1492
1646_0
14
15
16
1648_0
13
1648_1
16
17
18
19
1648_2
201
1648_3
482
1649_0
176
177
1649_1
549
1651_0
166
1651_1
345
346
347
348
1651_2
385
1651_3
550
1651_4
624
1651_5
997
998
999
1000
1001
1002
1003
1004
1653_0
1480
1481
1655_0
162
1655_1
217
1655_2
1198
1199
1657_0
9
10
11
12
13
14
15
16
17
18
19
20
21
22
1657_1
80
81
82
1657_2
166
167
1657_3
173
174
175
176
177
1657_4
185
1657_5
187
188
189
190
191
192
193
194
1657_6
680
681
682
683
684
685
686
687
688
689
690
691
692
693
694
695
696
697
698
699
700
701
702
703
704
705
706
707
708
709
710
711
712
713
1657_7
1005
1657_8
1432
1433
1434
1657_9
1442
1443
1444
1445
1661_0
285
1661_1
1106
1663_0
567
1666_0
175
176
177
1666_1
206
1666_2
1066
1067
1666_3
1116
1669_0
70
1669_1
284
285
286
287
288
289
290
291
292
293
1669_2
815
1669_3
1055
1056
1057
1058
1059
1060
1670_0
163
164
1670_1
465
466
1671_0
65
1671_1
166
1673_0
652
1675_0
176
177
1675_1
449
450
451
452
453
454
455
456
457
1675_2
548
1675_3
561
1675_4
563
1675_5
629
630
631
632
1675_6
1096
1097
1098
1099
1100
1101
1102
1675_7
1489
1677_0
15
16
1681_0
287
1681_1
667
1681_2
1183
1683_0
14
15
1683_1
17
1683_2
166
1683_3
196
1683_4
1211
1683_5
1427
1683_6
1448
1449
1687_0
63
1687_1
174
175
176
177
1687_2
179
1687_3
193
194
1687_4
284
285
286
287
288
289
290
291
292
293
294
295
296
297
298
299
300
301
302
303
1687_5
571
572
1687_6
1359
1360
1687_7
1468
1690_0
10
11
12
13
14
15
16
17
18
19
20
21
1690_1
55
1691_0
160
1691_1
528
529
530
531
1691_2
784
1691_3
1436
1694_0
176
177
1694_1
196
197
198
199
200
201
202
203
204
205
206
207
208
209
210
211
212
213
214
215
1694_2
248
1694_3
287
288
289
290
291
292
293
1694_4
385
1694_5
533
1694_6
757
1694_7
1262
1696_0
562
1696_1
564
565
1699_0
16
1699_1
18
1699_2
166
1699_3
176
177
1699_4
604
1699_5
1190
1702_0
19
1702_1
175
1702_2
286
1702_3
649
650
1703_0
15
1703_1
184
1703_2
1480
1481
1704_0
11
1704_1
16
17
18
1704_2
477
478
1704_3
563
1704_4
762
763
764
765
766
767
768
769
770
771
772
773
774
775
776
777
778
779
780
781
782
783
784
785
786
787
788
789
790
791
792
793
794
795
796
797
798
799
800
801
802
803
804
805
806
807
808
1704_5
1103
1104
1705_0
11
1705_1
13
14
15
1705_2
300
1705_3
477
1707_0
19
20
21
1708_0
176
177
1710_0
15
1710_1
104
1710_2
166
167
168
169
170
171
172
173
174
175
176
177
1710_3
179
180
181
182
183
184
185
186
1710_4
190
191
192
193
194
1710_5
260
1710_6
574
1710_7
654
1710_8
1302
1711_0
347
1711_1
589
590
1711_2
601
602
1712_0
69
1712_1
549
1712_2
564
565
1712_3
567
568
1712_4
588
589
590
1712_5
996
1712_6
998
1712_7
1002
1712_8
1106
1107
1108
1109
1110
1111
1112
1716_0
576
1716_1
668
1717_0
284
285
286
287
288
289
290
291
292
293
1717_1
842
843
1717_2
929
1717_3
1413
1718_0
10
11
12
13
14
15
16
17
18
19
20
1718_1
667
668
669
670
671
672
673
674
675
676
677
678
679
680
1718_2
810
811
812
813
1718_3
865
1718_4
1174
1718_5
1201
1202
1718_6
1479
1720_0
176
177
1720_1
681
1720_2
1187
1720_3
1483
1721_0
9
10
11
12
13
14
15
16
17
18
19
20
21
22
23
24
25
26
27
28
29
30
31
32
33
34
35
36
37
38
39
40
41
42
43
44
45
46
47
48
49
50
51
52
53
54
55
56
57
58
59
60
61
62
63
64
65
66
67
68
69
70
71
72
73
74
75
76
77
78
79
80
81
82
83
84
85
86
87
88
89
90
91
92
93
94
95
96
97
98
99
100
101
102
103
104
105
106
107
108
109
110
111
112
113
114
115
116
117
118
119
120
121
122
123
124
125
126
127
128
129
130
131
132
133
134
135
136
137
138
139
140
141
142
143
144
145
146
147
148
149
150
151
152
153
154
155
156
157
158
159
160
161
162
163
164
1721_1
166
167
168
169
170
171
172
173
174
175
176
177
1721_2
196
1721_3
207
208
209
210
211
212
213
214
215
216
217
218
219
220
221
222
223
224
225
226
227
228
229
230
231
1721_4
243
244
245
246
247
248
249
250
251
252
253
254
255
256
257
258
259
260
1721_5
275
1721_6
284
285
286
287
288
289
290
291
1721_7
297
298
299
300
1721_8
302
1721_9
328
329
330
331
332
333
334
335
336
337
338
1721_10
345
346
1721_11
349
350
351
1721_12
383
384
385
386
387
1721_13
410
411
1721_14
436
437
1721_15
445
1721_16
448
1721_17
459
460
461
462
463
464
465
466
1721_18
468
469
470
1721_19
477
478
479
480
481
482
483
484
485
486
487
488
489
490
491
492
493
494
1721_20
517
518
519
520
521
522
523
524
525
526
527
528
529
1721_21
533
534
535
536
537
538
539
540
541
542
1721_22
544
545
546
547
548
1721_23
550
551
552
553
1721_24
555
556
1721_25
563
1721_26
567
568
569
570
571
572
1721_27
587
1721_28
592
593
594
595
596
597
598
599
600
601
602
1721_29
604
605
606
607
608
609
610
611
612
613
614
615
616
617
618
1721_30
624
625
626
627
628
1721_31
673
674
675
676
1721_32
696
1721_33
699
700
1721_34
713
714
715
716
717
718
719
720
721
722
723
1721_35
735
1721_36
740
741
742
1721_37
756
1721_38
780
781
1721_39
804
1721_40
895
896
897
898
899
900
901
902
903
904
905
906
907
908
909
910
911
912
913
914
915
916
917
918
919
920
921
922
923
924
925
926
927
1721_41
977
978
979
980
981
982
983
1721_42
995
1721_43
1003
1004
1005
1006
1007
1721_44
1014
1721_45
1069
1070
1071
1721_46
1082
1083
1721_47
1085
1086
1087
1721_48
1103
1104
1721_49
1121
1122
1721_50
1124
1125
1721_51
1370
1371
1372
1373
1374
1721_52
1377
1378
1379
1380
1381
1721_53
1401
1721_54
1404
1405
1406
1407
1408
1409
1410
1411
1721_55
1413
1721_56
1420
1421
1422
1423
1424
1425
1426
1427
1428
1429
1430
1721_57
1447
1448
1449
1721_58
1468
1721_59
1483
1484
1485
1486
1487
1488
1489
1490
1491
1492
1725_0
243
244
1726_0
245
246
1729_0
176
177
1729_1
193
194
1729_2
243
244
245
246
247
1732_0
192
1732_1
664
665
1734_0
166
1734_1
243
244
245
246
1734_2
1436
1735_0
179
1735_1
247
248
1740_0
175
176
177
1740_1
243
244
245
246
247
248
1740_2
1127
1741_0
193
194
1741_1
436
1743_0
15
1743_1
971
1743_2
974
975
1746_0
243
244
245
246
1746_1
1480
1481
1749_0
166
1749_1
176
177
1749_2
243
1749_3
247
248
1749_4
673
1750_0
243
244
245
246
247
1750_1
263
1751_0
191
1751_1
549
1753_0
192
1753_1
244
1755_0
11
1755_1
13
14
15
16
17
18
19
20
1755_2
193
194
1755_3
243
244
245
246
247
248
1755_4
1451
1452
1453
1454
1455
1456
1457
1458
1459
1757_0
243
244
245
246
1757_1
621
622
1758_0
15
1760_0
175
176
177
1760_1
243
1760_2
624
1762_0
166
1762_1
243
244
245
246
247
1763_0
14
1763_1
240
241
1765_0
179
1767_0
243
244
245
246
1767_1
619
1770_0
21
1770_1
166
167
168
169
170
171
172
173
174
175
176
177
1770_2
179
180
181
182
183
184
185
186
187
188
189
190
191
192
193
194
1770_3
243
244
245
246
247
248
249
1770_4
260
1770_5
977
978
979
980
981
982
983
1770_6
1143
1771_0
15
1771_1
1477
1773_0
9
10
11
12
13
14
15
16
17
18
19
20
21
22
23
24
25
26
27
28
29
30
31
32
33
34
35
36
1773_1
380
1773_2
535
1773_3
556
1773_4
827
828
1773_5
1122
1123
1775_0
243
244
1776_0
243
244
245
246
247
248
1778_0
176
177
1778_1
243
244
245
246
247
248
249
250
251
252
253
254
255
256
257
258
259
260
261
262
263
264
265
266
267
1778_2
956
957
1782_0
1460
1784_0
243
244
1784_1
574
1785_0
166
1785_1
245
246
1785_2
755
1786_0
247
1786_1
830
1788_0
243
244
245
246
1788_1
1463
1788_2
1473
1474
1475
1476
1477
1478
1479
1480
1481
1791_0
196
1792_0
193
194
1792_1
634
1794_0
243
244
245
246
247
248
1795_0
15
1796_0
1454
1799_0
166
1799_1
188
1799_2
243
1799_3
299
300
301
302
303
304
305
1803_0
243
244
245
246
247
1803_1
380
381
382
1803_2
575
1805_0
11
1805_1
13
14
15
16
17
18
19
20
1805_2
176
177
1805_3
199
1805_4
536
1805_5
589
590
1806_0
190
191
192
193
194
1806_1
459
1806_2
929
1808_0
166
1808_1
176
177
1808_2
243
244
245
246
1810_0
176
177
1810_1
206
1810_2
247
248
1810_3
621
622
1810_4
1369
1811_0
191
1811_1
196
197
1811_2
243
244
1812_0
15
1812_1
245
246
247
1812_2
348
1812_3
627
628
629
630
631
632
1812_4
670
1812_5
815
1814_0
14
1814_1
239
1814_2
243
244
1814_3
249
1814_4
403
404
1814_5
436
1814_6
634
635
636
637
638
639
640
1815_0
240
241
1815_1
411
1815_2
530
531
1815_3
972
1816_0
409
1818_0
243
244
245
246
1818_1
755
756
757
1818_2
804
1823_0
166
1823_1
175
176
177
1823_2
243
244
245
246
1823_3
549
1823_4
676
677
1827_0
10
11
12
13
14
15
16
17
18
19
20
21
1827_1
243
244
1829_0
104
1829_1
245
246
1829_2
298
1829_3
474
475
1829_4
624
1831_0
176
177
1831_1
243
244
1831_2
287
1833_0
245
1833_1
292
1833_2
574
1835_0
243
244
245
246
247
1837_0
166
1837_1
237
1837_2
247
1840_0
243
244
1840_1
564
565
1842_0
176
177
1843_0
193
194
1843_1
196
197
198
199
200
201
202
203
204
205
206
207
208
1843_2
293
1843_3
1456
1845_0
243
244
245
246
247
248
1845_1
550
1845_2
762
1845_3
1051
1052
1053
1847_0
15
1847_1
197
1847_2
243
1850_0
175
1850_1
244
1850_2
287
1850_3
575
1850_4
620
1850_5
959
1851_0
16
1851_1
179
1851_2
243
244
245
246
247
1851_3
807
808
1853_0
176
177
1853_1
285
286
287
288
289
290
291
292
293
1853_2
552
553
1853_3
1480
1481
1855_0
14
1855_1
166
1855_2
243
1855_3
286
1855_4
289
1855_5
555
1857_0
243
244
245
246
247
248
1857_1
286
1857_2
952
953
1858_0
15
1858_1
196
1862_0
11
1862_1
13
14
15
16
17
18
19
1862_2
103
1862_3
243
244
245
246
1862_4
649
650
1864_0
11
12
1864_1
175
176
177
1864_2
246
247
1865_0
193
194
1865_1
970
1866_0
180
1866_1
287
1867_0
190
191
192
193
194
1867_1
243
244
245
246
1867_2
530
531
1867_3
625
1869_0
166
167
1869_1
243
1869_2
284
285
286
287
288
289
290
291
1872_0
16
17
1872_1
20
1872_2
163
164
1872_3
243
244
245
246
247
248
1872_4
292
1872_5
617
618
619
620
621
622
1872_6
989
990
1873_0
15
1873_1
1198
1199
1875_0
16
1875_1
18
1875_2
87
88
89
90
91
92
93
94
95
96
97
98
99
100
101
102
103
104
105
106
107
1875_3
166
167
1875_4
174
175
176
177
1875_5
197
1875_6
203
1875_7
209
1875_8
243
244
245
246
247
248
249
1875_9
258
259
260
1875_10
288
289
290
291
292
293
1875_11
334
1875_12
667
668
669
670
671
672
673
674
675
676
677
678
679
680
681
682
683
684
685
686
687
688
689
690
691
692
693
694
695
696
697
698
699
700
701
702
703
704
705
706
707
708
709
710
711
712
713
714
1875_13
1368
1875_14
1451
1452
1453
1454
1455
1456
1457
1458
1459
1460
1461
1462
1463
1464
1465
1466
1467
1468
1469
1470
1471
1472
1473
1474
1475
1476
1477
1478
1479
1480
1481
1875_15
1483
1877_0
14
1877_1
679
680
681
682
683
684
685
686
687
688
1877_2
830
831
832
833
834
835
836
837
838
839
840
841
842
843
1877_3
848
849
850
851
852
853
854
855
856
857
858
859
860
861
862
863
864
865
866
867
868
1877_4
881
882
883
884
885
886
887
888
889
890
891
892
893
1877_5
929
930
931
932
933
934
935
936
937
938
939
940
941
942
943
944
945
946
947
948
949
950
951
952
953
954
955
956
957
1880_0
15
1880_1
85
86
87
88
89
90
91
92
93
94
95
96
97
98
99
100
101
102
103
104
105
106
107
1880_2
125
126
127
128
129
1880_3
139
1880_4
175
176
177
1880_5
179
1880_6
189
1880_7
196
197
198
199
200
201
202
203
204
205
206
207
208
209
210
211
212
213
214
215
216
217
218
219
220
221
222
223
224
225
226
227
228
229
230
231
232
233
234
235
236
237
238
239
240
241
1880_8
243
244
245
246
247
248
249
250
251
252
253
254
255
256
257
258
259
260
1880_9
275
276
277
278
279
280
281
282
283
284
285
286
287
288
289
290
291
292
293
294
295
296
297
298
299
300
301
302
303
304
305
306
307
308
309
310
311
312
313
314
315
316
317
318
319
320
321
322
323
324
325
326
327
328
329
330
331
332
333
334
335
336
337
338
1880_10
462
463
464
465
466
1880_11
468
469
470
471
472
473
474
475
1880_12
529
530
531
1880_13
533
1880_14
550
551
552
553
1880_15
555
556
557
558
559
560
561
562
563
564
565
1880_16
589
590
1880_17
601
602
1880_18
635
636
1880_19
688
1880_20
752
753
1880_21
757
758
759
760
1880_22
847
1880_23
960
1880_24
992
993
994
995
996
997
998
999
1000
1001
1002
1880_25
1058
1059
1060
1880_26
1452
1880_27
1467
1885_0
21
1888_0
10
11
12
13
14
15
16
17
18
19
20
21
1888_1
549
1891_0
560
1895_0
11
1895_1
14
15
16
17
1895_2
729
1895_3
1337
1895_4
1339
1895_5
1350
1896_0
13
1896_1
188
189
190
191
192
193
194
1896_2
348
1896_3
357
1896_4
756
1896_5
815
1898_0
345
1898_1
347
1898_2
534
1898_3
624
625
626
627
1898_4
732
733
1898_5
1097
1903_0
287
1903_1
628
1903_2
800
801
802
803
804
805
806
807
808
1903_3
985
1903_4
1491
1492
1905_0
18
1905_1
272
273
1905_2
293
1907_0
574
1908_0
180
1908_1
571
572
1909_0
176
177
1909_1
179
1912_0
19
1912_1
269
1912_2
284
285
286
287
288
289
290
291
292
293
1912_3
567
1912_4
601
602
1914_0
15
16
1914_1
176
177
1914_2
179
180
181
182
183
184
185
1914_3
271
1914_4
634
1916_0
14
1916_1
17
1916_2
104
1916_3
762
763
1918_0
10
11
12
13
14
15
16
17
18
19
20
21
1918_1
196
1918_2
278
1918_3
575
1918_4
1338
1921_0
574
575
576
577
578
579
1923_0
459
1926_0
176
177
1926_1
197
1926_2
444
1926_3
673
1926_4
1340
1929_0
286
287
288
289
1929_1
347
1931_0
193
194
1931_1
285
1931_2
812
813
1934_0
99
1934_1
166
1934_2
287
1934_3
290
291
1934_4
535
1934_5
568
1935_0
1454
1937_0
175
176
177
1937_1
179
1937_2
284
285
286
287
288
289
290
1937_3
292
1937_4
762
1937_5
1433
1434
1937_6
1444
1445
1941_0
15
1941_1
288
1941_2
293
1941_3
456
457
1941_4
1451
1452
1453
1454
1455
1456
1944_0
196
1944_1
246
247
1944_2
285
1944_3
291
292
1944_4
816
817
1944_5
827
828
1944_6
1451
1945_0
196
1947_0
197
1947_1
455
1947_2
765
1947_3
959
1950_0
166
1950_1
176
177
1950_2
199
1950_3
286
287
288
289
290
291
292
293
1950_4
533
534
535
536
537
538
539
540
541
542
1950_5
799
1950_6
1072
1951_0
16
1951_1
246
1952_0
11
1952_1
13
14
15
16
17
18
19
20
21
1952_2
247
1953_0
166
1953_1
173
174
175
176
177
1953_2
184
185
186
187
188
189
190
191
192
193
194
1953_3
544
1955_0
246
1957_0
183
1957_1
198
1957_2
247
1957_3
284
285
286
287
288
289
290
291
1957_4
346
347
348
1957_5
549
550
1958_0
345
1958_1
1480
1481
1960_0
84
85
86
87
88
89
90
91
92
93
94
95
96
97
98
99
100
101
102
103
104
105
106
107
1960_1
246
1960_2
292
1960_3
347
1960_4
459
460
461
462
463
1960_5
604
1960_6
729
1960_7
985
986
987
988
989
990
1960_8
1016
1017
1960_9
1023
1024
1025
1962_0
176
177
1962_1
196
197
198
199
200
201
202
1962_2
373
1962_3
807
808
1964_0
10
11
12
13
14
15
16
17
18
1964_1
118
119
120
121
122
123
124
125
126
127
128
129
130
131
132
133
134
135
136
137
138
139
140
141
1964_2
166
1964_3
377
378
1964_4
974
975
1964_5
1268
1269
1270
1271
1272
1273
1274
1275
1276
1277
1278
1279
1280
1281
1282
1283
1284
1285
1286
1287
1288
1289
1290
1291
1292
1966_0
158
159
160
161
162
163
164
1966_1
166
167
1966_2
173
174
175
176
177
1966_3
667
668
669
670
671
672
673
674
675
676
677
678
679
680
681
682
683
684
685
686
687
688
689
690
691
692
693
694
695
696
697
1966_4
825
1966_5
846
1966_6
1444
1445
1967_0
179
1971_0
14
15
16
1971_1
346
1971_2
567
1972_0
11
1972_1
17
1972_2
1451
1974_0
272
273
1976_0
19
20
1976_1
176
177
1976_2
345
1976_3
347
1976_4
571
572
1976_5
670
671
1976_6
815
816
817
818
819
820
821
1978_0
18
1978_1
246
1978_2
815
1978_3
1429
1430
1981_0
196
197
1981_1
284
285
286
287
288
289
290
291
292
293
294
295
296
297
298
299
300
301
302
303
304
305
1981_2
648
1981_3
1483
1983_0
172
173
174
175
176
177
1983_1
246
247
1983_2
269
270
271
272
273
1983_3
629
630
631
632
1983_4
982
983
1983_5
1183
1184
1185
1186
1187
1188
1189
1190
1191
1192
1193
1194
1195
1196
1197
1198
1199
1983_6
1432
1985_0
13
1985_1
15
1985_2
198
199
1985_3
246
1987_0
166
1987_1
559
1988_0
548
1988_1
560
1988_2
1479
1990_0
193
194
1990_1
664
665
1990_2
945
1990_3
1480
1481
1992_0
10
11
12
13
14
15
16
17
18
19
20
21
1995_0
246
247
1995_1
1019
1020
1021
1999_0
587
588
589
590
1999_1
592
1999_2
628
1999_3
631
632
1999_4
698
1999_5
721
722
723
724
725
726
727
728
729
730
731
732
733
1999_6
806
1999_7
1436
1437
1438
1439
1440
1441
1442
1443
1444
1445
1999_8
1452
2000_0
99
100
2000_1
176
177
2000_2
199
200
201
2000_3
203
2000_4
246
2002_0
1477
2002_1
1491
1492
2004_0
166
2004_1
179
2006_0
14
15
2006_1
477
