 1 2 1 1    714 Helvetia fault                                
 6.5 1.8152085E-5 1.0
 60.0 17.320515 0.0E+0 13.634714
 2
      45.52151     -122.89687
      45.63561     -122.96101
 1 3 1 1    834 Paulina Marsh fault                           
 6.5 3.671544E-4 1.0
 50.0 19.58112 0.0E+0 10.417054
 5
      43.23133     -121.03800
      43.18938     -121.00404
      43.17627     -120.99614
      43.15785     -120.99407
      43.14869     -120.98311
 1 3 1 1    865 Mount Hood fault                              
 6.5 2.1522024E-4 1.0
 50.0 19.58112 0.0E+0 11.067698
 5
      45.33106     -121.80505
      45.32917     -121.81637
      45.33447     -121.82940
      45.35469     -121.85689
      45.38604     -121.91735
 1 2 1 1    874 Bolton fault                                  
 6.5 1.123527E-5 1.0
 60.0 17.320515 0.0E+0 9.088407
 5
      45.40895     -122.68889
      45.40248     -122.66184
      45.37463     -122.63112
      45.36510     -122.61495
      45.36169     -122.59914
 1 3 1 1    878 Grant Butte fault                             
 6.5 1.2542451E-4 1.0
 50.0 19.58112 0.0E+0 9.381752
 5
      45.49852     -122.43015
      45.48837     -122.45486
      45.48828     -122.47085
      45.47812     -122.49762
      45.47624     -122.54281
 1 2 1 1    885 Yaquina faults                                
 6.5 4.6690617E-4 0.5
 60.0 17.320515 0.0E+0 8.183252
 3
      44.64163     -123.98544
      44.63211     -124.03198
      44.60884     -124.07619
 1 2 1 1    886 Waldport fault                                
 6.5 1.9394253E-4 1.0
 60.0 17.320515 0.0E+0 14.567752
 4
      44.33878     -124.08858
      44.42179     -124.06396
      44.45135     -124.06020
      44.46635     -124.05067
 1 2 1 1    890 South Slough thrust and reverse faults        
 6.5 6.4626813E-4 1.0
 60.0 17.320515 0.0E+0 10.961466
 3
      43.28865     -124.29809
      43.27778     -124.30994
      43.19504     -124.33474
 1 1 1 1    OR4 Sandy River fault zone                        
 6.5 1.8942907E-5 1.0
 90.0 15.0 0.0E+0 16.6002
 2
      45.54631     -122.38145
      45.43931     -122.23296
 1 2 1 1    newWA3 Boundary Creek fault, Kendall scarp        
 6.5 1.040986E-4 1.0
 60.0 17.320515 0.0E+0 4.3787736
 2
      48.90888     -122.08021
      48.90965     -122.14011
