normDistAlong	normRI	fraction
0.0125	0.05	0.07578983
0.0125	0.15	0.015408008
0.0125	0.25	0.022402434
0.0125	0.35	0.030207805
0.0125	0.45	0.03784423
0.0125	0.55	0.05446866
0.0125	0.65	0.074032776
0.0125	0.75	0.088089205
0.0125	0.85	0.10694374
0.0125	0.95	0.097246155
0.0125	1.05	0.089407
0.0125	1.15	0.070856564
0.0125	1.25	0.05761108
0.0125	1.35	0.045987498
0.0125	1.45	0.036762968
0.0125	1.55	0.02851833
0.0125	1.65	0.020172326
0.0125	1.75	0.014090218
0.0125	1.85	0.010136847
0.0125	1.95	0.006960635
0.0125	2.05	0.0044264235
0.0125	2.15	0.0033451596
0.0125	2.25	0.0022976855
0.0125	2.35	0.0016894746
0.0125	2.45	0.0013177901
0.0125	2.55	0.0011826322
0.0125	2.65	6.0821086E-4
0.0125	2.75	4.054739E-4
0.0125	2.85	4.392634E-4
0.0125	2.95	2.7031594E-4
0.0125	3.05	2.0273695E-4
0.0125	3.15	0.0
0.0125	3.25	0.0
0.0125	3.35	1.3515797E-4
0.0125	3.45	1.3515797E-4
0.0125	3.55	1.3515797E-4
0.0125	3.65	3.3789493E-5
0.0125	3.75	6.7578985E-5
0.0125	3.85	1.3515797E-4
0.0125	3.95	6.7578985E-5
0.0125	4.05	0.0
0.0125	4.15	3.3789493E-5
0.0125	4.25	0.0
0.0125	4.35	3.3789493E-5
0.0125	4.45	0.0
0.0125	4.55	0.0
0.0125	4.65	3.3789493E-5
0.0125	4.75	0.0
0.0125	4.85	3.3789493E-5
0.0125	4.95	3.3789493E-5
0.0375	0.05	0.07558198
0.0375	0.15	0.01047671
0.0375	0.25	0.014461096
0.0375	0.35	0.019396072
0.0375	0.45	0.027465971
0.0375	0.55	0.04204842
0.0375	0.65	0.06773456
0.0375	0.75	0.08599802
0.0375	0.85	0.11119875
0.0375	0.95	0.114333674
0.0375	1.05	0.10474688
0.0375	1.15	0.082458586
0.0375	1.25	0.061181564
0.0375	1.35	0.047165424
0.0375	1.45	0.03674939
0.0375	1.55	0.02665696
0.0375	1.65	0.021115223
0.0375	1.75	0.015148757
0.0375	1.85	0.010962118
0.0375	1.95	0.0070990836
0.0375	2.05	0.0054406086
0.0375	2.15	0.0040248367
0.0375	2.25	0.0023865865
0.0375	2.35	0.0013955464
0.0375	2.45	0.0012337439
0.0375	2.55	0.0010719415
0.0375	2.65	8.6968835E-4
0.0375	2.75	6.067593E-4
0.0375	2.85	2.022531E-4
0.0375	2.95	2.4270373E-4
0.0375	3.05	6.067593E-5
0.0375	3.15	1.4157717E-4
0.0375	3.25	6.067593E-5
0.0375	3.35	4.045062E-5
0.0375	3.45	2.022531E-5
0.0375	3.55	2.022531E-5
0.0375	3.65	2.022531E-5
0.0375	3.75	2.022531E-5
0.0375	3.85	6.067593E-5
0.0375	3.95	2.022531E-5
0.0375	4.05	0.0
0.0375	4.15	4.045062E-5
0.0375	4.25	2.022531E-5
0.0375	4.35	0.0
0.0375	4.45	0.0
0.0375	4.55	0.0
0.0375	4.65	0.0
0.0375	4.75	0.0
0.0375	4.85	2.022531E-5
0.0375	4.95	0.0
0.0625	0.05	0.09139901
0.0625	0.15	0.01056338
0.0625	0.25	0.013848334
0.0625	0.35	0.017927688
0.0625	0.45	0.027353143
0.0625	0.55	0.039462384
0.0625	0.65	0.0589574
0.0625	0.75	0.07823772
0.0625	0.85	0.09721745
0.0625	0.95	0.10698643
0.0625	1.05	0.1091764
0.0625	1.15	0.08731965
0.0625	1.25	0.06859756
0.0625	1.35	0.048415493
0.0625	1.45	0.037787702
0.0625	1.55	0.02776108
0.0625	1.65	0.022457918
0.0625	1.75	0.016210066
0.0625	1.85	0.012281003
0.0625	1.95	0.008094298
0.0625	2.05	0.0059902095
0.0625	2.15	0.00450876
0.0625	2.25	0.0027481965
0.0625	2.35	0.00225438
0.0625	2.45	0.0013955685
0.0625	2.55	9.446925E-4
0.0625	2.65	9.446925E-4
0.0625	2.75	3.4352456E-4
0.0625	2.85	1.9323257E-4
0.0625	2.95	1.2882172E-4
0.0625	3.05	1.5029199E-4
0.0625	3.15	8.588114E-5
0.0625	3.25	2.1470285E-5
0.0625	3.35	4.294057E-5
0.0625	3.45	2.1470285E-5
0.0625	3.55	4.294057E-5
0.0625	3.65	0.0
0.0625	3.75	2.1470285E-5
0.0625	3.85	0.0
0.0625	3.95	0.0
0.0625	4.05	0.0
0.0625	4.15	2.1470285E-5
0.0625	4.25	2.1470285E-5
0.0625	4.35	2.1470285E-5
0.0625	4.45	0.0
0.0625	4.55	0.0
0.0625	4.65	2.1470285E-5
0.0625	4.75	0.0
0.0625	4.85	0.0
0.0625	4.95	2.1470285E-5
0.0875	0.05	0.08589935
0.0875	0.15	0.007930102
0.0875	0.25	0.010835788
0.0875	0.35	0.015698778
0.0875	0.45	0.02235764
0.0875	0.55	0.035231445
0.0875	0.65	0.058638364
0.0875	0.75	0.07948263
0.0875	0.85	0.09326446
0.0875	0.95	0.11001251
0.0875	1.05	0.112494454
0.0875	1.15	0.09768352
0.0875	1.25	0.07272287
0.0875	1.35	0.051031116
0.0875	1.45	0.037229106
0.0875	1.55	0.027543485
0.0875	1.65	0.020420518
0.0875	1.75	0.016082166
0.0875	1.85	0.011642924
0.0875	1.95	0.009766335
0.0875	2.05	0.0065579726
0.0875	2.15	0.0056095887
0.0875	2.25	0.003692643
0.0875	2.35	0.0025222972
0.0875	2.45	0.0019573024
0.0875	2.55	9.887405E-4
0.0875	2.65	7.667783E-4
0.0875	2.75	6.053513E-4
0.0875	2.85	2.8249726E-4
0.0875	2.95	2.0178377E-4
0.0875	3.05	2.2196214E-4
0.0875	3.15	1.00891884E-4
0.0875	3.25	2.0178377E-4
0.0875	3.35	4.0356754E-5
0.0875	3.45	4.0356754E-5
0.0875	3.55	6.053513E-5
0.0875	3.65	6.053513E-5
0.0875	3.75	2.0178377E-5
0.0875	3.85	4.0356754E-5
0.0875	3.95	2.0178377E-5
0.0875	4.05	2.0178377E-5
0.0875	4.15	0.0
0.0875	4.25	0.0
0.0875	4.35	0.0
0.0875	4.45	0.0
0.0875	4.55	0.0
0.0875	4.65	0.0
0.0875	4.75	0.0
0.0875	4.85	0.0
0.0875	4.95	2.0178377E-5
0.1125	0.05	0.089736186
0.1125	0.15	0.007664163
0.1125	0.25	0.011457732
0.1125	0.35	0.014923936
0.1125	0.45	0.02112459
0.1125	0.55	0.033872522
0.1125	0.65	0.05453495
0.1125	0.75	0.07305989
0.1125	0.85	0.090179086
0.1125	0.95	0.10633545
0.1125	1.05	0.11245908
0.1125	1.15	0.09387637
0.1125	1.25	0.075909875
0.1125	1.35	0.05536299
0.1125	1.45	0.03922588
0.1125	1.55	0.029616792
0.1125	1.65	0.022742152
0.1125	1.75	0.017369537
0.1125	1.85	0.0134989405
0.1125	1.95	0.010610437
0.1125	2.05	0.008819565
0.1125	2.15	0.0057962644
0.1125	2.25	0.0037165415
0.1125	2.35	0.0027729636
0.1125	2.45	0.0019064124
0.1125	2.55	0.0010206046
0.1125	2.65	8.665511E-4
0.1125	2.75	4.814173E-4
0.1125	2.85	2.50337E-4
0.1125	2.95	1.5405353E-4
0.1125	3.05	1.9256692E-4
0.1125	3.15	5.7770074E-5
0.1125	3.25	1.5405353E-4
0.1125	3.35	5.7770074E-5
0.1125	3.45	1.9256691E-5
0.1125	3.55	7.7026765E-5
0.1125	3.65	3.8513383E-5
0.1125	3.75	5.7770074E-5
0.1125	3.85	0.0
0.1125	3.95	0.0
0.1125	4.05	0.0
0.1125	4.15	0.0
0.1125	4.25	0.0
0.1125	4.35	0.0
0.1125	4.45	0.0
0.1125	4.55	0.0
0.1125	4.65	0.0
0.1125	4.75	0.0
0.1125	4.85	0.0
0.1125	4.95	0.0
0.1375	0.05	0.08271537
0.1375	0.15	0.006349455
0.1375	0.25	0.008998981
0.1375	0.35	0.013247629
0.1375	0.45	0.020459356
0.1375	0.55	0.030210864
0.1375	0.65	0.051971465
0.1375	0.75	0.074233755
0.1375	0.85	0.08933135
0.1375	0.95	0.10877165
0.1375	1.05	0.11436858
0.1375	1.15	0.1027044
0.1375	1.25	0.081351414
0.1375	1.35	0.05792898
0.1375	1.45	0.042031825
0.1375	1.55	0.030336287
0.1375	1.65	0.021964412
0.1375	1.75	0.016571295
0.1375	1.85	0.012463746
0.1375	1.95	0.009939641
0.1375	2.05	0.00725876
0.1375	2.15	0.0056282827
0.1375	2.25	0.003574508
0.1375	2.35	0.0025711374
0.1375	2.45	0.0015677668
0.1375	2.55	0.001081759
0.1375	2.65	5.330407E-4
0.1375	2.75	4.2329702E-4
0.1375	2.85	4.2329702E-4
0.1375	2.95	2.8219802E-4
0.1375	3.05	1.7245434E-4
0.1375	3.15	1.7245434E-4
0.1375	3.25	6.271067E-5
0.1375	3.35	4.7033E-5
0.1375	3.45	6.271067E-5
0.1375	3.55	3.1355336E-5
0.1375	3.65	6.271067E-5
0.1375	3.75	3.1355336E-5
0.1375	3.85	3.1355336E-5
0.1375	3.95	0.0
0.1375	4.05	1.5677668E-5
0.1375	4.15	0.0
0.1375	4.25	0.0
0.1375	4.35	0.0
0.1375	4.45	0.0
0.1375	4.55	0.0
0.1375	4.65	0.0
0.1375	4.75	0.0
0.1375	4.85	0.0
0.1375	4.95	1.5677668E-5
0.1625	0.05	0.09865934
0.1625	0.15	0.0071735485
0.1625	0.25	0.00923894
0.1625	0.35	0.014494624
0.1625	0.45	0.020026924
0.1625	0.55	0.03347041
0.1625	0.65	0.052169584
0.1625	0.75	0.072491564
0.1625	0.85	0.08744721
0.1625	0.95	0.10409943
0.1625	1.05	0.11029561
0.1625	1.15	0.09316392
0.1625	1.25	0.07483357
0.1625	1.35	0.059933245
0.1625	1.45	0.04232209
0.1625	1.55	0.03120217
0.1625	1.65	0.02200011
0.1625	1.75	0.018035296
0.1625	1.85	0.012798052
0.1625	1.95	0.010179431
0.1625	2.05	0.0085013
0.1625	2.15	0.0058642374
0.1625	2.25	0.0034853485
0.1625	2.35	0.0024157707
0.1625	2.45	0.0015121618
0.1625	2.55	0.0011249009
0.1625	2.65	0.0010880189
0.1625	2.75	5.1634794E-4
0.1625	2.85	3.8726095E-4
0.1625	2.95	2.9505597E-4
0.1625	3.05	2.3973298E-4
0.1625	3.15	5.5322995E-5
0.1625	3.25	7.376399E-5
0.1625	3.35	9.220499E-5
0.1625	3.45	1.4752799E-4
0.1625	3.55	9.220499E-5
0.1625	3.65	1.8440998E-5
0.1625	3.75	1.8440998E-5
0.1625	3.85	0.0
0.1625	3.95	0.0
0.1625	4.05	0.0
0.1625	4.15	0.0
0.1625	4.25	1.8440998E-5
0.1625	4.35	0.0
0.1625	4.45	0.0
0.1625	4.55	0.0
0.1625	4.65	1.8440998E-5
0.1625	4.75	0.0
0.1625	4.85	0.0
0.1625	4.95	0.0
0.1875	0.05	0.08902637
0.1875	0.15	0.0070728785
0.1875	0.25	0.009337513
0.1875	0.35	0.012307793
0.1875	0.45	0.018002199
0.1875	0.55	0.030195119
0.1875	0.65	0.049805537
0.1875	0.75	0.07108981
0.1875	0.85	0.08940381
0.1875	0.95	0.10783268
0.1875	1.05	0.11720301
0.1875	1.15	0.0990203
0.1875	1.25	0.082150415
0.1875	1.35	0.060587164
0.1875	1.45	0.043503948
0.1875	1.55	0.030933587
0.1875	1.65	0.022055566
0.1875	1.75	0.016443212
0.1875	1.85	0.012767284
0.1875	1.95	0.008795969
0.1875	2.05	0.0071549304
0.1875	2.15	0.004988759
0.1875	2.25	0.0036595173
0.1875	2.35	0.0021497612
0.1875	2.45	0.0011159066
0.1875	2.55	9.682131E-4
0.1875	2.65	7.876988E-4
0.1875	2.75	3.77439E-4
0.1875	2.85	2.2974548E-4
0.1875	2.95	1.6410391E-4
0.1875	3.05	2.4615586E-4
0.1875	3.15	1.3128313E-4
0.1875	3.25	9.846235E-5
0.1875	3.35	8.2051956E-5
0.1875	3.45	6.5641565E-5
0.1875	3.55	6.5641565E-5
0.1875	3.65	6.5641565E-5
0.1875	3.75	8.2051956E-5
0.1875	3.85	0.0
0.1875	3.95	1.6410391E-5
0.1875	4.05	0.0
0.1875	4.15	0.0
0.1875	4.25	1.6410391E-5
0.1875	4.35	0.0
0.1875	4.45	0.0
0.1875	4.55	0.0
0.1875	4.65	0.0
0.1875	4.75	0.0
0.1875	4.85	0.0
0.1875	4.95	0.0
0.2125	0.05	0.08551967
0.2125	0.15	0.006387902
0.2125	0.25	0.00914187
0.2125	0.35	0.0120587945
0.2125	0.45	0.01779487
0.2125	0.55	0.02866408
0.2125	0.65	0.049261805
0.2125	0.75	0.06860477
0.2125	0.85	0.0876381
0.2125	0.95	0.10489522
0.2125	1.05	0.115291856
0.2125	1.15	0.100088
0.2125	1.25	0.08159241
0.2125	1.35	0.061760586
0.2125	1.45	0.04699671
0.2125	1.55	0.034856435
0.2125	1.65	0.025486426
0.2125	1.75	0.01779487
0.2125	1.85	0.013346152
0.2125	1.95	0.008734479
0.2125	2.05	0.0071049114
0.2125	2.15	0.0054264576
0.2125	2.25	0.0042531695
0.2125	2.35	0.0025747155
0.2125	2.45	0.0016621582
0.2125	2.55	7.9848774E-4
0.2125	2.65	6.355311E-4
0.2125	2.75	3.7480038E-4
0.2125	2.85	2.7702635E-4
0.2125	2.95	1.9554803E-4
0.2125	3.05	1.1406968E-4
0.2125	3.15	8.147834E-5
0.2125	3.25	2.118437E-4
0.2125	3.35	8.147834E-5
0.2125	3.45	4.8887006E-5
0.2125	3.55	4.8887006E-5
0.2125	3.65	8.147834E-5
0.2125	3.75	4.8887006E-5
0.2125	3.85	0.0
0.2125	3.95	0.0
0.2125	4.05	1.629567E-5
0.2125	4.15	0.0
0.2125	4.25	1.629567E-5
0.2125	4.35	0.0
0.2125	4.45	0.0
0.2125	4.55	1.629567E-5
0.2125	4.65	0.0
0.2125	4.75	0.0
0.2125	4.85	0.0
0.2125	4.95	1.629567E-5
0.2375	0.05	0.09688155
0.2375	0.15	0.0053673456
0.2375	0.25	0.0076758815
0.2375	0.35	0.010734691
0.2375	0.45	0.01773725
0.2375	0.55	0.029568497
0.2375	0.65	0.04936419
0.2375	0.75	0.06650507
0.2375	0.85	0.08778208
0.2375	0.95	0.104807526
0.2375	1.05	0.11071353
0.2375	1.15	0.09872838
0.2375	1.25	0.08020238
0.2375	1.35	0.06396568
0.2375	1.45	0.04507416
0.2375	1.55	0.033358343
0.2375	1.65	0.024201151
0.2375	1.75	0.017140878
0.2375	1.85	0.014101306
0.2375	1.95	0.0098112775
0.2375	2.05	0.008099114
0.2375	2.15	0.0057713394
0.2375	2.25	0.004290029
0.2375	2.35	0.002770243
0.2375	2.45	0.0017506396
0.2375	2.55	0.0011735057
0.2375	2.65	6.348473E-4
0.2375	2.75	3.2704257E-4
0.2375	2.85	2.5009137E-4
0.2375	2.95	1.3466459E-4
0.2375	3.05	7.69512E-5
0.2375	3.15	1.7314019E-4
0.2375	3.25	2.8856698E-4
0.2375	3.35	2.1161578E-4
0.2375	3.45	3.84756E-5
0.2375	3.55	7.69512E-5
0.2375	3.65	5.7713394E-5
0.2375	3.75	5.7713394E-5
0.2375	3.85	1.92378E-5
0.2375	3.95	0.0
0.2375	4.05	0.0
0.2375	4.15	0.0
0.2375	4.25	1.92378E-5
0.2375	4.35	0.0
0.2375	4.45	1.92378E-5
0.2375	4.55	0.0
0.2375	4.65	1.92378E-5
0.2375	4.75	0.0
0.2375	4.85	1.92378E-5
0.2375	4.95	0.0
0.2625	0.05	0.08982686
0.2625	0.15	0.005350375
0.2625	0.25	0.008307944
0.2625	0.35	0.0100468155
0.2625	0.45	0.01587278
0.2625	0.55	0.029486513
0.2625	0.65	0.046756335
0.2625	0.75	0.06714721
0.2625	0.85	0.08844467
0.2625	0.95	0.10459983
0.2625	1.05	0.11475069
0.2625	1.15	0.09944267
0.2625	1.25	0.08260385
0.2625	1.35	0.063535705
0.2625	1.45	0.046340194
0.2625	1.55	0.033855986
0.2625	1.65	0.024611726
0.2625	1.75	0.01856283
0.2625	1.85	0.012513934
0.2625	1.95	0.008976741
0.2625	2.05	0.007743182
0.2625	2.15	0.006271829
0.2625	2.25	0.0049045105
0.2625	2.35	0.0029724308
0.2625	2.45	0.0021698745
0.2625	2.55	0.0012186966
0.2625	2.65	9.6603995E-4
0.2625	2.75	6.093483E-4
0.2625	2.85	4.6072676E-4
0.2625	2.95	4.161403E-4
0.2625	3.05	3.1210523E-4
0.2625	3.15	2.3779446E-4
0.2625	3.25	2.0807015E-4
0.2625	3.35	1.634837E-4
0.2625	3.45	0.0
0.2625	3.55	7.431077E-5
0.2625	3.65	8.917292E-5
0.2625	3.75	0.0
0.2625	3.85	7.431077E-5
0.2625	3.95	0.0
0.2625	4.05	2.9724308E-5
0.2625	4.15	0.0
0.2625	4.25	0.0
0.2625	4.35	0.0
0.2625	4.45	0.0
0.2625	4.55	0.0
0.2625	4.65	0.0
0.2625	4.75	0.0
0.2625	4.85	0.0
0.2625	4.95	4.458646E-5
0.2875	0.05	0.084068276
0.2875	0.15	0.0046783625
0.2875	0.25	0.007143986
0.2875	0.35	0.009925716
0.2875	0.45	0.015157263
0.2875	0.55	0.027137663
0.2875	0.65	0.045282125
0.2875	0.75	0.06500711
0.2875	0.85	0.0877351
0.2875	0.95	0.105674095
0.2875	1.05	0.11163268
0.2875	1.15	0.101248614
0.2875	1.25	0.085474946
0.2875	1.35	0.067314684
0.2875	1.45	0.049170222
0.2875	1.55	0.03451873
0.2875	1.65	0.026331594
0.2875	1.75	0.01865023
0.2875	1.85	0.014177335
0.2875	1.95	0.00994152
0.2875	2.05	0.008534851
0.2875	2.15	0.0065749963
0.2875	2.25	0.004536115
0.2875	2.35	0.0027817292
0.2875	2.45	0.0021653231
0.2875	2.55	0.001754386
0.2875	2.65	0.0011063695
0.2875	2.75	5.531848E-4
0.2875	2.85	3.3191085E-4
0.2875	2.95	3.6352142E-4
0.2875	3.05	3.003003E-4
0.2875	3.15	2.0546863E-4
0.2875	3.25	1.2644223E-4
0.2875	3.35	0.0
0.2875	3.45	6.3221116E-5
0.2875	3.55	7.9026395E-5
0.2875	3.65	7.9026395E-5
0.2875	3.75	3.1610558E-5
0.2875	3.85	9.4831674E-5
0.2875	3.95	0.0
0.2875	4.05	3.1610558E-5
0.2875	4.15	0.0
0.2875	4.25	0.0
0.2875	4.35	0.0
0.2875	4.45	0.0
0.2875	4.55	0.0
0.2875	4.65	0.0
0.2875	4.75	0.0
0.2875	4.85	0.0
0.2875	4.95	1.5805279E-5
0.3125	0.05	0.09271431
0.3125	0.15	0.004758952
0.3125	0.25	0.0075802202
0.3125	0.35	0.010587506
0.3125	0.45	0.015098434
0.3125	0.55	0.026910556
0.3125	0.65	0.046891954
0.3125	0.75	0.06682685
0.3125	0.85	0.09121066
0.3125	0.95	0.10646412
0.3125	1.05	0.11295923
0.3125	1.15	0.09886839
0.3125	1.25	0.08197179
0.3125	1.35	0.061184313
0.3125	1.45	0.04588436
0.3125	1.55	0.03328166
0.3125	1.65	0.023825763
0.3125	1.75	0.017222136
0.3125	1.85	0.013517284
0.3125	1.95	0.010246473
0.3125	2.05	0.008587816
0.3125	2.15	0.006371105
0.3125	2.25	0.0050999844
0.3125	2.35	0.0032398077
0.3125	2.45	0.002325221
0.3125	2.55	0.0021547046
0.3125	2.65	0.0011936134
0.3125	2.75	8.52581E-4
0.3125	2.85	4.1853977E-4
0.3125	2.95	3.410324E-4
0.3125	3.05	2.6352503E-4
0.3125	3.15	4.3404123E-4
0.3125	3.25	2.0151914E-4
0.3125	3.35	1.3951326E-4
0.3125	3.45	1.5501473E-5
0.3125	3.55	7.7507364E-5
0.3125	3.65	1.2401179E-4
0.3125	3.75	3.1002946E-5
0.3125	3.85	4.6504418E-5
0.3125	3.95	1.5501473E-5
0.3125	4.05	3.1002946E-5
0.3125	4.15	0.0
0.3125	4.25	1.5501473E-5
0.3125	4.35	1.5501473E-5
0.3125	4.45	0.0
0.3125	4.55	0.0
0.3125	4.65	0.0
0.3125	4.75	0.0
0.3125	4.85	0.0
0.3125	4.95	0.0
0.3375	0.05	0.09064347
0.3375	0.15	0.004416661
0.3375	0.25	0.0069647348
0.3375	0.35	0.009495821
0.3375	0.45	0.015747095
0.3375	0.55	0.025242917
0.3375	0.65	0.044421416
0.3375	0.75	0.06337909
0.3375	0.85	0.087449886
0.3375	0.95	0.10778352
0.3375	1.05	0.112098254
0.3375	1.15	0.09985051
0.3375	1.25	0.085241556
0.3375	1.35	0.064822994
0.3375	1.45	0.047682952
0.3375	1.55	0.036777195
0.3375	1.65	0.025242917
0.3375	1.75	0.01775158
0.3375	1.85	0.013470816
0.3375	1.95	0.010820819
0.3375	2.05	0.008204797
0.3375	2.15	0.0063192225
0.3375	2.25	0.005249032
0.3375	2.35	0.0028368554
0.3375	2.45	0.0020044846
0.3375	2.55	0.0016647414
0.3375	2.65	0.0011211524
0.3375	2.75	7.474349E-4
0.3375	2.85	4.0769178E-4
0.3375	2.95	3.567303E-4
0.3375	3.05	5.266019E-4
0.3375	3.15	2.7179453E-4
0.3375	3.25	2.8878168E-4
0.3375	3.35	1.6987158E-4
0.3375	3.45	6.794863E-5
0.3375	3.55	1.8685873E-4
0.3375	3.65	8.493579E-5
0.3375	3.75	1.6987158E-5
0.3375	3.85	3.3974316E-5
0.3375	3.95	6.794863E-5
0.3375	4.05	3.3974316E-5
0.3375	4.15	3.3974316E-5
0.3375	4.25	0.0
0.3375	4.35	0.0
0.3375	4.45	0.0
0.3375	4.55	0.0
0.3375	4.65	0.0
0.3375	4.75	0.0
0.3375	4.85	0.0
0.3375	4.95	0.0
0.3625	0.05	0.09139387
0.3625	0.15	0.0050229644
0.3625	0.25	0.0076376586
0.3625	0.35	0.009443861
0.3625	0.45	0.014638846
0.3625	0.55	0.028142363
0.3625	0.65	0.043778922
0.3625	0.75	0.06478248
0.3625	0.85	0.08932964
0.3625	0.95	0.106927216
0.3625	1.05	0.11325753
0.3625	1.15	0.09920355
0.3625	1.25	0.083085336
0.3625	1.35	0.06326871
0.3625	1.45	0.045774344
0.3625	1.55	0.03552199
0.3625	1.65	0.026198545
0.3625	1.75	0.018681299
0.3625	1.85	0.013331498
0.3625	1.95	0.010716804
0.3625	2.05	0.0090998225
0.3625	2.15	0.0064335233
0.3625	2.25	0.0052981954
0.3625	2.35	0.0030103384
0.3625	2.45	0.0016857894
0.3625	2.55	0.0014621643
0.3625	2.65	8.428947E-4
0.3625	2.75	7.912889E-4
0.3625	2.85	2.58029E-4
0.3625	2.95	8.600967E-5
0.3625	3.05	1.2041353E-4
0.3625	3.15	2.4082707E-4
0.3625	3.25	1.7201934E-4
0.3625	3.35	5.16058E-5
0.3625	3.45	8.600967E-5
0.3625	3.55	3.4403867E-5
0.3625	3.65	6.8807734E-5
0.3625	3.75	5.16058E-5
0.3625	3.85	0.0
0.3625	3.95	1.7201934E-5
0.3625	4.05	0.0
0.3625	4.15	3.4403867E-5
0.3625	4.25	0.0
0.3625	4.35	0.0
0.3625	4.45	0.0
0.3625	4.55	0.0
0.3625	4.65	0.0
0.3625	4.75	0.0
0.3625	4.85	0.0
0.3625	4.95	1.7201934E-5
0.3875	0.05	0.086698115
0.3875	0.15	0.004847016
0.3875	0.25	0.0058423853
0.3875	0.35	0.010343186
0.3875	0.45	0.014526622
0.3875	0.55	0.024451464
0.3875	0.65	0.04068031
0.3875	0.75	0.06224665
0.3875	0.85	0.0874194
0.3875	0.95	0.10486
0.3875	1.05	0.10887033
0.3875	1.15	0.10294139
0.3875	1.25	0.088775404
0.3875	1.35	0.06712252
0.3875	1.45	0.049984854
0.3875	1.55	0.037391268
0.3875	1.65	0.02668744
0.3875	1.75	0.01999394
0.3875	1.85	0.015868207
0.3875	1.95	0.011136596
0.3875	2.05	0.009217986
0.3875	2.15	0.006693498
0.3875	2.25	0.004962421
0.3875	2.35	0.0022936773
0.3875	2.45	0.0017310772
0.3875	2.55	0.001413713
0.3875	2.65	7.9341035E-4
0.3875	2.75	6.4915395E-4
0.3875	2.85	4.4719494E-4
0.3875	2.95	2.1638465E-4
0.3875	3.05	2.4523592E-4
0.3875	3.15	1.009795E-4
0.3875	3.25	1.7310772E-4
0.3875	3.35	4.327693E-5
0.3875	3.45	0.0
0.3875	3.55	5.770257E-5
0.3875	3.65	0.0
0.3875	3.75	1.4425643E-5
0.3875	3.85	4.327693E-5
0.3875	3.95	1.4425643E-5
0.3875	4.05	1.4425643E-5
0.3875	4.15	4.327693E-5
0.3875	4.25	0.0
0.3875	4.35	4.327693E-5
0.3875	4.45	0.0
0.3875	4.55	0.0
0.3875	4.65	1.4425643E-5
0.3875	4.75	1.4425643E-5
0.3875	4.85	1.4425643E-5
0.3875	4.95	5.770257E-5
0.4125	0.05	0.091548264
0.4125	0.15	0.005077877
0.4125	0.25	0.006591475
0.4125	0.35	0.010058102
0.4125	0.45	0.014777924
0.4125	0.55	0.02605667
0.4125	0.65	0.04091597
0.4125	0.75	0.06440115
0.4125	0.85	0.08635646
0.4125	0.95	0.10909298
0.4125	1.05	0.11104601
0.4125	1.15	0.102176
0.4125	1.25	0.082938656
0.4125	1.35	0.06306658
0.4125	1.45	0.048500236
0.4125	1.55	0.035252184
0.4125	1.65	0.026007844
0.4125	1.75	0.018993214
0.4125	1.85	0.014208291
0.4125	1.95	0.01219016
0.4125	2.05	0.009114138
0.4125	2.15	0.0069983564
0.4125	2.25	0.004996501
0.4125	2.35	0.0031899484
0.4125	2.45	0.001578699
0.4125	2.55	0.001448497
0.4125	2.65	8.788633E-4
0.4125	2.75	5.208079E-4
0.4125	2.85	2.9295444E-4
0.4125	2.95	3.906059E-4
0.4125	3.05	1.7902772E-4
0.4125	3.15	2.1157821E-4
0.4125	3.25	1.3020198E-4
0.4125	3.35	8.137624E-5
0.4125	3.45	1.6275248E-4
0.4125	3.55	1.6275248E-5
0.4125	3.65	6.510099E-5
0.4125	3.75	1.6275248E-5
0.4125	3.85	1.6275248E-5
0.4125	3.95	4.882574E-5
0.4125	4.05	6.510099E-5
0.4125	4.15	6.510099E-5
0.4125	4.25	1.13926726E-4
0.4125	4.35	9.765148E-5
0.4125	4.45	4.882574E-5
0.4125	4.55	1.6275248E-5
0.4125	4.65	0.0
0.4125	4.75	0.0
0.4125	4.85	0.0
0.4125	4.95	0.0
0.4375	0.05	0.09459875
0.4375	0.15	0.0055003245
0.4375	0.25	0.0070889276
0.4375	0.35	0.009719518
0.4375	0.45	0.013938711
0.4375	0.55	0.02446107
0.4375	0.65	0.039663833
0.4375	0.75	0.06308292
0.4375	0.85	0.08863722
0.4375	0.95	0.10686345
0.4375	1.05	0.108469136
0.4375	1.15	0.10033822
0.4375	1.25	0.08482799
0.4375	1.35	0.06730211
0.4375	1.45	0.04881965
0.4375	1.55	0.03436849
0.4375	1.65	0.025605548
0.4375	1.75	0.01880701
0.4375	1.85	0.014502409
0.4375	1.95	0.012486761
0.4375	2.05	0.009019165
0.4375	2.15	0.007550135
0.4375	2.25	0.0051586893
0.4375	2.35	0.0030063887
0.4375	2.45	0.0016569301
0.4375	2.55	0.0012811315
0.4375	2.65	0.001041987
0.4375	2.75	5.807796E-4
0.4375	2.85	4.441256E-4
0.4375	2.95	2.903898E-4
0.4375	3.05	2.0498104E-4
0.4375	3.15	1.3665402E-4
0.4375	3.25	1.3665402E-4
0.4375	3.35	0.0
0.4375	3.45	5.124526E-5
0.4375	3.55	5.124526E-5
0.4375	3.65	3.4163506E-5
0.4375	3.75	0.0
0.4375	3.85	1.7081753E-5
0.4375	3.95	0.0
0.4375	4.05	1.7081753E-5
0.4375	4.15	5.124526E-5
0.4375	4.25	5.124526E-5
0.4375	4.35	3.4163506E-5
0.4375	4.45	1.7081753E-5
0.4375	4.55	1.7081753E-5
0.4375	4.65	1.7081753E-5
0.4375	4.75	0.0
0.4375	4.85	0.0
0.4375	4.95	5.124526E-5
0.4625	0.05	0.090167366
0.4625	0.15	0.004363419
0.4625	0.25	0.0060071726
0.4625	0.35	0.008278541
0.4625	0.45	0.01273162
0.4625	0.55	0.024506874
0.4625	0.65	0.041975494
0.4625	0.75	0.06222355
0.4625	0.85	0.0851315
0.4625	0.95	0.10868201
0.4625	1.05	0.10939928
0.4625	1.15	0.10162881
0.4625	1.25	0.08812014
0.4625	1.35	0.064719066
0.4625	1.45	0.052256424
0.4625	1.55	0.03563957
0.4625	1.65	0.028063359
0.4625	1.75	0.019754931
0.4625	1.85	0.014240884
0.4625	1.95	0.011715481
0.4625	2.05	0.00924985
0.4625	2.15	0.008442917
0.4625	2.25	0.0050358637
0.4625	2.35	0.002361028
0.4625	2.45	0.0018529588
0.4625	2.55	0.0011506276
0.4625	2.65	6.575015E-4
0.4625	2.75	4.482965E-4
0.4625	2.85	4.632397E-4
0.4625	2.95	1.4943216E-4
0.4625	3.05	1.1954573E-4
0.4625	3.15	1.1954573E-4
0.4625	3.25	4.482965E-5
0.4625	3.35	0.0
0.4625	3.45	0.0
0.4625	3.55	2.9886432E-5
0.4625	3.65	0.0
0.4625	3.75	1.4943216E-5
0.4625	3.85	0.0
0.4625	3.95	2.9886432E-5
0.4625	4.05	5.9772865E-5
0.4625	4.15	2.9886432E-5
0.4625	4.25	4.482965E-5
0.4625	4.35	2.9886432E-5
0.4625	4.45	1.4943216E-5
0.4625	4.55	2.9886432E-5
0.4625	4.65	0.0
0.4625	4.75	0.0
0.4625	4.85	0.0
0.4625	4.95	1.4943216E-5
0.4875	0.05	0.09167929
0.4875	0.15	0.005311436
0.4875	0.25	0.006321586
0.4875	0.35	0.009938576
0.4875	0.45	0.013197126
0.4875	0.55	0.02531893
0.4875	0.65	0.042051584
0.4875	0.75	0.06455187
0.4875	0.85	0.087785326
0.4875	0.95	0.106978185
0.4875	1.05	0.10443652
0.4875	1.15	0.100249276
0.4875	1.25	0.08620493
0.4875	1.35	0.0651547
0.4875	1.45	0.0503283
0.4875	1.55	0.035387848
0.4875	1.65	0.026231324
0.4875	1.75	0.019697933
0.4875	1.85	0.014419082
0.4875	1.95	0.0117470715
0.4875	2.05	0.008977304
0.4875	2.15	0.008700328
0.4875	2.25	0.0063052936
0.4875	2.35	0.0029001092
0.4875	2.45	0.0019551297
0.4875	2.55	9.6127216E-4
0.4875	2.65	9.123939E-4
0.4875	2.75	6.0283166E-4
0.4875	2.85	6.517099E-4
0.4875	2.95	2.6068397E-4
0.4875	3.05	1.6292748E-4
0.4875	3.15	1.6292748E-4
0.4875	3.25	6.517099E-5
0.4875	3.35	3.2585496E-5
0.4875	3.45	4.8878243E-5
0.4875	3.55	1.6292748E-5
0.4875	3.65	0.0
0.4875	3.75	3.2585496E-5
0.4875	3.85	3.2585496E-5
0.4875	3.95	0.0
0.4875	4.05	4.8878243E-5
0.4875	4.15	4.8878243E-5
0.4875	4.25	8.146374E-5
0.4875	4.35	0.0
0.4875	4.45	4.8878243E-5
0.4875	4.55	0.0
0.4875	4.65	0.0
0.4875	4.75	0.0
0.4875	4.85	0.0
0.4875	4.95	0.0
