485	21	53	6.9	hrc_float1
485	22	53	6.9	hrc_float2
485	23	53	6.9	hrc_float3
484	49	70	6.9	saf_float1
484	50	70	6.9	saf_float2
484	51	70	6.9	saf_float3
484	52	70	6.9	saf_float4
484	53	70	6.9	saf_float5
484	54	70	6.9	saf_float6
484	55	70	6.9	saf_float7
489	28	45	6.9	sgr_float1
489	29	45	6.9	sgr_float2
489	30	45	6.9	sgr_float3
489	31	45	6.9	sgr_float4
488	21	20	6.2	cgv_float1
488	22	20	6.2	cgv_float2
488	23	20	6.2	cgv_float3
486	35	25	6.2	calav_float1
486	36	25	6.2	calav_float2
486	37	25	6.2	calav_float3
486	38	25	6.2	calav_float4
486	39	25	6.2	calav_float5
487	21	30	6.2	cs+cc_float1
487	22	30	6.2	cs+cc_float2
487	23	30	6.2	cs+cc_float3
490	14	35	6.2	gvl_float1
490	15	35	6.2	gvl_float2
155	0	100	6.7	sas_670
156	0	100	6.8	sas_680
157	0	100	6.9	sas_690
158	0	100	7	sas_700
159	0	100	7.1	sas_710
160	0	100	7.2	sas_720
161	0	100	7.3	sas_730
162	0	100	6.8	sap_680
163	0	100	6.9	sap_690
164	0	100	7	sap_700
165	0	100	7.1	sap_710
166	0	100	7.2	sap_720
167	0	100	7.3	sap_730
168	0	100	7.4	sap_740
169	0	100	7.2	san_720
170	0	100	7.3	san_730
171	0	100	7.4	san_740
172	0	100	7.5	san_750
173	0	100	7.6	san_760
174	0	100	7	sao_700
175	0	100	7.1	sao_710
176	0	100	7.2	sao_720
177	0	100	7.3	sao_730
178	0	100	7.4	sao_740
179	0	100	7.5	sao_750
180	0	100	7.1	sas+sap_710
181	0	100	7.2	sas+sap_720
182	0	100	7.3	sas+sap_730
183	0	100	7.4	sas+sap_740
184	0	100	7.5	sas+sap_750
185	0	100	7.6	sas+sap_760
186	0	100	7.4	san+sao_740
187	0	100	7.5	san+sao_750
188	0	100	7.6	san+sao_760
189	0	100	7.7	san+sao_770
190	0	100	7.8	san+sao_780
191	0	100	7.9	san+sao_790
192	0	100	8	san+sao_800
193	0	100	7.5	sas+sap+san_750
194	0	100	7.6	sas+sap+san_760
195	0	100	7.7	sas+sap+san_770
196	0	100	7.8	sas+sap+san_780
197	0	100	7.9	sas+sap+san_790
198	0	100	8	sas+sap+san_800
199	0	100	7.6	sap+san+sao_760
200	0	100	7.7	sap+san+sao_770
201	0	100	7.8	sap+san+sao_780
202	0	100	7.9	sap+san+sao_790
203	0	100	8	sap+san+sao_800
204	0	100	8.1	sap+san+sao_810
205	0	100	7.7	sas+sap+san+sao_770
206	0	100	7.8	sas+sap+san+sao_780
207	0	100	7.9	sas+sap+san+sao_790
208	0	100	8	sas+sap+san+sao_800
209	0	100	8.1	sas+sap+san+sao_810
210	0	100	8.2	sas+sap+san+sao_820
211	0	100	6.2	hs_620
212	0	100	6.3	hs_630
213	0	100	6.4	hs_640
214	0	100	6.5	hs_650
215	0	100	6.6	hs_660
216	0	100	6.7	hs_670
217	0	100	6.8	hs_680
218	0	100	6.9	hs_690
219	0	100	7	hs_700
220	0	100	7.1	hs_710
221	0	100	5.8	hn_580
222	0	100	5.9	hn_590
223	0	100	6	hn_600
224	0	100	6.1	hn_610
225	0	100	6.2	hn_620
226	0	100	6.3	hn_630
227	0	100	6.4	hn_640
228	0	100	6.5	hn_650
229	0	100	6.6	hn_660
230	0	100	6.7	hn_670
231	0	100	6.8	hn_680
232	0	100	6.9	hn_690
233	0	100	6.5	hs+hn_650
234	0	100	6.6	hs+hn_660
235	0	100	6.7	hs+hn_670
236	0	100	6.8	hs+hn_680
237	0	100	6.9	hs+hn_690
238	0	100	7	hs+hn_700
239	0	100	7.1	hs+hn_710
240	0	100	7.2	hs+hn_720
241	0	100	7.3	hs+hn_730
242	0	100	6.7	rc_670
243	0	100	6.8	rc_680
244	0	100	6.9	rc_690
245	0	100	7	rc_700
246	0	100	7.1	rc_710
247	0	100	7.2	rc_720
248	0	100	6.8	hn+rc_680
249	0	100	6.9	hn+rc_690
250	0	100	7	hn+rc_700
251	0	100	7.1	hn+rc_710
252	0	100	7.2	hn+rc_720
253	0	100	7.3	hn+rc_730
254	0	100	7	hs+hn+rc_700
255	0	100	7.1	hs+hn+rc_710
256	0	100	7.2	hs+hn+rc_720
257	0	100	7.3	hs+hn+rc_730
258	0	100	7.4	hs+hn+rc_740
259	0	100	7.5	hs+hn+rc_750
260	0	100	5.8	cs_580
261	0	100	6.2	cc_620
262	0	100	6.4	cs+cc_640
263	0	100	6.5	cn_650
264	0	100	6.6	cn_660
265	0	100	6.7	cn_670
266	0	100	6.8	cn_680
267	0	100	6.9	cn_690
268	0	100	7	cn_700
269	0	100	7.1	cn_710
270	0	100	6.6	cc+cn_660
271	0	100	6.7	cc+cn_670
272	0	100	6.8	cc+cn_680
273	0	100	6.9	cc+cn_690
274	0	100	7	cc+cn_700
275	0	100	7.1	cc+cn_710
276	0	100	7.2	cc+cn_720
277	0	100	6.6	cs+cc+cn_660
278	0	100	6.7	cs+cc+cn_670
279	0	100	6.8	cs+cc+cn_680
280	0	100	6.9	cs+cc+cn_690
281	0	100	7	cs+cc+cn_700
282	0	100	7.1	cs+cc+cn_710
283	0	100	7.2	cs+cc+cn_720
284	0	100	7.3	cs+cc+cn_730
285	0	100	6.2	con_620
286	0	100	6.2	gvs_620
287	0	100	6	con+gvs_600
288	0	100	6.1	con+gvs_610
289	0	100	6.2	con+gvs_620
290	0	100	6.3	con+gvs_630
291	0	100	6.4	con+gvs_640
292	0	100	6.5	con+gvs_650
293	0	100	6.6	con+gvs_660
294	0	100	6.7	con+gvs_670
295	0	100	6.8	con+gvs_680
296	0	100	6.9	con+gvs_690
297	0	100	7	con+gvs_700
298	0	100	7.1	con+gvs_710
299	0	100	6.2	gvn_620
300	0	100	5.9	gvs+gvn_590
301	0	100	6	gvs+gvn_600
302	0	100	6.1	gvs+gvn_610
303	0	100	6.2	gvs+gvn_620
304	0	100	6.3	gvs+gvn_630
305	0	100	6.4	gvs+gvn_640
306	0	100	6.5	gvs+gvn_650
307	0	100	6.6	gvs+gvn_660
308	0	100	6.7	gvs+gvn_670
309	0	100	6.8	gvs+gvn_680
310	0	100	6.9	gvs+gvn_690
311	0	100	7	gvs+gvn_700
312	0	100	6.2	con+gvs+gvn_620
313	0	100	6.3	con+gvs+gvn_630
314	0	100	6.4	con+gvs+gvn_640
315	0	100	6.5	con+gvs+gvn_650
316	0	100	6.6	con+gvs+gvn_660
317	0	100	6.7	con+gvs+gvn_670
318	0	100	6.8	con+gvs+gvn_680
319	0	100	6.9	con+gvs+gvn_690
320	0	100	7	con+gvs+gvn_700
321	0	100	7.1	con+gvs+gvn_710
322	0	100	7.2	con+gvs+gvn_720
323	0	100	6.7	sgs_670
324	0	100	6.8	sgs_680
325	0	100	6.9	sgs_690
326	0	100	7	sgs_700
327	0	100	7.1	sgs_710
328	0	100	7.2	sgs_720
329	0	100	7.3	sgs_730
330	0	100	6.9	sgn_690
331	0	100	7	sgn_700
332	0	100	7.1	sgn_710
333	0	100	7.2	sgn_720
334	0	100	7.3	sgn_730
335	0	100	7.4	sgn_740
336	0	100	7.5	sgn_750
337	0	100	7.2	sgs+sgn_720
338	0	100	7.3	sgs+sgn_730
339	0	100	7.4	sgs+sgn_740
340	0	100	7.5	sgs+sgn_750
341	0	100	7.6	sgs+sgn_760
342	0	100	7.7	sgs+sgn_770
343	0	100	6.1	gs_610
344	0	100	6.2	gs_620
345	0	100	6.3	gs_630
346	0	100	6.4	gs_640
347	0	100	6.5	gs_650
348	0	100	6.6	gs_660
349	0	100	6.7	gs_670
350	0	100	6.8	gs_680
351	0	100	6.9	gs_690
352	0	100	7	gs_700
353	0	100	6.2	gn_620
354	0	100	6.3	gn_630
355	0	100	6.4	gn_640
356	0	100	6.5	gn_650
357	0	100	6.6	gn_660
358	0	100	6.7	gn_670
359	0	100	6.8	gn_680
360	0	100	6.9	gn_690
361	0	100	7	gn_700
362	0	100	6.6	gs+gn_660
363	0	100	6.7	gs+gn_670
364	0	100	6.8	gs+gn_680
365	0	100	6.9	gs+gn_690
366	0	100	7	gs+gn_700
367	0	100	7.1	gs+gn_710
368	0	100	7.2	gs+gn_720
369	0	100	6.2	mtd_620
370	0	100	6.3	mtd_630
371	0	100	6.4	mtd_640
372	0	100	6.5	mtd_650
373	0	100	6.6	mtd_660
374	0	100	6.7	mtd_670
375	0	100	6.8	mtd_680
376	0	100	6.9	mtd_690
377	0	100	7	mtd_700