32.6,-122.1,0.0   0.0023210126398292767
32.6,-122.1,0.0   0.0018822508656880584
32.6,-122.1,0.0   0.0015264321531846677
32.6,-122.1,0.0   0.0012378770336888183
32.6,-122.1,0.0   0.001003870068733187
32.6,-122.1,0.0   8.140995328877389E-4
32.6,-122.1,0.0   6.602030183889953E-4
32.6,-122.1,0.0   5.353989381909833E-4
32.6,-122.1,0.0   4.3418768928916383E-4
32.6,-122.1,0.0   3.5210930781307584E-4
32.6,-122.1,0.0   2.8554693674425884E-4
32.6,-122.1,0.0   2.315674458890953E-4
32.6,-122.1,0.0   1.8779218088272237E-4
32.6,-122.1,0.0   1.522921456653614E-4
32.6,-122.1,0.0   1.2350299955157988E-4
32.6,-122.1,0.0   1.001561231645062E-4
32.6,-122.1,0.0   8.122271559204451E-5
32.6,-122.1,0.0   6.586845935821516E-5
32.6,-122.1,0.0   5.3416755480333116E-5
32.6,-122.1,0.0   4.3318908531490526E-5
32.6,-122.1,0.0   3.512994788777297E-5
32.6,-122.1,0.0   2.8489019701419788E-5
32.6,-122.1,0.0   2.3103485554295046E-5
32.6,-122.1,0.0   1.8736027085234844E-5
32.6,-122.1,0.0   1.5194188345043912E-5
32.6,-122.1,0.0   1.2321895053475295E-5
32.6,-122.1,0.0   9.99257704738109E-6
32.6,-122.1,0.0   8.103590852949577E-6
32.6,-122.1,0.0   6.571696610603893E-6
32.6,-122.1,0.0   5.329390035147261E-6
32.6,-122.1,0.0   4.321927780646695E-6
32.6,-122.1,0.0   3.5049151249177826E-6
32.6,-122.1,0.0   2.8423496774376102E-6
32.6,-122.1,0.0   2.3050349012225395E-6
32.6,-122.1,0.0   1.8692935418152843E-6
32.6,-122.1,0.0   1.5159242681567819E-6
32.6,-122.1,0.0   1.2293555481773987E-6
32.6,-122.1,0.0   9.969594757800646E-7
32.6,-122.1,0.0   8.084953111268292E-7
32.6,-122.1,0.0   6.556582127272421E-7
32.6,-122.1,0.0   5.317132778795977E-7
32.6,-122.0,0.0   0.0034607952143486114
32.6,-122.0,0.0   0.0028065701480436992
32.6,-122.0,0.0   0.0022760190961985697
32.6,-122.0,0.0   0.0018457628539487385
32.6,-122.0,0.0   0.0014968417965855309
32.6,-122.0,0.0   0.0012138804067988544
32.6,-122.0,0.0   9.844097388056713E-4
32.6,-122.0,0.0   7.983179631434966E-4
32.6,-122.0,0.0   6.474047798945999E-4
32.6,-122.0,0.0   5.250200651628769E-4
32.6,-122.0,0.0   4.2577082743896154E-4
32.6,-122.0,0.0   3.452835606232767E-4
32.6,-122.0,0.0   2.800115215825123E-4
32.6,-122.0,0.0   2.27078439753852E-4
32.6,-122.0,0.0   1.8415177171862986E-4
32.6,-122.0,0.0   1.4933991559855158E-4
32.6,-122.0,0.0   1.2110885593362452E-4
32.6,-122.0,0.0   9.821456592334949E-5
32.6,-122.0,0.0   7.964818827793279E-5
32.6,-122.0,0.0   6.459157902202522E-5
32.6,-122.0,0.0   5.2381255252137E-5
32.6,-122.0,0.0   4.2479158170942365E-5
32.6,-122.0,0.0   3.444894304704521E-5
32.6,-122.0,0.0   2.793675129541757E-5
32.6,-122.0,0.0   2.2655617383531813E-5
32.6,-122.0,0.0   1.8372823439712622E-5
32.6,-122.0,0.0   1.4899644332372912E-5
32.6,-122.0,0.0   1.2083031329413298E-5
32.6,-122.0,0.0   9.798867869045018E-6
32.6,-122.0,0.0   7.946500252870037E-6
32.6,-122.0,0.0   6.444302251243823E-6
32.6,-122.0,0.0   5.226078170840984E-6
32.6,-122.0,0.0   4.238145881796842E-6
32.6,-122.0,0.0   3.4369712676931956E-6
32.6,-122.0,0.0   2.787249855069622E-6
32.6,-122.0,0.0   2.260351090934207E-6
32.6,-122.0,0.0   1.833056711810992E-6
32.6,-122.0,0.0   1.4865376101206087E-6
32.6,-122.0,0.0   1.205524112871271E-6
32.6,-122.0,0.0   9.776331098430279E-7
32.6,-122.0,0.0   7.928223809477813E-7
32.6,-115.9,0.0   0.0048390515303643016
32.6,-115.9,0.0   0.003924282348073519
32.6,-115.9,0.0   0.0031824401643108
32.6,-115.9,0.0   0.0025808350422060603
32.6,-115.9,0.0   0.0020929567159737135
32.6,-115.9,0.0   0.0016973063924283127
32.6,-115.9,0.0   0.0013764493875057713
32.6,-115.9,0.0   0.0011162468513739004
32.6,-115.9,0.0   9.052327274161986E-4
32.6,-115.9,0.0   7.341084902294196E-4
32.6,-115.9,0.0   5.953333978159581E-4
32.6,-115.9,0.0   4.827922020685158E-4
32.6,-115.9,0.0   3.91525674913056E-4
32.6,-115.9,0.0   3.175120755044448E-4
32.6,-115.9,0.0   2.5748992863245567E-4
32.6,-115.9,0.0   2.0881430491048898E-4
32.6,-115.9,0.0   1.6934026960523525E-4
32.6,-115.9,0.0   1.3732836417624662E-4
32.6,-115.9,0.0   1.1136795548569852E-4
32.6,-115.9,0.0   9.03150749916949E-5
32.6,-115.9,0.0   7.324200875550438E-5
32.6,-115.9,0.0   5.9396416899694615E-5
32.6,-115.9,0.0   4.8168181081720274E-5
32.6,-115.9,0.0   3.9062519084910404E-5
32.6,-115.9,0.0   3.1678181799492646E-5
32.6,-115.9,0.0   2.5689771823030625E-5
32.6,-115.9,0.0   2.083340453364055E-5
32.6,-115.9,0.0   1.6895079779310457E-5
32.6,-115.9,0.0   1.3701251770384583E-5
32.6,-115.9,0.0   1.1111181629547518E-5
32.6,-115.9,0.0   9.010735608358017E-6
32.6,-115.9,0.0   7.307355681011804E-6
32.6,-115.9,0.0   5.925980893186585E-6
32.6,-115.9,0.0   4.805739733945382E-6
32.6,-115.9,0.0   3.89726777835413E-6
32.6,-115.9,0.0   3.1605324002650255E-6
32.6,-115.9,0.0   2.5630686987873106E-6
32.6,-115.9,0.0   2.0785489032374616E-6
32.6,-115.9,0.0   1.6856222173811864E-6
32.6,-115.9,0.0   1.3669739766245337E-6
32.6,-115.9,0.0   1.108562662057929E-6
