112200	-122.49933795700	37.95767955610
121200	-122.50352098900	37.92981898120
122000	-122.48997608500	37.94014320180
35201	-122.50710418200	37.75498738930
35202	-122.50617567000	37.76140366560
35400	-122.50529137700	37.74250951460
47901	-122.50733987400	37.77588694060
47902	-122.50400286600	37.77921372420
60200	-122.50167019900	37.78442166710
101200	-122.54380930800	38.10102891050
104300	-122.50855988200	38.07833556650
105000	-122.51520511300	38.05786689100
106001	-122.51863460800	38.02903325010
33000	-122.48479315500	37.73855021000
33100	-122.48726964700	37.73225248340
33201	-122.47980245000	37.72631984770
35300	-122.49781978700	37.74256716850
60400	-122.49379008100	37.71955265570
113000	-122.66664340500	38.01386955350
132100	-122.67791462800	37.92318248680
132200	-122.84941678600	38.05077675070
30600	-122.45716306100	37.74381745590
30800	-122.46784067000	37.73922834660
30900	-122.46835119500	37.72832944790
31000	-122.45720341100	37.72863750200
31200	-122.45550468000	37.72088030690
428500	-122.25903846400	37.76156293130
428600	-122.27005894700	37.76528426090
13300	-122.45242932700	37.78874359490
15600	-122.45645151500	37.77826123050
40100	-122.46183940300	37.78517329140
40200	-122.46843730600	37.78439160800
45100	-122.46137285300	37.77761010120
45200	-122.46802719100	37.77714560680
47600	-122.47556890000	37.77678057570
123000	-122.46631602800	37.87379743180
124100	-122.49165947800	37.90636405710
124200	-122.45348761700	37.88053383880
127000	-122.55837363300	37.91054086350
32600	-122.48179548200	37.76055353160
32700	-122.49113486300	37.76014349390
32800	-122.48102600900	37.74938144160
32900	-122.49034711100	37.74898442280
35100	-122.49912295300	37.75762771840
125000	-122.50788362100	37.89117145700
126100	-122.54049673800	37.91214095490
126200	-122.52228159500	37.90220983790
128100	-122.53244975100	37.87185656280
128200	-122.54631104400	37.89351678350
129000	-122.51306294600	37.86939208570
130200	-122.49305225700	37.85913404160
131000	-122.55696582900	37.87138897520
42600	-122.47818867900	37.78327820170
42700	-122.48819314100	37.78229993070
42800	-122.48682584500	37.78671411380
47701	-122.48409355300	37.77827413360
47702	-122.48382703100	37.77447316170
47800	-122.49390636500	37.77652916040
60100	-122.46628769100	37.79740710240
60300	-122.48190448900	37.76902510250
30101	-122.45973135000	37.76423422780
30102	-122.45693916500	37.75834621780
30201	-122.47382785300	37.76276790170
30202	-122.46733834400	37.76305046190
30301	-122.46930223300	37.75695755090
30302	-122.47173530700	37.75194679410
30400	-122.46758492800	37.74697896340
30500	-122.45265359000	37.75177049150
102201	-122.58178629700	38.11385300110
103200	-122.58610019700	38.09830490640
104101	-122.56428175200	38.07934920980
104102	-122.55923708800	38.08810119540
104200	-122.56947475000	38.06120228270
106002	-122.50618196400	38.00495005510
107000	-122.58329673100	38.03826473330
108100	-122.56296692500	38.01797554620
110200	-122.47586063700	37.98674087440
114100	-122.59392641600	37.97611224390
114200	-122.60023761800	38.00405512300
115000	-122.58264590100	38.00551269160
116000	-122.57564806900	37.97959835490
117000	-122.56375152200	37.97479213500
118100	-122.56141071700	37.96366012280
118200	-122.63840593000	37.96332007420
119100	-122.55319290700	37.94733218780
108200	-122.54803339700	37.99892213900
109000	-122.54054764900	37.98285210150
110100	-122.50905615700	37.98261156630
111000	-122.53678779600	37.97023534350
112100	-122.52080553700	37.96106123180
119200	-122.52614801200	37.94978408650
120000	-122.53805710600	37.93566465000
121100	-122.52303703800	37.92419002310
359101	-122.28354208700	38.01241304760
365002	-122.37623568900	37.96147724420
376000	-122.36238101300	37.94102560500
377000	-122.36292263300	37.93377306020
378000	-122.38939825700	37.93721473270
379000	-122.35667622700	37.92830597250
250800	-122.30995498400	38.12116646350
250900	-122.25989345400	38.10140786590
251600	-122.26274999500	38.10860777090
361000	-122.28872298700	37.94379513530
362000	-122.31542840700	37.94581309810
369002	-122.32366749900	37.95870027940
370000	-122.32225098400	37.93987841240
384000	-122.31235827900	37.93400591930
385100	-122.29558426000	37.92429718100
385200	-122.30877238600	37.92750273700
386000	-122.31574666400	37.92299793280
387000	-122.30599492300	37.91700431010
368000	-122.35239618500	37.95741160620
369001	-122.33653402100	37.95678283310
371000	-122.32994609100	37.94031113240
372000	-122.33997877700	37.94857314800
373000	-122.35380403100	37.94761511520
374000	-122.34149876700	37.93943538530
375000	-122.35181037300	37.94025610570
381000	-122.33510185100	37.93018602440
359102	-122.30726247100	38.00311388450
363000	-122.30868545000	37.97889540360
364001	-122.32460457200	38.00161893990
364002	-122.31756696600	37.99392055990
365001	-122.34910135400	37.98763968980
366001	-122.34607132000	37.97607106040
366002	-122.35102324700	37.96905630230
367100	-122.33037219500	37.97255482490
367200	-122.33554781500	37.96595514830
359203	-122.25711585600	38.00865622160
359204	-122.26575667300	38.00063268910
360100	-122.27401877300	37.97378290370
360200	-122.29449085100	37.96890546870
10500	-122.39866809900	37.79907819940
11500	-122.40273985100	37.79565009780
11700	-122.40349550700	37.79046929740
17602	-122.39847399000	37.78906597480
17901	-122.39209109800	37.78573766660
17902	-122.36995986100	37.81946544870
18000	-122.40227231000	37.77534720350
60700	-122.39360231900	37.77168450240
12600	-122.43465355300	37.80487643510
12700	-122.44531897200	37.80313201440
12800	-122.44176000500	37.79784213900
12900	-122.43047253600	37.80111192250
13000	-122.43052228400	37.79727248710
13200	-122.43878706400	37.79369470790
21700	-122.43925667100	37.74027477730
21800	-122.42913747900	37.73794926310
25500	-122.43732990900	37.72813305270
26001	-122.43230889000	37.72358466200
26003	-122.42886224400	37.71967192450
26100	-122.44320643600	37.71962982800
30700	-122.45022976500	37.73746167520
31100	-122.44644521000	37.72961135530
16900	-122.43240640500	37.76712585980
17000	-122.43950325900	37.76492292640
17100	-122.44822603400	37.76558809390
20300	-122.42953116900	37.76489412020
20400	-122.44407875000	37.75515684460
20500	-122.43705617500	37.75912988450
20600	-122.43044355000	37.75956984890
21300	-122.43838300800	37.74930909370
21100	-122.42992076800	37.75397654390
21200	-122.43812388500	37.75318765670
21400	-122.42952482100	37.74958238970
21600	-122.43819391700	37.74551722920
20200	-122.42425383000	37.76706430090
20700	-122.42364268000	37.75918907370
20800	-122.41917756700	37.75945494180
20900	-122.41843913600	37.75183879630
21000	-122.42295158200	37.75163436510
21500	-122.42672795200	37.74507853750
25300	-122.42018181900	37.74376096060
22801	-122.41255662100	37.76075809940
22802	-122.40624858300	37.75892955670
22803	-122.41214385200	37.75585074470
22901	-122.41397471100	37.75121910930
22902	-122.41040545300	37.75134189650
22903	-122.40626159100	37.75178812020
25200	-122.41424748300	37.74373708540
25100	-122.40764078200	37.74403270210
25401	-122.42102213500	37.73774147740
25402	-122.41298745300	37.73650592950
25403	-122.42114851100	37.73384054620
25600	-122.42243969300	37.72876993790
25700	-122.40918201500	37.73001615980
25900	-122.41098859600	37.72349091570
26002	-122.42626728700	37.72607550800
13400	-122.44080433300	37.78987891970
13500	-122.43257896900	37.79092968000
15200	-122.43028732800	37.78794459870
15300	-122.43935109300	37.78678591320
15400	-122.45107169600	37.78438580920
15500	-122.43413785900	37.78512340440
15700	-122.44800678600	37.77894673370
16500	-122.44780303000	37.77421829230
16600	-122.44745931700	37.77051066580
15800	-122.43774157300	37.78026282350
15900	-122.42936314700	37.78337403450
16100	-122.42868970600	37.78001163030
16300	-122.42957128900	37.77606816520
16400	-122.43700163900	37.77512307180
16700	-122.43772717600	37.77038003640
10100	-122.41135588100	37.80693829960
10200	-122.42164588000	37.80389854380
10300	-122.41572289200	37.80170338160
10900	-122.42055608300	37.79804427950
11000	-122.41983853500	37.79438354230
13100	-122.42631683500	37.79313935410
10400	-122.40756375800	37.80230814910
10600	-122.40640914400	37.79943778300
10700	-122.41003504900	37.79854867020
10800	-122.41432034700	37.79654564590
11200	-122.41276661200	37.79300839940
11300	-122.40937320600	37.79474572350
11400	-122.40662483300	37.79562799720
11800	-122.40617685900	37.79340029420
11100	-122.41909964900	37.79077809900
12000	-122.41854694800	37.78799715510
12200	-122.41805642300	37.78566510400
12400	-122.41736344900	37.78073756810
15100	-122.42343178900	37.78748560690
16000	-122.42249287900	37.78236267710
16200	-122.42290220700	37.77718324460
16800	-122.42698871300	37.77243954570
20100	-122.41999395900	37.76866076640
11900	-122.41148059300	37.79082344300
12100	-122.41192489400	37.78884021300
12300	-122.41145251500	37.78650490920
12500	-122.41147421600	37.78331650040
17601	-122.41075892900	37.77940092730
17700	-122.41245703000	37.76803006600
17800	-122.40646326600	37.77785313350
22600	-122.38726747100	37.75951093100
22701	-122.40204685700	37.76027684980
22702	-122.39571594800	37.76256406260
22703	-122.39706252500	37.75525152150
23103	-122.37605528200	37.73534332670
60600	-122.36829830800	37.72473300550
60900	-122.39043799500	37.74516444900
23001	-122.40178670900	37.73520057720
23002	-122.39214251500	37.73642631340
23003	-122.39585508600	37.73270563670
23101	-122.38839473100	37.73763827210
23102	-122.38450831000	37.73452677510
23200	-122.38614482500	37.72772393480
23300	-122.39778242600	37.72542672710
23400	-122.39015493600	37.72167551650
25800	-122.40202529600	37.72165677310
401700	-122.30319531800	37.81947096380
420300	-122.30555109600	37.89267355220
420400	-122.31015566200	37.88614415450
422000	-122.30273729400	37.86594712900
380000	-122.34122625900	37.91416617110
382000	-122.32291945500	37.91596802020
383000	-122.31182331000	37.90909821770
389200	-122.30524701400	37.90102607610
420500	-122.29493817600	37.88660597920
420600	-122.28710667400	37.88702084150
421100	-122.26620672500	37.89943816510
421200	-122.27469600800	37.89736061730
421500	-122.25951694100	37.89172626980
421900	-122.28957005600	37.87942970550
422100	-122.29653248900	37.87336430600
422200	-122.28783039500	37.87294602690
392000	-122.27647088200	37.90964291480
420100	-122.29095590200	37.89480108750
420200	-122.29742122300	37.89447138990
421300	-122.28132279800	37.89113175510
388000	-122.30231016100	37.90893326500
389100	-122.29813237600	37.90225730830
390100	-122.29356561200	37.91398520950
390200	-122.29122380900	37.90456146200
391000	-122.28435752500	37.90725792550
421400	-122.27091437100	37.88836857490
421600	-122.25572980100	37.88389291290
421700	-122.27015760100	37.88196577530
421800	-122.27815591200	37.88035664740
422300	-122.27789125200	37.87413453350
422400	-122.26956379600	37.87530992970
422500	-122.26054769100	37.87727734980
422800	-122.25995557200	37.86678038160
422900	-122.26919783500	37.86794539030
423000	-122.27709624500	37.86689118660
400800	-122.28328949200	37.84539575610
400900	-122.28035940500	37.83944528280
401500	-122.28059399000	37.82288949020
401600	-122.28144956700	37.81734793870
423100	-122.28634435100	37.86584560080
423200	-122.29368970300	37.86455136240
423300	-122.28425287700	37.85733334340
424002	-122.28174645800	37.85045319500
425100	-122.29112094200	37.83812390210
400400	-122.25753224000	37.84800590150
400500	-122.26483147000	37.84853343830
400700	-122.27237277600	37.84179186640
423400	-122.27587851100	37.85834677210
423500	-122.26801456300	37.85933446010
423601	-122.25870111700	37.85886933280
423602	-122.25925612900	37.86317884320
423901	-122.26747015800	37.85240574380
423902	-122.25711243600	37.85450871160
424001	-122.27480247300	37.85042893660
400600	-122.26488526800	37.84197161730
401000	-122.27209058100	37.83119976460
401100	-122.26382126700	37.83051914320
401200	-122.25790666400	37.83057980560
401300	-122.26665819700	37.81804586580
401400	-122.27331273400	37.82068304960
403500	-122.25943406700	37.81729615730
401800	-122.29821335600	37.80950675250
401900	-122.31334282800	37.80300852530
402000	-122.29240497800	37.79731946020
402100	-122.29017056100	37.80631330790
402200	-122.29373716300	37.80948187440
402300	-122.28808448500	37.81247447700
402400	-122.28240821000	37.81200553100
402500	-122.28468010700	37.80579593440
427500	-122.31015734700	37.78432602690
427300	-122.26761321300	37.78005215080
427400	-122.28409593200	37.78588298480
427600	-122.28356068000	37.77784826390
427700	-122.28460844900	37.77180721320
427800	-122.26903648100	37.77154049000
427900	-122.25822733100	37.76984824420
402600	-122.27990437100	37.80431812910
402700	-122.27694606300	37.81035387650
402800	-122.27144612100	37.80867574270
402900	-122.26669971400	37.80715156100
403000	-122.27065905100	37.80050177620
403100	-122.27541466800	37.80239840500
403200	-122.27686396700	37.79624904340
403300	-122.26604583000	37.79503963540
403400	-122.25888466200	37.80454734920
603100	-122.48222873200	37.61564855050
603200	-122.50546718300	37.58818636760
603300	-122.48565411800	37.58175643200
603400	-122.46230915600	37.59486019960
603500	-122.46025970100	37.62384456600
603600	-122.46067269300	37.62954448340
613502	-122.46786442600	37.52136665260
613600	-122.49834671800	37.54471694070
26200	-122.45393702100	37.71136865390
31300	-122.46741726900	37.71578429740
31400	-122.45718762400	37.71475256200
600500	-122.45695232900	37.69705387810
600600	-122.46661325400	37.69757570430
600700	-122.46415513800	37.70527660640
601300	-122.46549706500	37.68796185590
601604	-122.46911938000	37.66854278080
33202	-122.47931046100	37.71767113280
600800	-122.48051043600	37.70012312280
600900	-122.48801562400	37.70473321310
601000	-122.49272317400	37.67832818870
601100	-122.48936999700	37.69214847300
601200	-122.47845401400	37.69333945720
601400	-122.47863866200	37.68098330180
601501	-122.48567064200	37.67508176670
601502	-122.47828301700	37.66929242960
601603	-122.46118461700	37.65575297220
601605	-122.46988724300	37.65703674340
601700	-122.45600122600	37.66279641810
602600	-122.46100177100	37.64629553680
602700	-122.47528240000	37.64856602330
602800	-122.48393624100	37.65948349210
602900	-122.48896377400	37.65150294290
603000	-122.48419476200	37.63628538240
604400	-122.39022295300	37.60497335080
604800	-122.39776824400	37.59951043520
604900	-122.39783219700	37.58933989970
605000	-122.38953372000	37.58115553870
605100	-122.37113894300	37.59430061480
605200	-122.37666607600	37.58341897490
605300	-122.36210968300	37.58207424830
603800	-122.43403448000	37.61919347810
603900	-122.41707055700	37.61407244760
604500	-122.41003306000	37.60619766460
604600	-122.41847941100	37.60038230050
604700	-122.40665773500	37.59367888360
605600	-122.36891643300	37.56492720270
613501	-122.41455630400	37.53431544060
61000	-122.38993174400	37.71339429390
604000	-122.42065030800	37.62342331000
604101	-122.41007675400	37.62362580210
604102	-122.42565084900	37.63331676940
604200	-122.40611932600	37.62739353990
604300	-122.38309267900	37.62077197680
601800	-122.44606232600	37.65537510810
601900	-122.43595553700	37.66260896400
602100	-122.40646836300	37.66179245730
602200	-122.41757492900	37.65621073570
602300	-122.40057136100	37.65077710550
602400	-122.43579917100	37.64447632570
602500	-122.45053564200	37.63997535220
603700	-122.44851153000	37.63263982680
26004	-122.43574137200	37.71790635900
26301	-122.43958435900	37.71388699680
26302	-122.43070071100	37.71161827580
26303	-122.44347011200	37.70967451510
600100	-122.41190313600	37.68771590070
600300	-122.43192088900	37.70222222260
600400	-122.44815433800	37.70534210130
601601	-122.45019970900	37.67801486790
602000	-122.41996608000	37.66886653430
26401	-122.41115170500	37.71349444070
26402	-122.40336520000	37.71653603050
26403	-122.40692317500	37.71120786290
26404	-122.41540988000	37.70962960360
60501	-122.41861130300	37.71798435790
60502	-122.42011807300	37.71101846420
600200	-122.41566376700	37.70438001980
606700	-122.32360018800	37.54056325930
607000	-122.32317248700	37.52461661800
607300	-122.31195973500	37.53422369700
607400	-122.31233834900	37.54433545160
607701	-122.30342856500	37.57115616450
607702	-122.30255239100	37.56498651570
607800	-122.29485519000	37.56080545720
607900	-122.28608485200	37.56090294660
605700	-122.34821744600	37.54794937590
605800	-122.34528845800	37.56797682170
606300	-122.31925906200	37.56538449670
606400	-122.32567044700	37.56141039330
606500	-122.33101718000	37.55344778910
606600	-122.31700981300	37.55293943030
606800	-122.33767884300	37.52942966720
607600	-122.30664842800	37.55819678400
605400	-122.34546466700	37.58621907570
605500	-122.34828404600	37.57659112760
605900	-122.33408496600	37.57240260120
606000	-122.33110685400	37.58006557730
606100	-122.31695468500	37.58142937820
606200	-122.32202634200	37.57282759280
607100	-122.30456028200	37.52718481280
607200	-122.29749068300	37.53316795880
607500	-122.29979896500	37.54679847210
608400	-122.28476306100	37.54618798630
608501	-122.28898480000	37.53748716580
608502	-122.28256515900	37.53172919530
608001	-122.25848737500	37.55148107700
608002	-122.26728761300	37.54881544660
608004	-122.27535986000	37.56091045410
608100	-122.26195550700	37.56125845740
608200	-122.25947820500	37.56743982030
608013	-122.26308646300	37.53978813560
608023	-122.27063393600	37.54143293160
608600	-122.27375360100	37.52702463450
610304	-122.25543841000	37.52852923010
606900	-122.34565480200	37.52016498530
608800	-122.31076968800	37.51654958390
608900	-122.31023238300	37.50466442710
609700	-122.27449693800	37.46532294740
613400	-122.27959471800	37.41829055810
613700	-122.37419901900	37.44852195650
608700	-122.28831131600	37.52083345230
609000	-122.28053599400	37.51347354820
609200	-122.26106308300	37.50327409750
609400	-122.26329282400	37.49476450620
609500	-122.27750361900	37.50479088080
609601	-122.28340087000	37.49552104480
609602	-122.27620467800	37.48892442550
609603	-122.28149568400	37.48142503660
613800	-122.30244092300	37.27812558410
154200	-123.08876243400	38.78424471990
154301	-123.21884437400	38.63227213990
151201	-122.70293336900	38.31728817690
151203	-122.69339566800	38.32227898130
151306	-122.69328787300	38.34711830800
151310	-122.68255903600	38.33936499590
151311	-122.67686903800	38.32604591720
152701	-122.74689210700	38.52872314180
153802	-122.73982679700	38.57787463710
153803	-122.79279806200	38.53729211300
153901	-122.82208932000	38.61292587630
153502	-122.87391014000	38.34244301340
153600	-122.88815062800	38.42059455880
153703	-123.00898893500	38.47423834540
153706	-122.90472260400	38.47089914300
154302	-122.98218447500	38.36607645520
151401	-122.68710276300	38.40798544100
151504	-122.66787520000	38.43610238290
151700	-122.66567661400	38.45108976090
151800	-122.69143001100	38.44270990560
153300	-122.76707170800	38.39532243540
153403	-122.79991335800	38.38068354320
153404	-122.82720675800	38.38197345910
153501	-122.79444573100	38.33739088820
152702	-122.79138448200	38.50432577030
152801	-122.75036042200	38.48292455490
152901	-122.79795340800	38.47190129980
152903	-122.74813825900	38.45735301850
152904	-122.76074424300	38.46109828440
153005	-122.80118331100	38.43349315410
153006	-122.75843409700	38.44324831520
153401	-122.84217232800	38.41302136990
152100	-122.72286376700	38.45928025790
152201	-122.71284834100	38.45701967960
152202	-122.67539383200	38.46708272200
152300	-122.69913904600	38.46004656030
152400	-122.70728867100	38.48580512290
152501	-122.65683085400	38.46557520350
152502	-122.66414901600	38.47844444510
152802	-122.73571122400	38.46515510040
151900	-122.70836678700	38.43518736000
152000	-122.71329079400	38.44163682280
152203	-122.70704239700	38.44835501520
153001	-122.73673567600	38.45094188250
153002	-122.73268491800	38.44109767150
153003	-122.73845008000	38.43404524400
153101	-122.73069431500	38.42451268530
153102	-122.72168350100	38.42010765510
151204	-122.70719656400	38.31846178950
151301	-122.70020438900	38.33424419250
151305	-122.70670005400	38.34336573390
151307	-122.69959982600	38.37054721160
151308	-122.69991338300	38.35628394470
151402	-122.70586250100	38.39777288970
151502	-122.65460140700	38.38952688310
153200	-122.72841974100	38.38805277900
133000	-122.78880141200	38.17011501400
150800	-122.66469793400	38.20879553860
150902	-122.65328461100	38.24434759940
151000	-122.67986418400	38.25768219070
151100	-122.75280414200	38.26450283380
153704	-123.00635001800	38.53105344820
153705	-122.90774523700	38.51068604370
153801	-122.84331746100	38.52911839110
153902	-122.86724672600	38.61230969850
153903	-122.85701286700	38.61898716630
154000	-122.95681932600	38.61592326560
154100	-122.82237942100	38.72991164490
201700	-122.42255098900	38.55476597060
201800	-122.28827208200	38.64190135310
201900	-122.55149424400	38.62646587510
202000	-122.58134170200	38.58179184580
152600	-122.63908552800	38.52243645820
101100	-122.53991496200	38.13289950030
201200	-122.35881305800	38.38190424010
201300	-122.36635630600	38.39649105290
150201	-122.45797871200	38.28097665630
150202	-122.43932303200	38.31882707250
150303	-122.52341277400	38.29994361640
150304	-122.49016236800	38.30680509260
150606	-122.54649733500	38.21818666020
102100	-122.59019797200	38.13188486490
103100	-122.64545695900	38.11609883570
150601	-122.61324302000	38.23764727000
150602	-122.60682069300	38.24409146070
150603	-122.61741507000	38.25477563940
150605	-122.64340871500	38.27311570250
150701	-122.62966723100	38.23351612230
150702	-122.62579956900	38.20108957540
150901	-122.64265818200	38.24756505640
201500	-122.46021202800	38.47206182300
201600	-122.46714652700	38.50441140540
150302	-122.47390806900	38.33639419720
150500	-122.53105239700	38.38522742330
151309	-122.63505472800	38.34410629020
151503	-122.62809503000	38.41217223060
151600	-122.57529476900	38.44722589340
200400	-122.26753188700	38.31024352870
200501	-122.30124509800	38.31129276020
200502	-122.28881171300	38.31673218060
200600	-122.30565820800	38.33401959750
200701	-122.31328045600	38.31091886230
200702	-122.32592824900	38.32756231180
200703	-122.32943188100	38.30985040700
201001	-122.27952020500	38.20033326050
201100	-122.36833120500	38.28183377320
251701	-122.26694737600	38.11607518180
251702	-122.26881502600	38.12208401820
251802	-122.25657460600	38.12835588100
251803	-122.26629179000	38.13860790320
251804	-122.27735451700	38.14939617450
150100	-122.43069003800	38.21576403900
200201	-122.29792462800	38.29189878800
200202	-122.28832106400	38.29536521410
200203	-122.28917417700	38.28666150490
200300	-122.26909724900	38.28838209950
200503	-122.28697406500	38.30505308770
200801	-122.32368003200	38.29479934820
200802	-122.30087632600	38.26194788390
200900	-122.27175560100	38.27081431840
201400	-122.21969476000	38.39878597300
252902	-121.94548367100	38.36554273490
252903	-122.03253161600	38.43843279740
252904	-121.93254473400	38.40337609410
252907	-121.93400108700	38.32255267980
252908	-121.95692760600	38.34237229470
252909	-121.92321756600	38.34435691760
252910	-121.94424558700	38.34003849610
201002	-122.23012822100	38.22753526540
252201	-122.16588432800	38.25377543210
252202	-122.14474153800	38.16537330250
252305	-122.09959670200	38.21849951350
252306	-122.06449880600	38.26558271040
252307	-122.07857608200	38.29602497770
252401	-122.05826005800	38.25338822450
252402	-122.06764931700	38.22499762490
250101	-122.21660553000	38.11554190680
250102	-122.19216143400	38.13278288520
251300	-122.23601025200	38.11459874320
251400	-122.23954469900	38.12376780570
251500	-122.24970410400	38.11150626810
251901	-122.23707223700	38.13575240270
251902	-122.24409291600	38.14803086410
251903	-122.22677610600	38.14871481410
253000	-121.98135607000	38.32425993780
253101	-122.00651173200	38.35056022990
253105	-121.96715855300	38.35399786540
253106	-121.96606426500	38.34172337790
253107	-121.97911355100	38.34218884810
253108	-122.00128053900	38.32988766270
253201	-122.01149316700	38.37029603320
253202	-121.97904067200	38.38271024610
253203	-121.99676125600	38.36221170160
252308	-122.02668349300	38.29905845110
252604	-122.05139961900	38.26425644060
252605	-122.03968871700	38.26557567530
252606	-122.02959248200	38.26554942800
252608	-122.02156256100	38.26634817280
252702	-121.98257508800	38.14529008330
252705	-121.99750911700	38.24787179590
252706	-121.98025912600	38.25650831110
252800	-121.94310003700	38.26421885580
252309	-121.97305632100	38.29258848040
252501	-122.04153948900	38.25441785160
252502	-122.04487051000	38.24708134770
252607	-122.02967288300	38.25443255990
252609	-122.00997379300	38.26706358940
252703	-122.02714825100	38.24857585510
252704	-122.01308369500	38.24890466990
252707	-122.00047109900	38.26018565860
253300	-121.80038223500	38.42280593230
253401	-121.84293255800	38.44313120490
253402	-121.81858169700	38.44338815550
253500	-121.77691967000	38.20430920710
506202	-121.99046730300	37.30117712950
506604	-121.98674033800	37.28087027570
507402	-121.99950088900	37.28192876670
507903	-122.01016713500	37.30266776360
507904	-122.00195314700	37.30188375510
508002	-122.00450937700	37.31671881400
512035	-121.76140879500	37.22348699290
512100	-121.71768238800	37.18268822540
501700	-121.88612929300	37.32336951770
503112	-121.87096034800	37.32233634150
503113	-121.88071270200	37.31581832040
512402	-121.57114595900	37.09594417200
506601	-121.98238168700	37.29283355710
506603	-121.96935277400	37.28226737690
506605	-121.96934858500	37.29739061410
506606	-121.96868835600	37.29026342450
506702	-121.96255498500	37.27436776850
507702	-122.05919013400	37.29909025790
507703	-122.07584332800	37.31341596490
511703	-122.12648531900	37.31472765500
507001	-121.99349514600	37.22122890840
507401	-122.01829344300	37.28825519520
507701	-122.04939731400	37.32029484030
507807	-122.04054267900	37.31236444830
507808	-122.03788688100	37.30226453870
507905	-122.02807708300	37.30262690730
507906	-122.01919794900	37.30201005360
508001	-122.02262869600	37.31667285140
506203	-121.98295271200	37.32079638120
506204	-121.98643618900	37.31371408410
506301	-121.96149464100	37.31980740460
506304	-121.97040320600	37.31236277210
506305	-121.97170569300	37.30452340560
507301	-122.00786461300	37.25904691220
507302	-122.02904409900	37.23835735090
507500	-122.02388901700	37.27440645120
507600	-122.05259092100	37.27120145870
506701	-121.97939945100	37.27072094820
506703	-121.96688643900	37.26480584590
507100	-121.97514907800	37.23626898350
507203	-121.96457490500	37.25134430400
507205	-121.98125921300	37.25773909300
507206	-121.98543124500	37.24378861490
502001	-121.93313295100	37.32249421200
502002	-121.92086232600	37.31954412790
502101	-121.93613266600	37.30602910030
502102	-121.92543669300	37.31039588290
502201	-121.92069858700	37.30479764960
506802	-121.93609427500	37.24698276510
506803	-121.91440719500	37.24289356440
506804	-121.93397482400	37.23974404700
502701	-121.93767928200	37.27094360800
502702	-121.94271508600	37.25823832340
502800	-121.92313625100	37.25586902940
502901	-121.92703778800	37.27139466290
502902	-121.91566528800	37.27357086090
506502	-121.94816571000	37.27847653030
506801	-121.95649633700	37.24231217370
502202	-121.92058090400	37.29810954690
502601	-121.91469605300	37.29022123060
502602	-121.93256327400	37.28562312200
506302	-121.95692892500	37.30897127240
506401	-121.94533927600	37.31640151120
506402	-121.94512623100	37.30160359970
506501	-121.95605198800	37.29807593070
506503	-121.95476593300	37.28579660850
501800	-121.89623198700	37.31673190990
501900	-121.90844351300	37.31892476710
502300	-121.90751646800	37.30367251000
502400	-121.89234052600	37.30485783240
502500	-121.89283924700	37.29318090830
502903	-121.90504928400	37.27792912080
503001	-121.89199130800	37.28402388140
503002	-121.88729868200	37.27685243400
503108	-121.87377370800	37.28351820590
502906	-121.90147469700	37.24778510330
502907	-121.89727090700	37.26331397880
502908	-121.90871340400	37.25928604370
511901	-121.89149153900	37.23950793050
511913	-121.89125948700	37.22751302640
511914	-121.87707188200	37.23053646000
502909	-121.88745365100	37.25649946270
502910	-121.88372017300	37.25138144420
503003	-121.88502794600	37.26743964140
512005	-121.86555190700	37.27006598430
512024	-121.86720052200	37.26050155560
506900	-121.93217563700	37.22763313090
507002	-121.94962374100	37.20990949350
511800	-121.92345156100	37.16021557890
511909	-121.85796543500	37.19245072980
511910	-121.86941435600	37.21291739250
503319	-121.74223167200	37.30916519760
503320	-121.74142269300	37.28359586160
512200	-121.70757244200	37.05026022500
512305	-121.67697376900	37.12302435320
503211	-121.83243931700	37.31181059500
503212	-121.82912390700	37.30471446450
503213	-121.83729075600	37.30150707390
503304	-121.82124320800	37.31261992220
503305	-121.81477586400	37.31987799280
511905	-121.85818687500	37.21459495060
511907	-121.85420357500	37.21967222840
511911	-121.81094340000	37.19864030260
511912	-121.83421307300	37.20568049450
512014	-121.83511036300	37.23914037410
512017	-121.81677731700	37.27307937410
512020	-121.83602066500	37.27210723280
512021	-121.82344098400	37.26375860330
512023	-121.82431979200	37.25501006140
512028	-121.81823883100	37.24068192000
512029	-121.81596954000	37.24763550380
512030	-121.82420226000	37.23264120970
512015	-121.84453686000	37.24102036700
512016	-121.86029134400	37.24528186420
512019	-121.84572570500	37.27072932810
512025	-121.85213417900	37.26021078030
512026	-121.83791873700	37.25939546060
512027	-121.85876932100	37.25296531930
503103	-121.86424029000	37.30881058870
503106	-121.84705049300	37.32276061220
503111	-121.83979592700	37.32251740630
503115	-121.85782582900	37.28928668660
503116	-121.85324982400	37.27768383090
503204	-121.83923573600	37.28916175210
503214	-121.84796782000	37.29915920720
503207	-121.81551871900	37.29472596530
503208	-121.81553515300	37.28059750530
503210	-121.82264419600	37.29042548020
503217	-121.83026923800	37.28672381330
503218	-121.82985461600	37.28048737240
503315	-121.80136895300	37.31838031090
503317	-121.80692747000	37.30407515800
503325	-121.78880585800	37.32063670140
503326	-121.76411058400	37.32483515440
503327	-121.78862710400	37.30792736190
503328	-121.77182170900	37.28239119930
512001	-121.76852295000	37.25727625880
512002	-121.77326877400	37.24149206570
512018	-121.80845290100	37.26329975510
512022	-121.81087496000	37.25510667200
512031	-121.81021623600	37.23141747260
512032	-121.78241846000	37.23286295630
512033	-121.79651636700	37.23900690220
512034	-121.77078592800	37.22932998790
512304	-121.64828685300	37.13555041740
512308	-121.62567029300	37.15226591660
512309	-121.60864011400	37.13001264330
512700	-121.51446517100	37.24084450770
512306	-121.65916916400	37.12316783020
512307	-121.63667550900	37.09964180480
512401	-121.60717220900	37.06168055320
512503	-121.62390059300	37.02977546510
512505	-121.59247922800	37.02460839880
512506	-121.58171179100	37.02296523320
512507	-121.58404546700	36.97960662810
512508	-121.57882381700	37.00476234530
512601	-121.56691729200	37.01114251980
512602	-121.51647970700	37.01010009780
304000	-121.63200543600	37.88184106530
611900	-122.12929450200	37.46440587230
612000	-122.14644230100	37.46816617370
612100	-122.14365762300	37.45913234710
511200	-122.14703019700	37.45121293470
511300	-122.15776798500	37.44562435520
511400	-122.14354686500	37.43594086710
511606	-122.15463429600	37.42603267810
609100	-122.25522946700	37.51007143240
609300	-122.25203481700	37.49057684580
609800	-122.25313009400	37.47226103700
609900	-122.24788158200	37.47961254500
610000	-122.24143468600	37.48455711690
610100	-122.23871203100	37.49324750910
610900	-122.23208150200	37.47664561820
613000	-122.20526810900	37.42134219030
613200	-122.21665703500	37.37457294220
511500	-122.15615872100	37.42063626540
511604	-122.17637750000	37.43252956050
511605	-122.16385769300	37.43016938140
511607	-122.15790830700	37.42180126580
610201	-122.21371469100	37.48483027010
610202	-122.22930808400	37.48976718130
610203	-122.22359535800	37.47982378210
610302	-122.21019598400	37.51177896080
610400	-122.19157441700	37.48262763900
610500	-122.20452320400	37.47986900630
610602	-122.19749427500	37.47454847320
611700	-122.15781315800	37.49015953540
610601	-122.20924177600	37.47149173620
610700	-122.21908057800	37.46991350300
610800	-122.22607366600	37.47020863120
611000	-122.23363554600	37.46636130270
611100	-122.25245435200	37.45781273360
611200	-122.23454088400	37.45647959600
611300	-122.22526848500	37.45236810180
611400	-122.21175193200	37.44738904570
613300	-122.24913080700	37.44056835530
611500	-122.18493277600	37.46753965470
611600	-122.17039597800	37.47479164940
612200	-122.15812571500	37.46017569430
612400	-122.16551821500	37.46454994140
612500	-122.17775621900	37.45567569810
612600	-122.18174246200	37.44928072190
612700	-122.18860715900	37.44398914920
612800	-122.19231092200	37.43647414950
612900	-122.20360048000	37.43223266580
611800	-122.13613263300	37.48196135540
504601	-122.08791259700	37.43720065380
510801	-122.10977801900	37.42713489940
510900	-122.12964490700	37.42769679380
511000	-122.12175792600	37.43762804980
511100	-122.13246737700	37.44578979430
509201	-122.07435183100	37.40130666400
509401	-122.11446070900	37.40708982140
510300	-122.11168189200	37.37742114510
510500	-122.12016955500	37.39283429200
510600	-122.13023479300	37.40883888810
510700	-122.12811400500	37.41744788520
510802	-122.11044673100	37.41446846040
510803	-122.11844846400	37.42056009840
511701	-122.13184620100	37.37838428700
509202	-122.08380134200	37.40593429760
509302	-122.10069231500	37.40928523390
509303	-122.09225087200	37.40604289520
509304	-122.09511764700	37.41755124330
509403	-122.09681357600	37.39819289580
509404	-122.10560637800	37.40197806100
509500	-122.08957913700	37.39449658500
509801	-122.09315782100	37.38417693690
510400	-122.10764274200	37.39139809480
509105	-122.06254191700	37.37861813570
509600	-122.08036952200	37.39086575420
509700	-122.07316176300	37.38546127540
509802	-122.08229607000	37.37888123220
509901	-122.08633393000	37.36958197300
509902	-122.07188481700	37.37009513840
510001	-122.07982008700	37.35848395120
510002	-122.07174564000	37.34660393850
510100	-122.07981519200	37.34090851330
510200	-122.10181076100	37.37196765600
511702	-122.09754444000	37.35356780080
432400	-122.18482068000	37.71100258690
433400	-122.16993920200	37.68721194180
436500	-122.06887951100	37.65859446030
436601	-122.07888147500	37.65673196820
608300	-122.25137536800	37.55746242250
610303	-122.23952845600	37.54087446820
433700	-122.11410764000	37.68773077230
433800	-122.12341339900	37.69884364100
433900	-122.11356006900	37.69926908330
435700	-122.11588063500	37.67861590410
435800	-122.12943595800	37.67940946940
436100	-122.12341046400	37.67188146980
436200	-122.11215423400	37.66850377110
436900	-122.10970810500	37.66035373180
437200	-122.11162370100	37.64315543590
433000	-122.13547781100	37.71581773700
433101	-122.14382137700	37.71226795060
433102	-122.13302774400	37.70198337170
433200	-122.14657417800	37.70128091970
433300	-122.15754746700	37.69866462850
433500	-122.15534271200	37.68453408420
433600	-122.14433295100	37.68588538320
435900	-122.14756852100	37.67253890320
436000	-122.13752697400	37.66914684460
430500	-122.10937520800	37.70516950810
430600	-122.09700641100	37.70428178000
430700	-122.08218578900	37.70611041860
430800	-122.06505916100	37.69925049110
430900	-122.08286432900	37.69826812460
434000	-122.11020579000	37.69245482150
435500	-122.09330599800	37.68098179930
435600	-122.10488767800	37.67867657750
431000	-122.07843137700	37.69292905110
431100	-122.06717247600	37.68822387630
431200	-122.08277098700	37.68556179670
435300	-122.06460761600	37.68076982570
435400	-122.08315681200	37.67393434000
436401	-122.06514474400	37.67147425750
436300	-122.09175792200	37.66628521230
436602	-122.08513908400	37.65178053060
436700	-122.10048938700	37.66205753700
436800	-122.09451666500	37.65362760950
437000	-122.10156283300	37.64714801140
437300	-122.09299497600	37.63620234630
437400	-122.08765233200	37.64279677000
438300	-122.08854542800	37.62823062850
437500	-122.07934634900	37.64398586920
437600	-122.08058898300	37.63532623970
437700	-122.07143092000	37.63640678840
437800	-122.06868483400	37.64309305760
437900	-122.06125060800	37.64269722140
438201	-122.07652049100	37.62628586480
437100	-122.12238864100	37.61328206810
438400	-122.08253581700	37.61839196180
440302	-122.07113246300	37.60185198370
440304	-122.07660664000	37.58696578060
440305	-122.07479085100	37.57754634010
440306	-122.06836447300	37.58496097080
440331	-122.08344101700	37.59824954530
440332	-122.08604627800	37.58207638860
441501	-122.07372289500	37.56966972990
440100	-121.98121889900	37.61611014110
440308	-122.02783860800	37.58934634710
440309	-122.01433977600	37.58760782910
441100	-121.96182042700	37.58516473340
441200	-121.98896035400	37.57721696550
441301	-122.00250979100	37.57167593160
441921	-121.96780142200	37.54249561970
441922	-121.97742470800	37.54434879170
442400	-121.97378068400	37.53152984640
438000	-122.02882551800	37.61933627940
440200	-122.02255915600	37.60039233050
441302	-122.01953824100	37.56950216160
441601	-122.03043460100	37.56366263620
441602	-122.02119427600	37.55709753870
444100	-122.03633198600	37.55140295480
444200	-122.04573511000	37.54263308860
444400	-122.03544287700	37.53621443270
444500	-122.02742592100	37.53427166350
438100	-122.03909517000	37.61828001730
438202	-122.05801606200	37.61816370480
440301	-122.04258519900	37.60132484080
440307	-122.04859979000	37.59122685130
441401	-122.03772121600	37.57365907950
441402	-122.03985424500	37.58241529070
441521	-122.05327070100	37.57294833800
441522	-122.05716562200	37.58450297630
441700	-122.01165527700	37.55333425990
441800	-121.99149938400	37.55922527880
441901	-121.96746664800	37.55763139990
441923	-121.98501778900	37.55100726300
442500	-121.98711610700	37.53720575020
442600	-122.00152987700	37.54648518920
442700	-122.00805251600	37.53732909670
442800	-121.99301746200	37.52949218250
435101	-121.99080805300	37.65021826430
435102	-122.04584466400	37.65509532430
435200	-122.05074935500	37.68605093980
436402	-122.04050691600	37.66666182250
450500	-121.96480156600	37.70975644400
450300	-121.91766080500	37.71058911070
450400	-121.93252591300	37.71259933920
450601	-121.93135731900	37.65299680120
450603	-121.91082081800	37.68879296860
450604	-121.88656175700	37.68122956760
450605	-121.88202393600	37.67215112060
450722	-121.88223355000	37.69450587170
450602	-121.91287044600	37.67052603670
450606	-121.89995834000	37.66947374110
450607	-121.88744878700	37.65727757890
450741	-121.86475371100	37.66022121050
442000	-121.93549465200	37.55915739840
442100	-121.94985124000	37.54832392690
442200	-121.94225213100	37.53469742630
442300	-121.96098776900	37.53127394880
443101	-121.93042831700	37.52529755410
443103	-121.90388332000	37.52829720910
504802	-121.99113222100	37.40048321140
504805	-122.00341039300	37.40325290140
504806	-122.00183075700	37.39600859810
505001	-121.97111633500	37.40039188460
505302	-121.97237425600	37.36071810140
505303	-121.96397612500	37.35837846410
505304	-121.98147039700	37.35954124600
508704	-122.00472346400	37.38010330810
508900	-122.00641505300	37.39111153610
508101	-122.02332447100	37.33029732880
508203	-122.02677895000	37.34512611530
508204	-122.01790568000	37.34459077130
508503	-122.02603693200	37.35744229500
508504	-122.02033380100	37.36251846480
508602	-122.02886072000	37.37279428580
508800	-122.02474581500	37.38517635820
509000	-122.02166851300	37.39236718040
507805	-122.05239049100	37.33336985350
507806	-122.04080306400	37.32863435700
508301	-122.05705577600	37.34487936740
508303	-122.04582335400	37.34492318940
508304	-122.03692521600	37.34483776900
508401	-122.05619911900	37.36277530010
508403	-122.04147383600	37.35572103630
508404	-122.04161013200	37.36473443450
504700	-122.04962972300	37.41672587130
504803	-122.01949267800	37.40120723020
508601	-122.04094230300	37.37602906530
509102	-122.03839244000	37.39155442450
509106	-122.05046421800	37.37870151310
509107	-122.05643196000	37.37973417510
509108	-122.05703155100	37.40057191100
509109	-122.05967622300	37.39149745060
505301	-121.98469537100	37.36786153240
505305	-121.99063880000	37.35913408560
505401	-121.98729880900	37.34904014910
505403	-121.98629991700	37.34179989710
508102	-122.00502611700	37.33039423020
508202	-122.00505918900	37.34499790720
508505	-122.00985086600	37.35890526390
508506	-122.00112302000	37.36013885370
508703	-122.01100728600	37.36979919860
505402	-121.97344479500	37.34615906680
506101	-121.98457886900	37.33415794660
506102	-121.97139466400	37.33152304040
506103	-121.98587460100	37.32688255710
441503	-122.02182365200	37.50694794550
442900	-121.97482351900	37.51853811380
444300	-122.04859070100	37.51559881960
444600	-122.00780091700	37.51775349470
504602	-121.98821990200	37.43710050710
443001	-121.95150802000	37.51845406740
443002	-121.96063876900	37.51688150350
443102	-121.92737725100	37.50732143310
443200	-121.89585729700	37.48737310250
443301	-121.91317926200	37.47066395770
443302	-121.92145678300	37.48537969720
504506	-121.91627962700	37.45024629130
504507	-121.91304709000	37.43573970760
504412	-121.88223723300	37.43954780570
504413	-121.90470083800	37.43736756280
504414	-121.89686474200	37.44042321290
504415	-121.86945119600	37.42604548730
504418	-121.88079941000	37.43198810090
504420	-121.86911556200	37.46045824650
504421	-121.90115994700	37.45132450480
504422	-121.90701941900	37.45849555040
500400	-121.92208006700	37.34020240070
500500	-121.92798862500	37.32999706900
500600	-121.91455053400	37.33341654970
504901	-121.95091863600	37.39621078990
505005	-121.94503534500	37.41206803760
505006	-121.92114597900	37.39348596700
505007	-121.94806260600	37.38523464140
505203	-121.93314035400	37.34706189700
505100	-121.92402461700	37.36303234950
505202	-121.96058109700	37.37031409780
505500	-121.96203897600	37.34716184650
505600	-121.94595628200	37.35095380650
505700	-121.94442179100	37.34305314740
505800	-121.94401744400	37.33162945780
505900	-121.95710641400	37.33030760540
506000	-121.96220740300	37.33782558040
504310	-121.88962921400	37.39554759840
504318	-121.89591215300	37.37706314660
504320	-121.87148968100	37.40280931370
504410	-121.87891488700	37.40938174700
504411	-121.86484414800	37.41609907870
504416	-121.87625060600	37.42069307120
504504	-121.89675691400	37.42160024440
504505	-121.90208479500	37.40890349770
504311	-121.88468321200	37.37755283970
504316	-121.87083305800	37.38687123200
504317	-121.87652813200	37.38276624030
504321	-121.86532946000	37.39318529690
500100	-121.89274385900	37.35862700560
500200	-121.90232635100	37.34923550170
500300	-121.90831958400	37.33943136370
500800	-121.89536290700	37.33049690380
501000	-121.88805155700	37.34165463780
501100	-121.88486933800	37.35204012500
503601	-121.86609317800	37.35845827860
504319	-121.86739915500	37.37361287260
500901	-121.88407561300	37.33519227030
500902	-121.87963389200	37.33302779990
501200	-121.87872288000	37.34659205000
501300	-121.87449730100	37.33869426450
501400	-121.86850290000	37.34944431430
501502	-121.86447141800	37.33765363230
501600	-121.87507569600	37.32947390260
404502	-122.20246849400	37.83452631530
404600	-122.19107756000	37.81971272210
409200	-122.17782420500	37.72913569280
409300	-122.17341433400	37.73780514870
410400	-122.16221400100	37.74077339580
432300	-122.16573065200	37.73088053570
432500	-122.16888171100	37.71935412620
352202	-122.15956103500	37.82975967940
353001	-122.18125965900	37.85681111040
408400	-122.17083539200	37.76463546370
408500	-122.17844631200	37.76045992580
409400	-122.18043072000	37.74455616460
409600	-122.17266454000	37.75321230160
409700	-122.16586947000	37.75641543900
410300	-122.16619731700	37.74662927820
351100	-122.06889461300	37.86295281230
352101	-122.09407619600	37.84551585730
352102	-122.10407127400	37.81884747410
404700	-122.20695008300	37.81334931040
406700	-122.20218979200	37.80335103480
406800	-122.19486947300	37.79797937530
406900	-122.19033033700	37.79343235420
408000	-122.18295282100	37.80300780390
407300	-122.21192810300	37.76333742890
409000	-122.21169175800	37.72814381630
427100	-122.23155886900	37.76482143200
428000	-122.24751196400	37.76670232020
428100	-122.23461356700	37.75990644270
428200	-122.24038893800	37.75526538890
428301	-122.23736779700	37.73408964630
428302	-122.24784271600	37.74254428050
428400	-122.25118116100	37.76022228300
404800	-122.21322257100	37.80560201370
404900	-122.22156506500	37.80409322380
405000	-122.22750682100	37.80832093640
405700	-122.22966204300	37.79824784090
405900	-122.23843670100	37.78942662560
406000	-122.24957604500	37.78704109290
406400	-122.22189721500	37.79557778700
406600	-122.21024358100	37.79467562380
427200	-122.24749965100	37.77435564290
403600	-122.25351779000	37.81346578180
403700	-122.25539220800	37.81030755610
403800	-122.24160245700	37.81476372070
403900	-122.24873888000	37.81708861090
405100	-122.23214209100	37.81145734140
405200	-122.24337843800	37.80529578370
405300	-122.25266778200	37.80035947340
405400	-122.24784964000	37.79502020920
405500	-122.24322456600	37.79828041050
405600	-122.23724862200	37.80080946880
405800	-122.23309274300	37.79400158070
406100	-122.22782332900	37.77394454110
406201	-122.23074106700	37.78504673550
406202	-122.22657974500	37.78196380850
406300	-122.22503041700	37.78930245610
406500	-122.21701523300	37.78809965330
407100	-122.21173948000	37.78164146880
407200	-122.21931655100	37.77777773850
407400	-122.20679496500	37.77102158140
407000	-122.20247083400	37.78801493540
407500	-122.19763953500	37.76949340650
407600	-122.20320278400	37.77753244950
407700	-122.19318831600	37.77653871530
407800	-122.18665643600	37.78177316460
407900	-122.18452835600	37.78824028940
408200	-122.17557636600	37.77515264450
408300	-122.16449455300	37.77107781490
408700	-122.18898499300	37.76887044550
408600	-122.18233061100	37.76621050150
408800	-122.19696554900	37.75879125440
408900	-122.18887678600	37.75399719900
409100	-122.18348268900	37.73231894500
409500	-122.18356498000	37.75038369660
400100	-122.23152967500	37.86730739040
404400	-122.21496937200	37.84620485410
404501	-122.21580910500	37.82637833980
422600	-122.25392782300	37.87396786850
422700	-122.24908268700	37.86794371470
426100	-122.22526046600	37.82163591110
353002	-122.16841999900	37.87950824300
354001	-122.21677499800	37.88389598410
354002	-122.18231329800	37.90272002100
400200	-122.24947592700	37.84819937810
400300	-122.25435449200	37.84059296070
404000	-122.25369473000	37.82324756760
404100	-122.25012792400	37.82892212400
404200	-122.23441018500	37.83609727210
404300	-122.23809855500	37.84550995120
423700	-122.24896312200	37.86185953410
423800	-122.24417420800	37.85478360050
426200	-122.24066386100	37.82462411800
339000	-122.06144751900	37.90117793470
340002	-122.08447025600	37.91073021710
341000	-122.08382177700	37.88748581900
348000	-122.13213276200	37.90275651820
349000	-122.10409077900	37.88970013460
350000	-122.13887787400	37.87873846320
351200	-122.10494750800	37.86817208730
352201	-122.13932259500	37.85297420650
408100	-122.15695723400	37.78501486090
410000	-122.13209615500	37.74392898970
430100	-122.06595536600	37.75750402460
430200	-122.06203895600	37.72340689110
430300	-122.08327150400	37.71883359280
430400	-122.10127883800	37.72085526520
432800	-122.12397643900	37.72125365430
409800	-122.15586969100	37.76034354290
409900	-122.13552907300	37.76203060040
410100	-122.15356852400	37.74784400090
410200	-122.15714553000	37.74531143070
432100	-122.14660178400	37.73581806920
432200	-122.15629309600	37.73301975470
432600	-122.15519418100	37.72271337070
432700	-122.14298337000	37.72705330140
318000	-122.15889800700	38.01718449740
356002	-122.20146101600	37.95707752430
357000	-122.20103404400	38.04224869690
359202	-122.24976805300	37.98336477500
252000	-122.17366467400	38.05486028010
252108	-122.16326129000	38.06100503810
356001	-122.22786093300	38.02431857360
358000	-122.25100945400	38.04721823460
250502	-122.20238351700	38.09128060390
250601	-122.22482383800	38.08254391920
250603	-122.20920912500	38.07057739620
252103	-122.19470802800	38.10485397790
252104	-122.16646320100	38.09283003080
252105	-122.18081253200	38.08086225210
252106	-122.16781940500	38.07533914670
250200	-122.21015817800	38.10447086960
250300	-122.22368923600	38.10489921380
250400	-122.22399527300	38.09502035020
250501	-122.21389103200	38.09337551820
250701	-122.24501400900	38.08996916580
250702	-122.23743451500	38.07437729440
251000	-122.24853825000	38.10111284630
251100	-122.23665092200	38.09701468580
251200	-122.23664423600	38.10528733160
316000	-122.13924183900	38.02463841350
317000	-122.12619538500	38.01769111460
320001	-122.09790340600	38.02426166850
252102	-122.10675101500	38.08820508360
252107	-122.15429062800	38.06973796350
319000	-122.12151853100	38.00432512040
320002	-122.08181245400	38.00158114170
321101	-122.10273946400	37.98859388280
321102	-122.09298202600	37.97524835800
321103	-122.11261095000	37.97033835610
321200	-122.07139924300	37.98221129180
347000	-122.12080582600	37.93291466540
322000	-122.07662881400	37.96200939680
323000	-122.07269679100	37.95044654500
324000	-122.05866517500	37.94574970490
325000	-122.07441328300	37.93546533980
326000	-122.08846041500	37.93742535620
340001	-122.06906661300	37.92327040730
314200	-121.97825108600	38.05054778850
315000	-122.03260347400	38.03505349140
332000	-121.99752533200	37.98174290580
333200	-121.98512947100	37.96902451480
355200	-121.97589402900	37.99712467760
336200	-122.04656230500	37.95868254510
337100	-122.01482072300	37.95725283810
337200	-122.02681313400	37.95156419600
338100	-122.04236971900	37.94442697770
338201	-122.03101381800	37.93153568840
338202	-122.04979990500	37.92145482460
338301	-122.01961352700	37.92007815650
327000	-122.05324074500	37.98504542380
328000	-122.03781784800	37.97566634280
329000	-122.03383818300	37.99486082180
330000	-122.02614897700	37.98864207330
331000	-122.01212602900	37.97627339590
335000	-122.02019245500	37.96907549950
336101	-122.03451296300	37.96681665960
336102	-122.03989162700	37.96604977240
333100	-121.96406381700	37.96236476750
334001	-122.00175606000	37.96322439570
334003	-121.98433771400	37.95079418020
334004	-121.97787423400	37.95528935030
334005	-121.99616815100	37.95517849600
337300	-122.00821001400	37.94035435720
355301	-121.97020685000	37.93677597310
355302	-121.99451673700	37.92116937370
309000	-121.86558728100	38.03958589180
310000	-121.89160948200	38.02649017120
311000	-121.89364546700	38.02145531300
312000	-121.86916524500	38.01507571790
313201	-121.90741975000	38.01499912360
314102	-121.91716408700	38.03302889020
314103	-121.94454082200	38.03890887810
314104	-121.94421888400	38.02322157460
313101	-121.88286903600	38.00647829150
313102	-121.86464030900	38.00406213280
313103	-121.87540513900	37.98092582550
313202	-121.92365392100	37.99209958220
355304	-121.92803594400	37.95048886740
355305	-121.93437555000	37.93311259140
345105	-121.97968747100	37.79671791130
345110	-121.97576681600	37.74372107740
345202	-121.98951917500	37.77701767410
346102	-121.98464424000	37.86380002280
346201	-121.97519803100	37.84522057830
346202	-121.95719374000	37.81963730400
355303	-121.92522164200	37.89159516980
338302	-122.01456659100	37.90701177310
342000	-122.05890266700	37.87768988810
343001	-122.04587727600	37.89309109850
343002	-122.03979208300	37.90359991680
343003	-122.02919725400	37.88669240920
344000	-122.03399627200	37.85651178850
345201	-122.02938110400	37.81582648500
346101	-122.00689826800	37.88110540140
450100	-121.89023568000	37.71834219830
450200	-121.91551794300	37.72256843470
345101	-121.93866023100	37.73179437620
345102	-121.94811214700	37.74493626690
345103	-121.92841647600	37.73869223720
345107	-121.95365757900	37.79749655720
345108	-121.95369620100	37.77301579040
345109	-121.93265897600	37.76058398740
450721	-121.83928534400	37.72414391150
451202	-121.76888874800	37.73474245770
301000	-121.63080379700	38.03776788090
302002	-121.67686783600	37.98664009540
302003	-121.72077455000	38.01086097980
302004	-121.73802710400	37.97836538790
303100	-121.67274626700	37.94002429560
303200	-121.72777190200	37.93166305820
355104	-121.80260878600	37.81882255280
305000	-121.83079881300	38.01575787150
306001	-121.79275433300	38.00691128210
306002	-121.76809156000	38.00894290530
308001	-121.79644895800	37.99185553520
308002	-121.76656589900	37.98866619740
355101	-121.78159991200	37.97487169570
307101	-121.81559757300	37.98662223600
307102	-121.81560029600	38.00048679500
307201	-121.84901026500	38.00234561370
307202	-121.82784293000	38.00371263420
307204	-121.83087039200	37.99470587290
307205	-121.83774463700	37.99078862510
355106	-121.83690181200	37.93439313330
451101	-121.63668368500	37.63715026830
503306	-121.82223022900	37.33137967070
503402	-121.83498894100	37.32572837140
503504	-121.83420332200	37.33582928350
503506	-121.82733266800	37.34363245890
503507	-121.83199457800	37.34020362370
503510	-121.81967857600	37.34942883020
503511	-121.81412360400	37.34262442340
503900	-121.83176663000	37.37111095700
504001	-121.82721580000	37.35865250720
504002	-121.83410822900	37.35466697430
504101	-121.82033474800	37.36934720560
504102	-121.81489452700	37.36407966950
504417	-121.84883217100	37.43358195730
503702	-121.84557163800	37.35177139950
503706	-121.84429224900	37.36330022430
503707	-121.85379120800	37.35791544500
503708	-121.85471979300	37.36938820470
503709	-121.86201150900	37.36455587530
504202	-121.79219732300	37.37648363330
501501	-121.85842091200	37.34159693910
503105	-121.85884529500	37.32636745150
503110	-121.84989739800	37.33313675300
503401	-121.84002448200	37.33303686720
503602	-121.85239085000	37.34456329980
503703	-121.83959595000	37.34574610000
503802	-121.83551111900	37.38428741640
503803	-121.84985104200	37.38352908220
503804	-121.84496617600	37.37585514960
504201	-121.82099776900	37.38450226860
504307	-121.85259117800	37.39070694200
504308	-121.81990889500	37.41230615000
504314	-121.85488959400	37.40170852350
504315	-121.85954939600	37.40927142480
503312	-121.76290731200	37.34877296590
503313	-121.77624085500	37.33125420590
503321	-121.80666336000	37.33264565010
503322	-121.79765357200	37.34135153650
503323	-121.79145781300	37.33372250840
503324	-121.78905685700	37.32764680990
503508	-121.81135932700	37.35451255420
503509	-121.80143363300	37.34871918320
450701	-121.80746815100	37.55693009840
451201	-121.74019895200	37.71014296450
451401	-121.76281802100	37.69599163140
451501	-121.73684608300	37.67339764360
451502	-121.72981330800	37.69352283230
451503	-121.74896093500	37.68498948170
451601	-121.76071382600	37.66840199770
450703	-121.85565648900	37.68086852350
450742	-121.82890505500	37.66484054740
451102	-121.78637669700	37.65069330130
451300	-121.81570884200	37.68964424560
451402	-121.78151296200	37.68702175780
451602	-121.77563780800	37.67123744160
451701	-121.78796213900	37.67209377720
451702	-121.79509010200	37.66452454430