  31.00  43.00 0.10
 -125.00 -113.00 0.10
1. 200.
3
0. 0. 0. PGA
ca-a-other-fixed-char.pga
19
.005 .007 .0098 .0137 .0192 .0269 .0376 .0527 .0738 .103 .145 .203 .284 .397 .556 .778 1.09 1.52 2.13              
4
11 0.25 1000. 0.25 0 Boore et al 97
 -0.08741  0.527  0.000 0.0 -0.778 5.57  0.520  0.196  0.000
3 0.25 1000. 0.25 0 Sadigh (97), Rock, no correction
 -0.6240  1.000  0.000 -2.100  1.29649 0.250 5.000 0.1823
 -1.2740  1.100  0.000 -2.100 -0.48451  0.524  0.000
  1.39  0.14  0.38  7.21
9 0.25 1000. 0.25 0 Campbell 2003 fixed
 -4.033  0.812  0.036 -1.061  0.041 -0.005 -0.018  0.766  0.034
  0.343  0.351 -0.289  0.370
  0.920  0.070  0.402  7.400
8 0.25 1000. 0.25 0 Abrahamson & Silva (97), no correction
  1.6400  0.5120 -1.1450 -0.1440  0.6100  0.2600
  0.370  0.0000 0.17 6.40 5.60 0.70 0.135
0.30 0. 0. PSA
ca-a-other-fixed-char.030
20
.0025 .00375 .00563 .00844 .0127 .0190 .0285 .0427 .0641 .0961 .144 .216 .324 .487 .730 1.09 1.64 2.46 3.69 5.54   
4
11 0.25 1000. 0.25 0 Boore et al 97
  1.01182  0.769 -0.161 0.0 -0.893 5.94  0.522  0.205  0.000
3 0.25 1000. 0.25 0 Sadigh (97), Rock, no correction
 -0.0570  1.000 -0.017 -2.028  1.29649 0.250 5.000 0.1823
 -0.7070  1.100 -0.017 -2.028 -0.48451  0.524  0.000
  1.45  0.14  0.44  7.21
9 0.25 1000. 0.25 0 Campbell 2003 fixed
 -2.999  0.812  0.007 -1.080  0.059 -0.007 -0.022  0.752  0.007
  0.359  0.385 -0.453  0.370
  0.984  0.070  0.466  7.400
8 0.25 1000. 0.25 0 Abrahamson & Silva (97), no correction
  2.1140  0.5120 -1.0350 -0.1440  0.6100  0.1980
  0.370 -0.0360 0.17 6.40 4.80 0.78 0.135
1.00 0. 0. PSA
ca-a-other-fixed-char.100
20
.0025 .00375 .00563 .00844 .0127 .0190 .0285 .0427 .0641 .0961 .144 .216 .324 .487 .730 1.09 1.64 2.46 3.69 5.54   
4
11 0.25 1000. 0.25 0 Boore et al 97
 -0.70360  1.036 -0.032 0.0 -0.798 2.90  0.613  0.124  0.000
3 0.25 1000. 0.25 0 Sadigh (97), Rock, no correction
 -1.7050  1.000 -0.055 -1.800  1.29649 0.250 5.000 0.1823
 -2.3550  1.100 -0.055 -1.800 -0.48451  0.524  0.000
  1.53  0.14  0.52  7.21
9 0.25 1000. 0.25 0 Campbell 2003 fixed
 -3.867  0.812 -0.101 -0.964  0.019  0.000  0.000  0.842 -0.105
  0.329  0.338 -0.607  0.281
  1.021  0.070  0.503  7.400
8 0.25 1000. 0.25 0 Abrahamson & Silva (97), no correction
  0.8280  0.5120 -0.8383 -0.1440  0.4900  0.0130
  0.281 -0.1020 0.17 6.40 3.70 0.83 0.118
1. 1.
3
-.2 .0 .2
.2 .6 .2 
.12 3
  1  1   SAF - Parkfield (mp.sa.parkf)                       2  
 6.50000    0.053163
 90.0000    12.0000  0.    36.4570
  2
   36.0026   -120.5609
   35.7520   -120.3000
  1  1 sj13           
 6.60 0.003109
 90    12.0000  0.00
  2
   32.99300 -115.92200
   32.88800 -115.70200
  1  1 sj12           
 6.60 0.003441
 90    12.0000  0.00
  2
   33.20000 -116.19400
   33.01100 -115.97500
  1  1 sj11           
 6.80 0.007932
 90    15.0000  0.00
  2
   33.45700 -116.50800
   33.20000 -116.19400
  1  1 sj10           
 7.20 0.006248
 90    18.0000  0.00
  3
   33.74000 -116.91700
   33.47500 -116.53333
   33.26300 -116.12200
  1  1 sj9            
 6.90 0.019094
 90    18.0000  0.00
  3
   34.01700 -117.23700
   34.01667 -117.23333
   33.74000 -116.91700
  1  1 sj8            
 6.70 0.015803
 90    15.0000  0.00
  3
   34.24500 -117.50800
   34.01667 -117.25000
   34.01700 -117.23700
  1  1 el19           
 6.80 0.000554
 90    15.0000  0.00
  2
   32.96500 -116.36200
   32.77900 -116.00600
  1  1 el18           
 7.10 0.002158
 90    15.0000  0.00
  2
   33.37700 -117.01300
   32.96500 -116.36200
  1  1 el17           
 6.80 0.006288
 90    15.0000  0.00
  2
   33.64300 -117.34800
   33.37700 -117.01300
  1  1 el16           
 6.80 0.001813
 90    15.0000  0.00
  2
   33.85400 -117.63700
   33.64300 -117.34800
  1  1 el15           
 6.80 0.002516
 -75    15.0000  0.00
  2
   33.98600 -118.01800
   33.85400 -117.63700
