  31.00  43.00 0.10
 -125.00 -113.00 0.10
1. 200.
3
0. 0. 0. PGA
ca-amod1-char.pga
19
.005 .007 .0098 .0137 .0192 .0269 .0376 .0527 .0738 .103 .145 .203 .284 .397 .556 .778 1.09 1.52 2.13              
4
11 0.25 1000. 0.25 0 Boore et al 97
 -0.08741  0.527  0.000 0.0 -0.778 5.57  0.520  0.196  0.000
3 0.25 1000. 0.25 0 Sadigh (97), Rock, no correction
 -0.6240  1.000  0.000 -2.100  1.29649 0.250 5.000 0.1823
 -1.2740  1.100  0.000 -2.100 -0.48451  0.524  0.000
  1.39  0.14  0.38  7.21
9 0.25 1000. 0.25 0 Campbell 2003 fixed
 -4.033  0.812  0.036 -1.061  0.041 -0.005 -0.018  0.766  0.034
  0.343  0.351 -0.289  0.370
  0.920  0.070  0.402  7.400
8 0.25 1000. 0.25 0 Abrahamson & Silva (97), no correction
  1.6400  0.5120 -1.1450 -0.1440  0.6100  0.2600
  0.370  0.0000 0.17 6.40 5.60 0.70 0.135
0.30 0. 0. PSA
ca-amod1-char.030
20
.0025 .00375 .00563 .00844 .0127 .0190 .0285 .0427 .0641 .0961 .144 .216 .324 .487 .730 1.09 1.64 2.46 3.69 5.54   
4
11 0.25 1000. 0.25 0 Boore et al 97
  1.01182  0.769 -0.161 0.0 -0.893 5.94  0.522  0.205  0.000
3 0.25 1000. 0.25 0 Sadigh (97), Rock, no correction
 -0.0570  1.000 -0.017 -2.028  1.29649 0.250 5.000 0.1823
 -0.7070  1.100 -0.017 -2.028 -0.48451  0.524  0.000
  1.45  0.14  0.44  7.21
9 0.25 1000. 0.25 0 Campbell 2003 fixed
 -2.999  0.812  0.007 -1.080  0.059 -0.007 -0.022  0.752  0.007
  0.359  0.385 -0.453  0.370
  0.984  0.070  0.466  7.400
8 0.25 1000. 0.25 0 Abrahamson & Silva (97), no correction
  2.1140  0.5120 -1.0350 -0.1440  0.6100  0.1980
  0.370 -0.0360 0.17 6.40 4.80 0.78 0.135
1.00 0. 0. PSA
ca-amod1-char.100
20
.0025 .00375 .00563 .00844 .0127 .0190 .0285 .0427 .0641 .0961 .144 .216 .324 .487 .730 1.09 1.64 2.46 3.69 5.54   
4
11 0.25 1000. 0.25 0 Boore et al 97
 -0.70360  1.036 -0.032 0.0 -0.798 2.90  0.613  0.124  0.000
3 0.25 1000. 0.25 0 Sadigh (97), Rock, no correction
 -1.7050  1.000 -0.055 -1.800  1.29649 0.250 5.000 0.1823
 -2.3550  1.100 -0.055 -1.800 -0.48451  0.524  0.000
  1.53  0.14  0.52  7.21
9 0.25 1000. 0.25 0 Campbell 2003 fixed
 -3.867  0.812 -0.101 -0.964  0.019  0.000  0.000  0.842 -0.105
  0.329  0.338 -0.607  0.281
  1.021  0.070  0.503  7.400
8 0.25 1000. 0.25 0 Abrahamson & Silva (97), no correction
  0.8280  0.5120 -0.8383 -0.1440  0.4900  0.0130
  0.281 -0.1020 0.17 6.40 3.70 0.83 0.118
1. 1.
3
-.1 .0 .1
.2 .6 .2 
.12 3
   1  1   SAF - Coachella (mp.sa-coachella)                   2
     7.20000    1.295E-03
     90.0000    12.0000  0.    94.9175
   3
     33.9223   -116.4697
     33.7882   -116.2463
     33.3501   -115.7119
   1  1   SAF - San Bernardino (mp.sa-sanbern)                2
     7.50000    1.400E-03
     90.0000    18.0000  0.   103.1310
   4
     34.2895   -117.4982
     34.1547   -117.2382
     33.9878   -116.7748
     33.9240   -116.4770
   1  1   SAF - Mojave (mp.sa-mojave)                         2
     7.30000    1.386E-03
     90.0000    12.0000  0.   103.2364
   4
     34.6985   -118.5089
     34.5478   -118.1039
     34.3986   -117.7364
     34.2895   -117.4982
   1  1   SAF - Carrizo (mp.sa-carrizo)                       2
     7.40000    1.855E-03
     90.0000    12.0000  0.    145.738
   7
     35.3142   -119.8660
     35.1607   -119.7068
     35.0489   -119.5606
     34.9157   -119.3629
     34.8639   -119.2100
     34.8064   -118.8816
     34.6985   -118.5089
   1  1   SAF - Cholame (mp.sa-cholame)                       2
     7.00000    2.367E-03
     90.0000    12.0000  0.    62.5581
   3
     35.7520   -120.3000
     35.4139   -119.9703
     35.3142   -119.8660
   1  1   SAF - 1857 (Ch-Moj)-2002 model                      2
     7.80000    2.107E-03
     90.0000    12.0000  0.    311.532
   12
     35.7520   -120.3000
     35.4139   -119.9703
     35.3142   -119.8660
     35.1607   -119.7068
     35.0489   -119.5606
     34.9157   -119.3629
     34.8639   -119.2100
     34.8064   -118.8816
     34.6985   -118.5089
     34.5478   -118.1039
     34.3986   -117.7364
     34.2895   -117.4982
   1  1   SAF - Southern 2 segments (SB-Coachella)            2
     7.70000    2.252E-03
     90.0000    12.0000  0.    198.748
   7
     34.2895   -117.4982
     34.1547   -117.2382
     33.9878   -116.7748
     33.9240   -116.4770
     33.9223   -116.4697
     33.7882   -116.2463
     33.3501   -115.7119
   1  1   SAF - 1857 (Ch-Moj)-2002 model                      2
     7.80000    2.107E-03
     90.0000    12.0000  0.    311.532
   10
     35.7520   -120.3000
     35.4139   -119.9703
     35.3142   -119.8660
     35.1607   -119.7068
     35.0489   -119.5606
     34.9157   -119.3629
     34.8639   -119.2100
     34.8064   -118.8816
     34.6985   -118.5089
     34.5300   -118.0700
   1  1   SAF - Southern 2 segments (SB-Coachella)            2  
     7.70000    2.252E-03
     90.0000    12.0000  0.    198.748
   8
     34.5300   -118.0700
     34.2895   -117.4982
     34.1547   -117.2382
     33.9878   -116.7748
     33.9240   -116.4770
     33.9223   -116.4697
     33.7882   -116.2463
     33.3501   -115.7119
   1  1   SAF - 1857 (Ch-Moj)-2002 model                      2
     7.80000    2.107E-03
     90.0000    12.0000  0.    311.532
   13
     35.7520   -120.3000
     35.4139   -119.9703
     35.3142   -119.8660
     35.1607   -119.7068
     35.0489   -119.5606
     34.9157   -119.3629
     34.8639   -119.2100
     34.8064   -118.8816
     34.6985   -118.5089
     34.5478   -118.1039
     34.3986   -117.7364
     34.2895   -117.4982
     34.1100   -117.1300
   1  1   SAF - Southern 2 segments (SB-Coachella)            2  
     7.70000    2.252E-03
     90.0000    12.0000  0.    198.748
   6
     34.1100   -117.1300
     33.9878   -116.7748
     33.9240   -116.4770
     33.9223   -116.4697
     33.7882   -116.2463
     33.3501   -115.7119


