  31.00  43.00 0.10
 -125.00 -113.00 0.10
1. 200.
3
0. 0. 0. PGA
ca-wg99-dist-float.pga
19
.005 .007 .0098 .0137 .0192 .0269 .0376 .0527 .0738 .103 .145 .203 .284 .397 .556 .778 1.09 1.52 2.13              
4
11 0.25 1000. 0.25 0 Boore et al 97
 -0.08741  0.527  0.000 0.0 -0.778 5.57  0.520  0.196  0.000
3 0.25 1000. 0.25 0 Sadigh (97), Rock, no correction
 -0.6240  1.000  0.000 -2.100  1.29649 0.250 5.000 0.1823
 -1.2740  1.100  0.000 -2.100 -0.48451  0.524  0.000
  1.39  0.14  0.38  7.21
9 0.25 1000. 0.25 0 Campbell 2003 fixed
 -4.033  0.812  0.036 -1.061  0.041 -0.005 -0.018  0.766  0.034
  0.343  0.351 -0.289  0.370
  0.920  0.070  0.402  7.400
8 0.25 1000. 0.25 0 Abrahamson & Silva (97), no correction
  1.6400  0.5120 -1.1450 -0.1440  0.6100  0.2600
  0.370  0.0000 0.17 6.40 5.60 0.70 0.135
0.30 0. 0. PSA
ca-wg99-dist-float.030
20
.0025 .00375 .00563 .00844 .0127 .0190 .0285 .0427 .0641 .0961 .144 .216 .324 .487 .730 1.09 1.64 2.46 3.69 5.54   
4
11 0.25 1000. 0.25 0 Boore et al 97
  1.01182  0.769 -0.161 0.0 -0.893 5.94  0.522  0.205  0.000
3 0.25 1000. 0.25 0 Sadigh (97), Rock, no correction
 -0.0570  1.000 -0.017 -2.028  1.29649 0.250 5.000 0.1823
 -0.7070  1.100 -0.017 -2.028 -0.48451  0.524  0.000
  1.45  0.14  0.44  7.21
9 0.25 1000. 0.25 0 Campbell 2003 fixed
 -2.999  0.812  0.007 -1.080  0.059 -0.007 -0.022  0.752  0.007
  0.359  0.385 -0.453  0.370
  0.984  0.070  0.466  7.400
8 0.25 1000. 0.25 0 Abrahamson & Silva (97), no correction
  2.1140  0.5120 -1.0350 -0.1440  0.6100  0.1980
  0.370 -0.0360 0.17 6.40 4.80 0.78 0.135
1.00 0. 0. PSA
ca-wg99-dist-float.100
20
.0025 .00375 .00563 .00844 .0127 .0190 .0285 .0427 .0641 .0961 .144 .216 .324 .487 .730 1.09 1.64 2.46 3.69 5.54   
4
11 0.25 1000. 0.25 0 Boore et al 97
 -0.70360  1.036 -0.032 0.0 -0.798 2.90  0.613  0.124  0.000
3 0.25 1000. 0.25 0 Sadigh (97), Rock, no correction
 -1.7050  1.000 -0.055 -1.800  1.29649 0.250 5.000 0.1823
 -2.3550  1.100 -0.055 -1.800 -0.48451  0.524  0.000
  1.53  0.14  0.52  7.21
9 0.25 1000. 0.25 0 Campbell 2003 fixed
 -3.867  0.812 -0.101 -0.964  0.019  0.000  0.000  0.842 -0.105
  0.329  0.338 -0.607  0.281
  1.021  0.070  0.503  7.400
8 0.25 1000. 0.25 0 Abrahamson & Silva (97), no correction
  0.8280  0.5120 -0.8383 -0.1440  0.4900  0.0130
  0.281 -0.1020 0.17 6.40 3.70 0.83 0.118
1. 1.
3
-.2 .0 .2
.2 .6 .2
.12 3
  2  1 floating scz+pn+ncs+ncn (1-11)
  2.9337 0.80 6.90 6.90 0.10
 90    13.0000  0.00
 24
 36.8059 -121.4816
 36.8701 -121.5645
 36.9260 -121.6520
 37.0530 -121.8120
 37.1040 -121.9070
 37.1762 -122.0036
 37.2970 -122.1400
 37.3670 -122.2100
 37.4380 -122.2830
 37.7856 -122.5741
 37.9617 -122.7224
 38.1810 -122.9170
 38.3290 -123.0419
 38.4080 -123.1144
 39.1014 -123.7894
 39.1706 -123.8407
 39.2589 -123.8726
 39.3965 -123.9224
 39.6730 -123.9953
 39.9135 -124.0067
 40.0259 -124.0490
 40.0506 -124.0635
 40.0965 -124.1381
 40.2440 -124.4032
  2  1 floating sh+nh+rc (2-11)
  1.9419 0.80 6.90 6.90 0.10
 90    12.0000 0.00
  7
 37.4535 -121.8485
 37.6760 -122.0824
 37.7299 -122.1284
 37.8273 -122.2128
 38.0875 -122.4342
 38.3315 -122.6136
 38.5752 -122.7883
  2  1 floating sc+cc+nc (3-11)
  2.3940 0.80 6.20 6.20 0.10
 90    12.0000 0.00
 15
 36.8257 -121.3956
 36.9898 -121.4678
 37.0958 -121.5424
 37.1523 -121.5801
 37.2481 -121.6483
 37.3430 -121.7149
 37.3996 -121.7618
 37.4450 -121.8071
 37.4888 -121.8235
 37.5101 -121.8349
 37.5385 -121.8511
 37.5675 -121.8620
 37.6939 -121.9327
 37.7149 -121.9379
 37.8173 -122.0094
  2  1 floating sc+cc (3-12)
  2.9669 0.80 6.20 6.20 0.10
 90    11.0000 0.00
  8
 36.8257 -121.3956
 36.9898 -121.4678
 37.0958 -121.5424
 37.1523 -121.5801
 37.2481 -121.6483
 37.3430 -121.7149
 37.3996 -121.7618
 37.4450 -121.8071
  2  1 floating con+sgv+ngv--con+gvs+gvn (4-11)
  2.3149 0.80 6.20 6.20 0.10
 90    15.0000 0.00
  4
 37.9003 -121.9896
 38.0389 -122.0766
 38.2587 -122.1459
 38.3825 -122.1789
  2  1 floating sgs+sgn--sgs+sgn (5-11)
  2.4006 0.80 6.90 6.90 0.10
 90    13.0000 0.00
  10
 36.3131 -121.8593
 36.4194 -121.9351
 36.4669 -121.9538
 36.5172 -121.9803
 36.5561 -122.0212
 36.6696 -122.0945
 36.7496 -122.1295
 36.8528 -122.1555
 37.2906 -122.3936
 37.7682 -122.6166
  2  1 floating sg+ng--gs+gn (6-11) 
  1.1595 0.80 6.20 6.20 0.10
 90    15.0000 0.00
  8
 37.4994 -121.5408
 37.5256 -121.5539
 37.5754 -121.5808
 37.6439 -121.6438
 37.6858 -121.6647
 37.7219 -121.6997
 37.7930 -121.7630
 37.8839 -121.8328
