5.05 0.0
5.1499999999999995 0.0
5.25 0.0
5.35 0.0
5.45 0.0
5.55 0.0
5.6499999999999995 0.0
5.75 0.0
5.85 0.0
5.949999999999999 0.023960000000000002
6.05 0.07586000000000001
6.1499999999999995 0.05414000000000001
6.25 0.060000000000000005
6.35 0.05006000000000001
6.449999999999999 0.045320000000000006
6.55 0.035160000000000004
6.6499999999999995 0.033120000000000004
6.75 0.0239
6.85 0.02154
6.949999999999999 0.017920000000000002
7.05 0.014920000000000001
7.1499999999999995 0.01152
7.25 0.008520000000000002
7.35 0.0074600000000000005
7.449999999999999 0.00736
7.55 0.004880000000000001
7.6499999999999995 0.0041
7.75 0.00288
7.85 0.0025800000000000003
7.949999999999999 0.00126
8.049999999999999 6.4E-4
8.149999999999999 4.2E-4
8.25 3.2E-4
8.35 8.0E-5
8.45 0.0
8.549999999999999 0.0
8.649999999999999 0.0
8.75 0.0
8.85 0.0
8.95 0.0
