5.0 0.50792
5.1 0.50792
5.2 0.50792
5.3 0.50792
5.3999999999999995 0.50792
5.5 0.50792
5.6 0.50792
5.699999999999999 0.50792
5.8 0.50792
5.8999999999999995 0.50792
6.0 0.48396000000000006
6.1 0.4081
6.199999999999999 0.35396
6.3 0.29396
6.3999999999999995 0.2439
6.5 0.19858
6.6 0.16342
6.699999999999999 0.1303
6.799999999999999 0.10640000000000001
6.8999999999999995 0.08486
6.999999999999999 0.06694
7.1 0.052020000000000004
7.199999999999999 0.0405
7.299999999999999 0.03198
7.399999999999999 0.02452
7.499999999999999 0.01716
7.6 0.012280000000000003
7.699999999999999 0.008180000000000002
7.799999999999999 0.005300000000000001
7.899999999999999 0.00272
7.999999999999999 0.00146
8.099999999999998 8.2E-4
8.2 4.0E-4
8.299999999999999 8.0E-5
8.399999999999999 0.0
8.499999999999998 0.0
8.599999999999998 0.0
8.7 0.0
8.799999999999999 0.0
8.899999999999999 0.0
