5.05 0.0
5.1499999999999995 0.0
5.25 0.0
5.35 0.0
5.45 0.0
5.55 0.0
5.6499999999999995 0.0
5.75 0.0
5.85 0.0
5.949999999999999 0.019556995249643886
6.05 0.06468217760606405
6.1499999999999995 0.04470742353541199
6.25 0.049030747029116396
6.35 0.04126836120797946
6.449999999999999 0.04070424330386045
6.55 0.031849099469783905
6.6499999999999995 0.02992360867431198
6.75 0.022612446756117233
6.85 0.019600399711686405
6.949999999999999 0.016521979935963174
7.05 0.014866115368371272
7.1499999999999995 0.011963022050302594
7.25 0.008570932311351247
7.35 0.007639951040756663
7.449999999999999 0.00744318588328143
7.55 0.005127548134037033
7.6499999999999995 0.004142791627097184
7.75 0.0034291421151722047
7.85 0.002626319668722161
7.949999999999999 0.0013438917409653065
8.049999999999999 9.478398658889753E-4
8.149999999999999 6.041630939025808E-4
8.25 3.906654406469746E-4
8.35 1.181983932167537E-4
8.45 0.0
8.549999999999999 0.0
8.649999999999999 0.0
8.75 0.0
8.85 0.0
8.95 0.0
