#Run 1
5.0	0.0
5.1	0.0
5.2	0.0
5.3	0.0
5.4	0.0
5.5	0.0
5.6	0.001068471817030967
5.7	0.003693783858936885
5.8	0.006376560680322265
5.9	0.007884723241610834
6.0	0.008780252381722104
6.1	0.00911175823296129
6.2	0.006420350269687172
6.3	0.003983999147043542
6.4	0.0034109780752860754
6.5	0.003547163623217028
6.6	0.0030182063169020825
6.7	0.0028111783691886468
6.8	0.003669280857379406
6.9	0.005471472555139349
7.0	0.0077252652511172765
7.1	0.00788878884339925
7.2	0.005602238768483973
7.300000000000001	0.003790447423652732
7.4	0.0036476821642739358
7.5	0.004074768714120412
7.6	0.004260675601487498
7.7	0.004065092857924288
7.800000000000001	0.003184324313143117
7.9	0.0019426355788341124
8.0	8.678303420416879E-4
8.1	2.651758999951915E-4
8.2	4.905015458651305E-5
8.3	2.447522633396496E-6
8.4	0.0
8.5	0.0
8.6	0.0
8.7	0.0
8.8	0.0
8.9	0.0
9.0	0.0
#Run 2
5.0	0.0
5.1	0.0
5.2	0.0
5.3	0.0
5.4	0.0
5.5	0.0
5.6	0.001068471817030967
5.7	0.003693783858936885
5.8	0.006376560680322265
5.9	0.007884723241610834
6.0	0.008780252381722104
6.1	0.00911175823296129
6.2	0.006420350269687172
6.3	0.003983999147043542
6.4	0.0034109780752860754
6.5	0.003547163623217028
6.6	0.0030182063169020825
6.7	0.0028111783691886468
6.8	0.003669280857379406
6.9	0.005471472555139349
7.0	0.0077252652511172765
7.1	0.00788878884339925
7.2	0.005602238768483973
7.300000000000001	0.003790447423652732
7.4	0.0036476821642739358
7.5	0.004074768714120412
7.6	0.004260675601487498
7.7	0.004065092857924288
7.800000000000001	0.003184324313143117
7.9	0.0019426355788341124
8.0	8.678303420416879E-4
8.1	2.651758999951915E-4
8.2	4.905015458651305E-5
8.3	2.447522633396496E-6
8.4	0.0
8.5	0.0
8.6	0.0
8.7	0.0
8.8	0.0
8.9	0.0
9.0	0.0
#Run 3
5.0	0.0
5.1	0.0
5.2	0.0
5.3	0.0
5.4	0.0
5.5	0.0
5.6	5.717478141369637E-4
5.7	0.001976573283055864
5.8	0.003412148615034833
5.9	0.006246453738119606
6.0	0.010143739049957533
6.1	0.012179533236826265
6.2	0.008711954494527909
6.3	0.0048733536381950025
6.4	0.0035887724880278686
6.5	0.0036783063199172317
6.6	0.0035569377095517676
6.7	0.004162570578654887
6.8	0.0058323115622899175
6.9	0.0073476177033846585
7.0	0.00868793847065821
7.1	0.008005942802206472
7.2	0.00580883437272809
7.300000000000001	0.004595629109346364
7.4	0.004447624929382302
7.5	0.0041821851138916875
7.6	0.0035323922027228694
7.7	0.0032576233727369024
7.800000000000001	0.0031256505387201967
7.9	0.0026073119407250497
8.0	0.001521450254129734
8.1	5.491338753858381E-4
8.2	1.0568950849405323E-4
8.3	2.9562678266824688E-6
8.4	0.0
8.5	0.0
8.6	0.0
8.7	0.0
8.8	0.0
8.9	0.0
9.0	0.0
#Run 4
5.0	0.0
5.1	0.0
5.2	0.0
5.3	0.0
5.4	0.0
5.5	0.0
5.6	5.717478141369637E-4
5.7	0.001976573283055864
5.8	0.003412148615034833
5.9	0.006246453738119606
6.0	0.010143739049957533
6.1	0.012179533236826265
6.2	0.008711954494527909
6.3	0.0048733536381950025
6.4	0.0035887724880278686
6.5	0.0036783063199172317
6.6	0.0035569377095517676
6.7	0.004162570578654887
6.8	0.0058323115622899175
6.9	0.0073476177033846585
7.0	0.00868793847065821
7.1	0.008005942802206472
7.2	0.00580883437272809
7.300000000000001	0.004595629109346364
7.4	0.004447624929382302
7.5	0.0041821851138916875
7.6	0.0035323922027228694
7.7	0.0032576233727369024
7.800000000000001	0.0031256505387201967
7.9	0.0026073119407250497
8.0	0.001521450254129734
8.1	5.491338753858381E-4
8.2	1.0568950849405323E-4
8.3	2.9562678266824688E-6
8.4	0.0
8.5	0.0
8.6	0.0
8.7	0.0
8.8	0.0
8.9	0.0
9.0	0.0
#Run 5
5.0	0.0
5.1	0.0
5.2	0.0
5.3	0.0
5.4	0.0
5.5	0.0
5.6	0.0
5.7	0.0
5.8	0.0
5.9	0.0
6.0	0.0
6.1	0.0
6.2	0.0
6.3	0.0
6.4	0.0
6.5	0.006831333482434031
6.6	0.006831333482434031
6.7	0.006831333482434031
6.8	0.006831333482434031
6.9	0.006831333482434031
7.0	0.006831333482434031
7.1	0.005358917781224425
7.2	0.005358917781224425
7.300000000000001	0.005358917781224425
7.4	0.0038537598478253915
7.5	0.0038537598478253915
7.6	0.0038537598478253915
7.7	0.0038537598478253915
7.800000000000001	0.002647431285547493
7.9	0.00241793322463323
8.0	0.0012505907451688927
8.1	0.0
8.2	0.0
8.3	0.0
8.4	0.0
8.5	0.0
8.6	0.0
8.7	0.0
8.8	0.0
8.9	0.0
9.0	0.0
#Run 6
5.0	0.0
5.1	0.0
5.2	0.0
5.3	0.0
5.4	0.0
5.5	0.0
5.6	0.0
5.7	0.0
5.8	0.0
5.9	0.0
6.0	0.0
6.1	0.0
6.2	0.0
6.3	0.0
6.4	0.0
6.5	0.006831333482434031
6.6	0.006831333482434031
6.7	0.006831333482434031
6.8	0.006831333482434031
6.9	0.006831333482434031
7.0	0.006831333482434031
7.1	0.005358917781224425
7.2	0.005358917781224425
7.300000000000001	0.005358917781224425
7.4	0.0038537598478253915
7.5	0.0038537598478253915
7.6	0.0038537598478253915
7.7	0.0038537598478253915
7.800000000000001	0.002647431285547493
7.9	0.00241793322463323
8.0	0.0012505907451688927
8.1	0.0
8.2	0.0
8.3	0.0
8.4	0.0
8.5	0.0
8.6	0.0
8.7	0.0
8.8	0.0
8.9	0.0
9.0	0.0
#Run 7
5.0	0.0
5.1	0.0
5.2	0.0
5.3	0.0
5.4	0.0
5.5	0.0
5.6	0.0
5.7	0.0
5.8	0.0
5.9	0.0
6.0	0.0
6.1	0.0
6.2	0.0
6.3	0.0
6.4	0.0
6.5	0.006831333482434031
6.6	0.006831333482434031
6.7	0.006831333482434031
6.8	0.006831333482434031
6.9	0.006831333482434031
7.0	0.006831333482434031
7.1	0.005358917781224425
7.2	0.005358917781224425
7.300000000000001	0.005358917781224425
7.4	0.0038537598478253915
7.5	0.0038537598478253915
7.6	0.0038537598478253915
7.7	0.0038537598478253915
7.800000000000001	0.002647431285547493
7.9	0.00241793322463323
8.0	0.0012505907451688927
8.1	0.0
8.2	0.0
8.3	0.0
8.4	0.0
8.5	0.0
8.6	0.0
8.7	0.0
8.8	0.0
8.9	0.0
9.0	0.0
#Run 8
5.0	0.0
5.1	0.0
5.2	0.0
5.3	0.0
5.4	0.0
5.5	0.0
5.6	0.0
5.7	0.0
5.8	0.0
5.9	0.0
6.0	0.0
6.1	0.0
6.2	0.0
6.3	0.0
6.4	0.0
6.5	0.006831333482434031
6.6	0.006831333482434031
6.7	0.006831333482434031
6.8	0.006831333482434031
6.9	0.006831333482434031
7.0	0.006831333482434031
7.1	0.005358917781224425
7.2	0.005358917781224425
7.300000000000001	0.005358917781224425
7.4	0.0038537598478253915
7.5	0.0038537598478253915
7.6	0.0038537598478253915
7.7	0.0038537598478253915
7.800000000000001	0.002647431285547493
7.9	0.00241793322463323
8.0	0.0012505907451688927
8.1	0.0
8.2	0.0
8.3	0.0
8.4	0.0
8.5	0.0
8.6	0.0
8.7	0.0
8.8	0.0
8.9	0.0
9.0	0.0
#Run 9
5.0	0.0
5.1	0.0
5.2	0.0
5.3	0.0
5.4	0.0032586556653937193
5.5	0.009804562105362579
5.6	0.016099528285579753
5.7	0.01745969287238843
5.8	0.01912061964523782
5.9	0.017869337011462164
6.0	0.012126722240086554
6.1	0.007944146264913509
6.2	0.007064368393328136
6.3	0.006638697690020767
6.4	0.0054206912778243105
6.5	0.005124671842922012
6.6	0.006047153482172079
6.7	0.008310146578850992
6.8	0.01154751642370249
6.9	0.012287348617146747
7.0	0.0085410497717602
7.1	0.004307150677041891
7.2	0.0024875741304551135
7.300000000000001	0.0027547062054579584
7.4	0.00346526813091795
7.5	0.003618677958013551
7.6	0.0034254425407724528
7.7	0.003305085660133286
7.800000000000001	0.002880028652721063
7.9	0.001967950830592124
8.0	0.0010394984834899334
8.1	4.043192848368965E-4
8.2	1.5058074175437587E-4
8.3	3.809309576921382E-5
8.4	5.495168039590687E-6
8.5	0.0
8.6	0.0
8.7	0.0
8.8	0.0
8.9	0.0
9.0	0.0
#Run 10
5.0	0.0
5.1	0.0
5.2	0.0
5.3	0.0
5.4	0.0032586556653937193
5.5	0.009804562105362579
5.6	0.016099528285579753
5.7	0.01745969287238843
5.8	0.01912061964523782
5.9	0.017869337011462164
6.0	0.012126722240086554
6.1	0.007944146264913509
6.2	0.007064368393328136
6.3	0.006638697690020767
6.4	0.0054206912778243105
6.5	0.005124671842922012
6.6	0.006047153482172079
6.7	0.008310146578850992
6.8	0.01154751642370249
6.9	0.012287348617146747
7.0	0.0085410497717602
7.1	0.004307150677041891
7.2	0.0024875741304551135
7.300000000000001	0.0027547062054579584
7.4	0.00346526813091795
7.5	0.003618677958013551
7.6	0.0034254425407724528
7.7	0.003305085660133286
7.800000000000001	0.002880028652721063
7.9	0.001967950830592124
8.0	0.0010394984834899334
8.1	4.043192848368965E-4
8.2	1.5058074175437587E-4
8.3	3.809309576921382E-5
8.4	5.495168039590687E-6
8.5	0.0
8.6	0.0
8.7	0.0
8.8	0.0
8.9	0.0
9.0	0.0
#Run 11
5.0	0.0
5.1	0.0
5.2	0.0
5.3	0.0
5.4	8.087542811996246E-4
5.5	0.0024333597631100217
5.6	0.004549184155325827
5.7	0.006924484000557559
5.8	0.010803069111038349
5.9	0.01161117930879995
6.0	0.007645301638435803
6.1	0.004483272146209991
6.2	0.003631383645183058
6.3	0.0036109359426273304
6.4	0.0035614109485236634
6.5	0.004366269827853355
6.6	0.005502109410620379
6.7	0.006374425974054988
6.8	0.0075371321245285006
6.9	0.007472373806167361
7.0	0.00531459761964035
7.1	0.003400469959616303
7.2	0.002999508787597872
7.300000000000001	0.0034321768635950816
7.4	0.003555013395306375
7.5	0.0030786623551579146
7.6	0.0024104813023026347
7.7	0.002294228516619534
7.800000000000001	0.0024790527252252915
7.9	0.0025278435043681897
8.0	0.0021888387520403374
8.1	0.001399701294562909
8.2	5.939367355871077E-4
8.3	1.433346269001312E-4
8.4	7.91978960324822E-6
8.5	0.0
8.6	0.0
8.7	0.0
8.8	0.0
8.9	0.0
9.0	0.0
#Run 12
5.0	0.0
5.1	0.0
5.2	0.0
5.3	0.0
5.4	8.087542811996246E-4
5.5	0.0024333597631100217
5.6	0.004549184155325827
5.7	0.006924484000557559
5.8	0.010803069111038349
5.9	0.01161117930879995
6.0	0.007645301638435803
6.1	0.004483272146209991
6.2	0.003631383645183058
6.3	0.0036109359426273304
6.4	0.0035614109485236634
6.5	0.004366269827853355
6.6	0.005502109410620379
6.7	0.006374425974054988
6.8	0.0075371321245285006
6.9	0.007472373806167361
7.0	0.00531459761964035
7.1	0.003400469959616303
7.2	0.002999508787597872
7.300000000000001	0.0034321768635950816
7.4	0.003555013395306375
7.5	0.0030786623551579146
7.6	0.0024104813023026347
7.7	0.002294228516619534
7.800000000000001	0.0024790527252252915
7.9	0.0025278435043681897
8.0	0.0021888387520403374
8.1	0.001399701294562909
8.2	5.939367355871077E-4
8.3	1.433346269001312E-4
8.4	7.91978960324822E-6
8.5	0.0
8.6	0.0
8.7	0.0
8.8	0.0
8.9	0.0
9.0	0.0
#Run 13
5.0	0.0
5.1	0.0
5.2	0.0
5.3	0.0
5.4	0.0
5.5	0.0
5.6	0.0
5.7	0.0
5.8	0.0
5.9	0.0
6.0	0.0
6.1	0.0
6.2	0.0
6.3	0.0
6.4	0.0
6.5	0.008266790550311355
6.6	0.008266790550311355
6.7	0.008266790550311355
6.8	0.008266790550311355
6.9	0.00483735343646066
7.0	0.00483735343646066
7.1	0.00483735343646066
7.2	0.00483735343646066
7.300000000000001	0.0033791618560793796
7.4	0.0028864120912654766
7.5	0.0028864120912654766
7.6	0.0028864120912654766
7.7	0.0028864120912654766
7.800000000000001	0.0016800835289875788
7.9	0.0014505854680733157
8.0	0.0014505854680733157
8.1	6.255329617310953E-4
8.2	6.255329617310953E-4
8.3	0.0
8.4	0.0
8.5	0.0
8.6	0.0
8.7	0.0
8.8	0.0
8.9	0.0
9.0	0.0
#Run 14
5.0	0.0
5.1	0.0
5.2	0.0
5.3	0.0
5.4	0.0
5.5	0.0
5.6	0.0
5.7	0.0
5.8	0.0
5.9	0.0
6.0	0.0
6.1	0.0
6.2	0.0
6.3	0.0
6.4	0.0
6.5	0.008266790550311355
6.6	0.008266790550311355
6.7	0.008266790550311355
6.8	0.008266790550311355
6.9	0.00483735343646066
7.0	0.00483735343646066
7.1	0.00483735343646066
7.2	0.00483735343646066
7.300000000000001	0.0033791618560793796
7.4	0.0028864120912654766
7.5	0.0028864120912654766
7.6	0.0028864120912654766
7.7	0.0028864120912654766
7.800000000000001	0.0016800835289875788
7.9	0.0014505854680733157
8.0	0.0014505854680733157
8.1	6.255329617310953E-4
8.2	6.255329617310953E-4
8.3	0.0
8.4	0.0
8.5	0.0
8.6	0.0
8.7	0.0
8.8	0.0
8.9	0.0
9.0	0.0
#Run 15
5.0	0.0
5.1	0.0
5.2	0.0
5.3	0.0
5.4	0.0
5.5	0.0
5.6	0.0
5.7	0.0
5.8	0.0
5.9	0.0
6.0	0.0
6.1	0.0
6.2	0.0
6.3	0.0
6.4	0.0
6.5	0.008266790550311355
6.6	0.008266790550311355
6.7	0.008266790550311355
6.8	0.008266790550311355
6.9	0.00483735343646066
7.0	0.00483735343646066
7.1	0.00483735343646066
7.2	0.00483735343646066
7.300000000000001	0.0033791618560793796
7.4	0.0028864120912654766
7.5	0.0028864120912654766
7.6	0.0028864120912654766
7.7	0.0028864120912654766
7.800000000000001	0.0016800835289875788
7.9	0.0014505854680733157
8.0	0.0014505854680733157
8.1	6.255329617310953E-4
8.2	6.255329617310953E-4
8.3	0.0
8.4	0.0
8.5	0.0
8.6	0.0
8.7	0.0
8.8	0.0
8.9	0.0
9.0	0.0
#Run 16
5.0	0.0
5.1	0.0
5.2	0.0
5.3	0.0
5.4	0.0
5.5	0.0
5.6	0.0
5.7	0.0
5.8	0.0
5.9	0.0
6.0	0.0
6.1	0.0
6.2	0.0
6.3	0.0
6.4	0.0
6.5	0.008266790550311355
6.6	0.008266790550311355
6.7	0.008266790550311355
6.8	0.008266790550311355
6.9	0.00483735343646066
7.0	0.00483735343646066
7.1	0.00483735343646066
7.2	0.00483735343646066
7.300000000000001	0.0033791618560793796
7.4	0.0028864120912654766
7.5	0.0028864120912654766
7.6	0.0028864120912654766
7.7	0.0028864120912654766
7.800000000000001	0.0016800835289875788
7.9	0.0014505854680733157
8.0	0.0014505854680733157
8.1	6.255329617310953E-4
8.2	6.255329617310953E-4
8.3	0.0
8.4	0.0
8.5	0.0
8.6	0.0
8.7	0.0
8.8	0.0
8.9	0.0
9.0	0.0
#Run 17
5.0	0.0
5.1	0.0
5.2	0.0
5.3	0.0
5.4	0.0
5.5	0.0
5.6	0.001068471817030967
5.7	0.003693783858936885
5.8	0.006376560680322265
5.9	0.007885494361592554
6.0	0.008782323645897483
6.1	0.009114536382637454
6.2	0.00642221099556022
6.3	0.00398462146991524
6.4	0.0034109780752860754
6.5	0.003547163623217028
6.6	0.003018115264191723
6.7	0.00281031668592029
6.8	0.0037096840428718697
6.9	0.005644540473579304
7.0	0.008056442981432786
7.1	0.008182024822050885
7.2	0.005687441953456024
7.300000000000001	0.003848432598329792
7.4	0.0038054021752037433
7.5	0.004262533825502718
7.6	0.004290715802525298
7.7	0.003967639700256021
7.800000000000001	0.0030759867081674996
7.9	0.001903802979006382
8.0	8.576854627197635E-4
8.1	2.619463154326549E-4
8.2	4.646183835800738E-5
8.3	1.9639506153669866E-6
8.4	0.0
8.5	0.0
8.6	0.0
8.7	0.0
8.8	0.0
8.9	0.0
9.0	0.0
#Run 18
5.0	0.0
5.1	0.0
5.2	0.0
5.3	0.0
5.4	0.0
5.5	0.0
5.6	0.001068471817030967
5.7	0.003693783858936885
5.8	0.006376560680322265
5.9	0.007885494361592554
6.0	0.008782323645897483
6.1	0.009114536382637454
6.2	0.00642221099556022
6.3	0.00398462146991524
6.4	0.0034109780752860754
6.5	0.003547163623217028
6.6	0.003018115264191723
6.7	0.00281031668592029
6.8	0.0037096840428718697
6.9	0.005644540473579304
7.0	0.008056442981432786
7.1	0.008182024822050885
7.2	0.005687441953456024
7.300000000000001	0.003848432598329792
7.4	0.0038054021752037433
7.5	0.004262533825502718
7.6	0.004290715802525298
7.7	0.003967639700256021
7.800000000000001	0.0030759867081674996
7.9	0.001903802979006382
8.0	8.576854627197635E-4
8.1	2.619463154326549E-4
8.2	4.646183835800738E-5
8.3	1.9639506153669866E-6
8.4	0.0
8.5	0.0
8.6	0.0
8.7	0.0
8.8	0.0
8.9	0.0
9.0	0.0
#Run 19
5.0	0.0
5.1	0.0
5.2	0.0
5.3	0.0
5.4	0.0
5.5	0.0
5.6	5.717478141369637E-4
5.7	0.001976573283055864
5.8	0.003412148615034833
5.9	0.006246453738119606
6.0	0.010143739049957533
6.1	0.012179533236826265
6.2	0.008711954494527909
6.3	0.0048733536381950025
6.4	0.0035887724880278686
6.5	0.0036783063199172317
6.6	0.0035569377095517676
6.7	0.004162570578654887
6.8	0.0058323115622899175
6.9	0.0073476177033846585
7.0	0.00868793847065821
7.1	0.008005942802206472
7.2	0.00580883437272809
7.300000000000001	0.004595629109346364
7.4	0.004447624929382302
7.5	0.0041821851138916875
7.6	0.0035323922027228694
7.7	0.0032576233727369024
7.800000000000001	0.0031256505387201967
7.9	0.0026073119407250497
8.0	0.001521450254129734
8.1	5.491338753858381E-4
8.2	1.0568950849405323E-4
8.3	2.9562678266824688E-6
8.4	0.0
8.5	0.0
8.6	0.0
8.7	0.0
8.8	0.0
8.9	0.0
9.0	0.0
#Run 20
5.0	0.0
5.1	0.0
5.2	0.0
5.3	0.0
5.4	0.0
5.5	0.0
5.6	5.717478141369637E-4
5.7	0.001976573283055864
5.8	0.003412148615034833
5.9	0.006246453738119606
6.0	0.010143739049957533
6.1	0.012179533236826265
6.2	0.008711954494527909
6.3	0.0048733536381950025
6.4	0.0035887724880278686
6.5	0.0036783063199172317
6.6	0.0035569377095517676
6.7	0.004162570578654887
6.8	0.0058323115622899175
6.9	0.0073476177033846585
7.0	0.00868793847065821
7.1	0.008005942802206472
7.2	0.00580883437272809
7.300000000000001	0.004595629109346364
7.4	0.004447624929382302
7.5	0.0041821851138916875
7.6	0.0035323922027228694
7.7	0.0032576233727369024
7.800000000000001	0.0031256505387201967
7.9	0.0026073119407250497
8.0	0.001521450254129734
8.1	5.491338753858381E-4
8.2	1.0568950849405323E-4
8.3	2.9562678266824688E-6
8.4	0.0
8.5	0.0
8.6	0.0
8.7	0.0
8.8	0.0
8.9	0.0
9.0	0.0
#Run 21
5.0	0.0
5.1	0.0
5.2	0.0
5.3	0.0
5.4	0.0
5.5	0.0
5.6	0.0
5.7	0.0
5.8	0.0
5.9	0.0
6.0	0.0
6.1	0.0
6.2	0.0
6.3	0.0
6.4	0.0
6.5	0.0069854083385537955
6.6	0.0069854083385537955
6.7	0.0069854083385537955
6.8	0.0069854083385537955
6.9	0.0069854083385537955
7.0	0.0069854083385537955
7.1	0.005512992637344189
7.2	0.005512992637344189
7.300000000000001	0.005512992637344189
7.4	0.0040078347039451566
7.5	0.0040078347039451566
7.6	0.0040078347039451566
7.7	0.0040078347039451566
7.800000000000001	0.0025618474917490867
7.9	0.0023323494308348236
8.0	0.001165006951370486
8.1	0.0
8.2	0.0
8.3	0.0
8.4	0.0
8.5	0.0
8.6	0.0
8.7	0.0
8.8	0.0
8.9	0.0
9.0	0.0
#Run 22
5.0	0.0
5.1	0.0
5.2	0.0
5.3	0.0
5.4	0.0
5.5	0.0
5.6	0.0
5.7	0.0
5.8	0.0
5.9	0.0
6.0	0.0
6.1	0.0
6.2	0.0
6.3	0.0
6.4	0.0
6.5	0.0069854083385537955
6.6	0.0069854083385537955
6.7	0.0069854083385537955
6.8	0.0069854083385537955
6.9	0.0069854083385537955
7.0	0.0069854083385537955
7.1	0.005512992637344189
7.2	0.005512992637344189
7.300000000000001	0.005512992637344189
7.4	0.0040078347039451566
7.5	0.0040078347039451566
7.6	0.0040078347039451566
7.7	0.0040078347039451566
7.800000000000001	0.0025618474917490867
7.9	0.0023323494308348236
8.0	0.001165006951370486
8.1	0.0
8.2	0.0
8.3	0.0
8.4	0.0
8.5	0.0
8.6	0.0
8.7	0.0
8.8	0.0
8.9	0.0
9.0	0.0
#Run 23
5.0	0.0
5.1	0.0
5.2	0.0
5.3	0.0
5.4	0.0
5.5	0.0
5.6	0.0
5.7	0.0
5.8	0.0
5.9	0.0
6.0	0.0
6.1	0.0
6.2	0.0
6.3	0.0
6.4	0.0
6.5	0.0069854083385537955
6.6	0.0069854083385537955
6.7	0.0069854083385537955
6.8	0.0069854083385537955
6.9	0.0069854083385537955
7.0	0.0069854083385537955
7.1	0.005512992637344189
7.2	0.005512992637344189
7.300000000000001	0.005512992637344189
7.4	0.0040078347039451566
7.5	0.0040078347039451566
7.6	0.0040078347039451566
7.7	0.0040078347039451566
7.800000000000001	0.0025618474917490867
7.9	0.0023323494308348236
8.0	0.001165006951370486
8.1	0.0
8.2	0.0
8.3	0.0
8.4	0.0
8.5	0.0
8.6	0.0
8.7	0.0
8.8	0.0
8.9	0.0
9.0	0.0
#Run 24
5.0	0.0
5.1	0.0
5.2	0.0
5.3	0.0
5.4	0.0
5.5	0.0
5.6	0.0
5.7	0.0
5.8	0.0
5.9	0.0
6.0	0.0
6.1	0.0
6.2	0.0
6.3	0.0
6.4	0.0
6.5	0.0069854083385537955
6.6	0.0069854083385537955
6.7	0.0069854083385537955
6.8	0.0069854083385537955
6.9	0.0069854083385537955
7.0	0.0069854083385537955
7.1	0.005512992637344189
7.2	0.005512992637344189
7.300000000000001	0.005512992637344189
7.4	0.0040078347039451566
7.5	0.0040078347039451566
7.6	0.0040078347039451566
7.7	0.0040078347039451566
7.800000000000001	0.0025618474917490867
7.9	0.0023323494308348236
8.0	0.001165006951370486
8.1	0.0
8.2	0.0
8.3	0.0
8.4	0.0
8.5	0.0
8.6	0.0
8.7	0.0
8.8	0.0
8.9	0.0
9.0	0.0
#Run 25
5.0	0.0
5.1	0.0
5.2	0.0
5.3	0.0
5.4	0.0032586556653937193
5.5	0.009804562105362579
5.6	0.01610065060828988
5.7	0.01746494706512601
5.8	0.019132902543607916
5.9	0.01788367546544701
6.0	0.01213508039478621
6.1	0.00794657916959001
6.2	0.007064368393328136
6.3	0.006638697690020767
6.4	0.005419499873979081
6.5	0.005119698226771505
6.6	0.006074111490896547
6.7	0.008484399535058081
6.8	0.011995450791488425
6.9	0.012822428004251641
7.0	0.008812903984463176
7.1	0.004357151340402749
7.2	0.002590185106622902
7.300000000000001	0.0030482512520466315
7.4	0.0038738230707144414
7.5	0.003927960692319331
7.6	0.0034812290223883635
7.7	0.0031888236636539065
7.800000000000001	0.002746863412361707
7.9	0.001903921612432859
8.0	0.0010303422037003032
8.1	4.0099477771516934E-4
8.2	1.4088160197468568E-4
8.3	2.970260200044878E-5
8.4	3.103707214246735E-6
8.5	0.0
8.6	0.0
8.7	0.0
8.8	0.0
8.9	0.0
9.0	0.0
#Run 26
5.0	0.0
5.1	0.0
5.2	0.0
5.3	0.0
5.4	0.0032586556653937193
5.5	0.009804562105362579
5.6	0.01610065060828988
5.7	0.01746494706512601
5.8	0.019132902543607916
5.9	0.01788367546544701
6.0	0.01213508039478621
6.1	0.00794657916959001
6.2	0.007064368393328136
6.3	0.006638697690020767
6.4	0.005419499873979081
6.5	0.005119698226771505
6.6	0.006074111490896547
6.7	0.008484399535058081
6.8	0.011995450791488425
6.9	0.012822428004251641
7.0	0.008812903984463176
7.1	0.004357151340402749
7.2	0.002590185106622902
7.300000000000001	0.0030482512520466315
7.4	0.0038738230707144414
7.5	0.003927960692319331
7.6	0.0034812290223883635
7.7	0.0031888236636539065
7.800000000000001	0.002746863412361707
7.9	0.001903921612432859
8.0	0.0010303422037003032
8.1	4.0099477771516934E-4
8.2	1.4088160197468568E-4
8.3	2.970260200044878E-5
8.4	3.103707214246735E-6
8.5	0.0
8.6	0.0
8.7	0.0
8.8	0.0
8.9	0.0
9.0	0.0
#Run 27
5.0	0.0
5.1	0.0
5.2	0.0
5.3	0.0
5.4	8.087542811996246E-4
5.5	0.0024333597631100217
5.6	0.004549184155325827
5.7	0.006924484000557559
5.8	0.010803069111038349
5.9	0.01161117930879995
6.0	0.007645301638435803
6.1	0.004483272146209991
6.2	0.003631383645183058
6.3	0.0036109359426273304
6.4	0.0035614109485236634
6.5	0.004366269827853355
6.6	0.005502109410620379
6.7	0.006374425974054988
6.8	0.0075371321245285006
6.9	0.007472373806167361
7.0	0.00531459761964035
7.1	0.003400469959616303
7.2	0.002999508787597872
7.300000000000001	0.0034321768635950816
7.4	0.003555013395306375
7.5	0.0030786623551579146
7.6	0.0024104813023026347
7.7	0.002294228516619534
7.800000000000001	0.002479052725225292
7.9	0.0025278435043681897
8.0	0.0021888387520403374
8.1	0.001399701294562909
8.2	5.939367355871077E-4
8.3	1.433346269001312E-4
8.4	7.91978960324822E-6
8.5	0.0
8.6	0.0
8.7	0.0
8.8	0.0
8.9	0.0
9.0	0.0
#Run 28
5.0	0.0
5.1	0.0
5.2	0.0
5.3	0.0
5.4	8.087542811996246E-4
5.5	0.0024333597631100217
5.6	0.004549184155325827
5.7	0.006924484000557559
5.8	0.010803069111038349
5.9	0.01161117930879995
6.0	0.007645301638435803
6.1	0.004483272146209991
6.2	0.003631383645183058
6.3	0.0036109359426273304
6.4	0.0035614109485236634
6.5	0.004366269827853355
6.6	0.005502109410620379
6.7	0.006374425974054988
6.8	0.0075371321245285006
6.9	0.007472373806167361
7.0	0.00531459761964035
7.1	0.003400469959616303
7.2	0.002999508787597872
7.300000000000001	0.0034321768635950816
7.4	0.003555013395306375
7.5	0.0030786623551579146
7.6	0.0024104813023026347
7.7	0.002294228516619534
7.800000000000001	0.002479052725225292
7.9	0.0025278435043681897
8.0	0.0021888387520403374
8.1	0.001399701294562909
8.2	5.939367355871077E-4
8.3	1.433346269001312E-4
8.4	7.91978960324822E-6
8.5	0.0
8.6	0.0
8.7	0.0
8.8	0.0
8.9	0.0
9.0	0.0
#Run 29
5.0	0.0
5.1	0.0
5.2	0.0
5.3	0.0
5.4	0.0
5.5	0.0
5.6	0.0
5.7	0.0
5.8	0.0
5.9	0.0
6.0	0.0
6.1	0.0
6.2	0.0
6.3	0.0
6.4	0.0
6.5	0.008463641043989997
6.6	0.008463641043989997
6.7	0.008463641043989997
6.8	0.008463641043989997
6.9	0.005034203930139301
7.0	0.005034203930139301
7.1	0.005034203930139301
7.2	0.005034203930139301
7.300000000000001	0.0035760123497580207
7.4	0.003083262584944118
7.5	0.003083262584944118
7.6	0.003083262584944118
7.7	0.003083262584944118
7.800000000000001	0.0016372753727480482
7.9	0.0014077773118337852
8.0	0.0014077773118337852
8.1	5.827248054915648E-4
8.2	5.827248054915648E-4
8.3	0.0
8.4	0.0
8.5	0.0
8.6	0.0
8.7	0.0
8.8	0.0
8.9	0.0
9.0	0.0
#Run 30
5.0	0.0
5.1	0.0
5.2	0.0
5.3	0.0
5.4	0.0
5.5	0.0
5.6	0.0
5.7	0.0
5.8	0.0
5.9	0.0
6.0	0.0
6.1	0.0
6.2	0.0
6.3	0.0
6.4	0.0
6.5	0.008463641043989997
6.6	0.008463641043989997
6.7	0.008463641043989997
6.8	0.008463641043989997
6.9	0.005034203930139301
7.0	0.005034203930139301
7.1	0.005034203930139301
7.2	0.005034203930139301
7.300000000000001	0.0035760123497580207
7.4	0.003083262584944118
7.5	0.003083262584944118
7.6	0.003083262584944118
7.7	0.003083262584944118
7.800000000000001	0.0016372753727480482
7.9	0.0014077773118337852
8.0	0.0014077773118337852
8.1	5.827248054915648E-4
8.2	5.827248054915648E-4
8.3	0.0
8.4	0.0
8.5	0.0
8.6	0.0
8.7	0.0
8.8	0.0
8.9	0.0
9.0	0.0
#Run 31
5.0	0.0
5.1	0.0
5.2	0.0
5.3	0.0
5.4	0.0
5.5	0.0
5.6	0.0
5.7	0.0
5.8	0.0
5.9	0.0
6.0	0.0
6.1	0.0
6.2	0.0
6.3	0.0
6.4	0.0
6.5	0.008463641043989997
6.6	0.008463641043989997
6.7	0.008463641043989997
6.8	0.008463641043989997
6.9	0.005034203930139301
7.0	0.005034203930139301
7.1	0.005034203930139301
7.2	0.005034203930139301
7.300000000000001	0.0035760123497580207
7.4	0.003083262584944118
7.5	0.003083262584944118
7.6	0.003083262584944118
7.7	0.003083262584944118
7.800000000000001	0.0016372753727480482
7.9	0.0014077773118337852
8.0	0.0014077773118337852
8.1	5.827248054915648E-4
8.2	5.827248054915648E-4
8.3	0.0
8.4	0.0
8.5	0.0
8.6	0.0
8.7	0.0
8.8	0.0
8.9	0.0
9.0	0.0
#Run 32
5.0	0.0
5.1	0.0
5.2	0.0
5.3	0.0
5.4	0.0
5.5	0.0
5.6	0.0
5.7	0.0
5.8	0.0
5.9	0.0
6.0	0.0
6.1	0.0
6.2	0.0
6.3	0.0
6.4	0.0
6.5	0.008463641043989997
6.6	0.008463641043989997
6.7	0.008463641043989997
6.8	0.008463641043989997
6.9	0.005034203930139301
7.0	0.005034203930139301
7.1	0.005034203930139301
7.2	0.005034203930139301
7.300000000000001	0.0035760123497580207
7.4	0.003083262584944118
7.5	0.003083262584944118
7.6	0.003083262584944118
7.7	0.003083262584944118
7.800000000000001	0.0016372753727480482
7.9	0.0014077773118337852
8.0	0.0014077773118337852
8.1	5.827248054915648E-4
8.2	5.827248054915648E-4
8.3	0.0
8.4	0.0
8.5	0.0
8.6	0.0
8.7	0.0
8.8	0.0
8.9	0.0
9.0	0.0
#Run 33
5.0	0.0
5.1	0.0
5.2	0.0
5.3	0.0
5.4	0.0
5.5	0.0
5.6	0.001068471817030967
5.7	0.003693783858936885
5.8	0.006376560680322265
5.9	0.007876684621223392
6.0	0.008758660273071504
6.1	0.009082797122945295
6.2	0.006400952939449245
6.3	0.003977511677593145
6.4	0.0034109780752860754
6.5	0.003547163623217028
6.6	0.0030397340147859074
6.7	0.002901396042484223
6.8	0.0039143594904417905
6.9	0.005887935193225049
7.0	0.008259120493030082
7.1	0.008340267185252468
7.2	0.005831126065396579
7.300000000000001	0.003858576462773122
7.4	0.0036328920901504812
7.5	0.003995839340885227
7.6	0.00419991379334983
7.7	0.0040349087412552866
7.800000000000001	0.003162037097691521
7.9	0.0019326260956854333
8.0	8.782352695793632E-4
8.1	2.752822860384689E-4
8.2	5.105010358549558E-5
8.3	2.76926787827579E-6
8.4	0.0
8.5	0.0
8.6	0.0
8.7	0.0
8.8	0.0
8.9	0.0
9.0	0.0
#Run 34
5.0	0.0
5.1	0.0
5.2	0.0
5.3	0.0
5.4	0.0
5.5	0.0
5.6	0.001068471817030967
5.7	0.003693783858936885
5.8	0.006376560680322265
5.9	0.007876684621223392
6.0	0.008758660273071504
6.1	0.009082797122945295
6.2	0.006400952939449245
6.3	0.003977511677593145
6.4	0.0034109780752860754
6.5	0.003547163623217028
6.6	0.0030397340147859074
6.7	0.002901396042484223
6.8	0.0039143594904417905
6.9	0.005887935193225049
7.0	0.008259120493030082
7.1	0.008340267185252468
7.2	0.005831126065396579
7.300000000000001	0.003858576462773122
7.4	0.0036328920901504812
7.5	0.003995839340885227
7.6	0.00419991379334983
7.7	0.0040349087412552866
7.800000000000001	0.003162037097691521
7.9	0.0019326260956854333
8.0	8.782352695793632E-4
8.1	2.752822860384689E-4
8.2	5.105010358549558E-5
8.3	2.76926787827579E-6
8.4	0.0
8.5	0.0
8.6	0.0
8.7	0.0
8.8	0.0
8.9	0.0
9.0	0.0
#Run 35
5.0	0.0
5.1	0.0
5.2	0.0
5.3	0.0
5.4	0.0
5.5	0.0
5.6	5.717478141369637E-4
5.7	0.001976573283055864
5.8	0.003412148615034833
5.9	0.006246453738119606
6.0	0.010143739049957533
6.1	0.012179533236826265
6.2	0.008711954494527909
6.3	0.0048733536381950025
6.4	0.0035887724880278686
6.5	0.0036783063199172317
6.6	0.0035569377095517676
6.7	0.004162570578654887
6.8	0.0058323115622899175
6.9	0.0073476177033846585
7.0	0.00868793847065821
7.1	0.008005942802206472
7.2	0.00580883437272809
7.300000000000001	0.004595629109346364
7.4	0.004447624929382302
7.5	0.0041821851138916875
7.6	0.0035323922027228694
7.7	0.0032576233727369024
7.800000000000001	0.0031256505387201967
7.9	0.0026073119407250497
8.0	0.001521450254129734
8.1	5.491338753858381E-4
8.2	1.0568950849405323E-4
8.3	2.9562678266824688E-6
8.4	0.0
8.5	0.0
8.6	0.0
8.7	0.0
8.8	0.0
8.9	0.0
9.0	0.0
#Run 36
5.0	0.0
5.1	0.0
5.2	0.0
5.3	0.0
5.4	0.0
5.5	0.0
5.6	5.717478141369637E-4
5.7	0.001976573283055864
5.8	0.003412148615034833
5.9	0.006246453738119606
6.0	0.010143739049957533
6.1	0.012179533236826265
6.2	0.008711954494527909
6.3	0.0048733536381950025
6.4	0.0035887724880278686
6.5	0.0036783063199172317
6.6	0.0035569377095517676
6.7	0.004162570578654887
6.8	0.0058323115622899175
6.9	0.0073476177033846585
7.0	0.00868793847065821
7.1	0.008005942802206472
7.2	0.00580883437272809
7.300000000000001	0.004595629109346364
7.4	0.004447624929382302
7.5	0.0041821851138916875
7.6	0.0035323922027228694
7.7	0.0032576233727369024
7.800000000000001	0.0031256505387201967
7.9	0.0026073119407250497
8.0	0.001521450254129734
8.1	5.491338753858381E-4
8.2	1.0568950849405323E-4
8.3	2.9562678266824688E-6
8.4	0.0
8.5	0.0
8.6	0.0
8.7	0.0
8.8	0.0
8.9	0.0
9.0	0.0
#Run 37
5.0	0.0
5.1	0.0
5.2	0.0
5.3	0.0
5.4	0.0
5.5	0.0
5.6	0.0
5.7	0.0
5.8	0.0
5.9	0.0
6.0	0.0
6.1	0.0
6.2	0.0
6.3	0.0
6.4	0.0
6.5	0.006641297901765168
6.6	0.006641297901765168
6.7	0.006641297901765168
6.8	0.006641297901765168
6.9	0.006641297901765168
7.0	0.006641297901765168
7.1	0.005168882200555561
7.2	0.005168882200555561
7.300000000000001	0.005168882200555561
7.4	0.0036637242671565284
7.5	0.0036637242671565284
7.6	0.0036637242671565284
7.7	0.0036637242671565284
7.800000000000001	0.0026825163858568107
7.9	0.0024530183249425476
8.0	0.00128567584547821
8.1	0.0
8.2	0.0
8.3	0.0
8.4	0.0
8.5	0.0
8.6	0.0
8.7	0.0
8.8	0.0
8.9	0.0
9.0	0.0
#Run 38
5.0	0.0
5.1	0.0
5.2	0.0
5.3	0.0
5.4	0.0
5.5	0.0
5.6	0.0
5.7	0.0
5.8	0.0
5.9	0.0
6.0	0.0
6.1	0.0
6.2	0.0
6.3	0.0
6.4	0.0
6.5	0.006641297901765168
6.6	0.006641297901765168
6.7	0.006641297901765168
6.8	0.006641297901765168
6.9	0.006641297901765168
7.0	0.006641297901765168
7.1	0.005168882200555561
7.2	0.005168882200555561
7.300000000000001	0.005168882200555561
7.4	0.0036637242671565284
7.5	0.0036637242671565284
7.6	0.0036637242671565284
7.7	0.0036637242671565284
7.800000000000001	0.0026825163858568107
7.9	0.0024530183249425476
8.0	0.00128567584547821
8.1	0.0
8.2	0.0
8.3	0.0
8.4	0.0
8.5	0.0
8.6	0.0
8.7	0.0
8.8	0.0
8.9	0.0
9.0	0.0
#Run 39
5.0	0.0
5.1	0.0
5.2	0.0
5.3	0.0
5.4	0.0
5.5	0.0
5.6	0.0
5.7	0.0
5.8	0.0
5.9	0.0
6.0	0.0
6.1	0.0
6.2	0.0
6.3	0.0
6.4	0.0
6.5	0.006641297901765168
6.6	0.006641297901765168
6.7	0.006641297901765168
6.8	0.006641297901765168
6.9	0.006641297901765168
7.0	0.006641297901765168
7.1	0.005168882200555561
7.2	0.005168882200555561
7.300000000000001	0.005168882200555561
7.4	0.0036637242671565284
7.5	0.0036637242671565284
7.6	0.0036637242671565284
7.7	0.0036637242671565284
7.800000000000001	0.0026825163858568107
7.9	0.0024530183249425476
8.0	0.00128567584547821
8.1	0.0
8.2	0.0
8.3	0.0
8.4	0.0
8.5	0.0
8.6	0.0
8.7	0.0
8.8	0.0
8.9	0.0
9.0	0.0
#Run 40
5.0	0.0
5.1	0.0
5.2	0.0
5.3	0.0
5.4	0.0
5.5	0.0
5.6	0.0
5.7	0.0
5.8	0.0
5.9	0.0
6.0	0.0
6.1	0.0
6.2	0.0
6.3	0.0
6.4	0.0
6.5	0.006641297901765168
6.6	0.006641297901765168
6.7	0.006641297901765168
6.8	0.006641297901765168
6.9	0.006641297901765168
7.0	0.006641297901765168
7.1	0.005168882200555561
7.2	0.005168882200555561
7.300000000000001	0.005168882200555561
7.4	0.0036637242671565284
7.5	0.0036637242671565284
7.6	0.0036637242671565284
7.7	0.0036637242671565284
7.800000000000001	0.0026825163858568107
7.9	0.0024530183249425476
8.0	0.00128567584547821
8.1	0.0
8.2	0.0
8.3	0.0
8.4	0.0
8.5	0.0
8.6	0.0
8.7	0.0
8.8	0.0
8.9	0.0
9.0	0.0
#Run 41
5.0	0.0
5.1	0.0
5.2	0.0
5.3	0.0
5.4	0.0032586556653937193
5.5	0.009804562105362579
5.6	0.01607869334423733
5.7	0.017362153371047972
5.8	0.018892598359785847
5.9	0.017603156130492056
6.0	0.011971560394633053
6.1	0.007898981513484138
6.2	0.007064368393328136
6.3	0.006638697690020767
6.4	0.00544108627115536
6.5	0.00519917263240058
6.6	0.006257178971369233
6.7	0.008751372475373222
6.8	0.012285006796522245
6.9	0.01304614220468055
7.0	0.00895951408396882
7.1	0.004438852658435506
7.2	0.002528143249964874
7.300000000000001	0.002821413071990036
7.4	0.0034472961584086966
7.5	0.003511522971823867
7.6	0.0033771171701302786
7.7	0.00330693648001367
7.800000000000001	0.0028365304833332826
7.9	0.0018829000619471278
8.0	0.0010198639101699069
8.1	4.359519817607511E-4
8.2	1.7616737483282355E-4
8.3	4.388513184895112E-5
8.4	6.996719673869566E-6
8.5	0.0
8.6	0.0
8.7	0.0
8.8	0.0
8.9	0.0
9.0	0.0
#Run 42
5.0	0.0
5.1	0.0
5.2	0.0
5.3	0.0
5.4	0.0032586556653937193
5.5	0.009804562105362579
5.6	0.01607869334423733
5.7	0.017362153371047972
5.8	0.018892598359785847
5.9	0.017603156130492056
6.0	0.011971560394633053
6.1	0.007898981513484138
6.2	0.007064368393328136
6.3	0.006638697690020767
6.4	0.00544108627115536
6.5	0.00519917263240058
6.6	0.006257178971369233
6.7	0.008751372475373222
6.8	0.012285006796522245
6.9	0.01304614220468055
7.0	0.00895951408396882
7.1	0.004438852658435506
7.2	0.002528143249964874
7.300000000000001	0.002821413071990036
7.4	0.0034472961584086966
7.5	0.003511522971823867
7.6	0.0033771171701302786
7.7	0.00330693648001367
7.800000000000001	0.0028365304833332826
7.9	0.0018829000619471278
8.0	0.0010198639101699069
8.1	4.359519817607511E-4
8.2	1.7616737483282355E-4
8.3	4.388513184895112E-5
8.4	6.996719673869566E-6
8.5	0.0
8.6	0.0
8.7	0.0
8.8	0.0
8.9	0.0
9.0	0.0
#Run 43
5.0	0.0
5.1	0.0
5.2	0.0
5.3	0.0
5.4	8.087542811996246E-4
5.5	0.0024333597631100217
5.6	0.004549184155325827
5.7	0.006924484000557559
5.8	0.010803069111038349
5.9	0.01161117930879995
6.0	0.007645301638435803
6.1	0.004483272146209991
6.2	0.003631383645183058
6.3	0.0036109359426273304
6.4	0.0035614109485236634
6.5	0.004366269827853355
6.6	0.005502109410620379
6.7	0.006374425974054988
6.8	0.0075371321245285006
6.9	0.007472373806167361
7.0	0.00531459761964035
7.1	0.003400469959616303
7.2	0.002999508787597872
7.300000000000001	0.0034321768635950816
7.4	0.003555013395306375
7.5	0.0030786623551579146
7.6	0.0024104813023026347
7.7	0.002294228516619534
7.800000000000001	0.0024790527252252915
7.9	0.0025278435043681897
8.0	0.0021888387520403374
8.1	0.001399701294562909
8.2	5.939367355871077E-4
8.3	1.433346269001312E-4
8.4	7.91978960324822E-6
8.5	0.0
8.6	0.0
8.7	0.0
8.8	0.0
8.9	0.0
9.0	0.0
#Run 44
5.0	0.0
5.1	0.0
5.2	0.0
5.3	0.0
5.4	8.087542811996246E-4
5.5	0.0024333597631100217
5.6	0.004549184155325827
5.7	0.006924484000557559
5.8	0.010803069111038349
5.9	0.01161117930879995
6.0	0.007645301638435803
6.1	0.004483272146209991
6.2	0.003631383645183058
6.3	0.0036109359426273304
6.4	0.0035614109485236634
6.5	0.004366269827853355
6.6	0.005502109410620379
6.7	0.006374425974054988
6.8	0.0075371321245285006
6.9	0.007472373806167361
7.0	0.00531459761964035
7.1	0.003400469959616303
7.2	0.002999508787597872
7.300000000000001	0.0034321768635950816
7.4	0.003555013395306375
7.5	0.0030786623551579146
7.6	0.0024104813023026347
7.7	0.002294228516619534
7.800000000000001	0.0024790527252252915
7.9	0.0025278435043681897
8.0	0.0021888387520403374
8.1	0.001399701294562909
8.2	5.939367355871077E-4
8.3	1.433346269001312E-4
8.4	7.91978960324822E-6
8.5	0.0
8.6	0.0
8.7	0.0
8.8	0.0
8.9	0.0
9.0	0.0
#Run 45
5.0	0.0
5.1	0.0
5.2	0.0
5.3	0.0
5.4	0.0
5.5	0.0
5.6	0.0
5.7	0.0
5.8	0.0
5.9	0.0
6.0	0.0
6.1	0.0
6.2	0.0
6.3	0.0
6.4	0.0
6.5	0.008059219085008968
6.6	0.008059219085008968
6.7	0.008059219085008968
6.8	0.008059219085008968
6.9	0.004629781971158272
7.0	0.004629781971158272
7.1	0.004629781971158272
7.2	0.004629781971158272
7.300000000000001	0.003171590390776992
7.4	0.0026788406259630896
7.5	0.0026788406259630896
7.6	0.0026788406259630896
7.7	0.0026788406259630896
7.800000000000001	0.001697632744663372
7.9	0.0014681346837491088
8.0	0.0014681346837491088
8.1	6.430821774068884E-4
8.2	6.430821774068884E-4
8.3	0.0
8.4	0.0
8.5	0.0
8.6	0.0
8.7	0.0
8.8	0.0
8.9	0.0
9.0	0.0
#Run 46
5.0	0.0
5.1	0.0
5.2	0.0
5.3	0.0
5.4	0.0
5.5	0.0
5.6	0.0
5.7	0.0
5.8	0.0
5.9	0.0
6.0	0.0
6.1	0.0
6.2	0.0
6.3	0.0
6.4	0.0
6.5	0.008059219085008968
6.6	0.008059219085008968
6.7	0.008059219085008968
6.8	0.008059219085008968
6.9	0.004629781971158272
7.0	0.004629781971158272
7.1	0.004629781971158272
7.2	0.004629781971158272
7.300000000000001	0.003171590390776992
7.4	0.0026788406259630896
7.5	0.0026788406259630896
7.6	0.0026788406259630896
7.7	0.0026788406259630896
7.800000000000001	0.001697632744663372
7.9	0.0014681346837491088
8.0	0.0014681346837491088
8.1	6.430821774068884E-4
8.2	6.430821774068884E-4
8.3	0.0
8.4	0.0
8.5	0.0
8.6	0.0
8.7	0.0
8.8	0.0
8.9	0.0
9.0	0.0
#Run 47
5.0	0.0
5.1	0.0
5.2	0.0
5.3	0.0
5.4	0.0
5.5	0.0
5.6	0.0
5.7	0.0
5.8	0.0
5.9	0.0
6.0	0.0
6.1	0.0
6.2	0.0
6.3	0.0
6.4	0.0
6.5	0.008059219085008968
6.6	0.008059219085008968
6.7	0.008059219085008968
6.8	0.008059219085008968
6.9	0.004629781971158272
7.0	0.004629781971158272
7.1	0.004629781971158272
7.2	0.004629781971158272
7.300000000000001	0.003171590390776992
7.4	0.0026788406259630896
7.5	0.0026788406259630896
7.6	0.0026788406259630896
7.7	0.0026788406259630896
7.800000000000001	0.001697632744663372
7.9	0.0014681346837491088
8.0	0.0014681346837491088
8.1	6.430821774068884E-4
8.2	6.430821774068884E-4
8.3	0.0
8.4	0.0
8.5	0.0
8.6	0.0
8.7	0.0
8.8	0.0
8.9	0.0
9.0	0.0
#Run 48
5.0	0.0
5.1	0.0
5.2	0.0
5.3	0.0
5.4	0.0
5.5	0.0
5.6	0.0
5.7	0.0
5.8	0.0
5.9	0.0
6.0	0.0
6.1	0.0
6.2	0.0
6.3	0.0
6.4	0.0
6.5	0.008059219085008968
6.6	0.008059219085008968
6.7	0.008059219085008968
6.8	0.008059219085008968
6.9	0.004629781971158272
7.0	0.004629781971158272
7.1	0.004629781971158272
7.2	0.004629781971158272
7.300000000000001	0.003171590390776992
7.4	0.0026788406259630896
7.5	0.0026788406259630896
7.6	0.0026788406259630896
7.7	0.0026788406259630896
7.800000000000001	0.001697632744663372
7.9	0.0014681346837491088
8.0	0.0014681346837491088
8.1	6.430821774068884E-4
8.2	6.430821774068884E-4
8.3	0.0
8.4	0.0
8.5	0.0
8.6	0.0
8.7	0.0
8.8	0.0
8.9	0.0
9.0	0.0
#Run 49
5.0	0.0
5.1	0.0
5.2	0.0
5.3	0.0
5.4	0.0
5.5	0.0
5.6	0.001068471817030967
5.7	0.003693783858936885
5.8	0.006376560680322265
5.9	0.007879865100135858
6.0	0.008767203187518141
6.1	0.009094255581641937
6.2	0.006408627490156508
6.3	0.003980078443877381
6.4	0.0034109780752860754
6.5	0.003547163623217028
6.6	0.0030322736148764625
6.7	0.002889535110058256
6.8	0.0038914047196782504
6.9	0.005869893653528845
7.0	0.008166429939383872
7.1	0.008165191885350165
7.2	0.00568474105604526
7.300000000000001	0.0038015392168745474
7.4	0.0036632338347047724
7.5	0.00404676161121672
7.6	0.004188947200358224
7.7	0.003979967179592112
7.800000000000001	0.003114304865118737
7.9	0.0019157451415936916
8.0	8.691926022639673E-4
8.1	2.7014076327227545E-4
8.2	4.906964912541775E-5
8.3	2.4167840630987376E-6
8.4	0.0
8.5	0.0
8.6	0.0
8.7	0.0
8.8	0.0
8.9	0.0
9.0	0.0
#Run 50
5.0	0.0
5.1	0.0
5.2	0.0
5.3	0.0
5.4	0.0
5.5	0.0
5.6	0.001068471817030967
5.7	0.003693783858936885
5.8	0.006376560680322265
5.9	0.007879865100135858
6.0	0.008767203187518141
6.1	0.009094255581641937
6.2	0.006408627490156508
6.3	0.003980078443877381
6.4	0.0034109780752860754
6.5	0.003547163623217028
6.6	0.0030322736148764625
6.7	0.002889535110058256
6.8	0.0038914047196782504
6.9	0.005869893653528845
7.0	0.008166429939383872
7.1	0.008165191885350165
7.2	0.00568474105604526
7.300000000000001	0.0038015392168745474
7.4	0.0036632338347047724
7.5	0.00404676161121672
7.6	0.004188947200358224
7.7	0.003979967179592112
7.800000000000001	0.003114304865118737
7.9	0.0019157451415936916
8.0	8.691926022639673E-4
8.1	2.7014076327227545E-4
8.2	4.906964912541775E-5
8.3	2.4167840630987376E-6
8.4	0.0
8.5	0.0
8.6	0.0
8.7	0.0
8.8	0.0
8.9	0.0
9.0	0.0
#Run 51
5.0	0.0
5.1	0.0
5.2	0.0
5.3	0.0
5.4	0.0
5.5	0.0
5.6	5.717478141369637E-4
5.7	0.001976573283055864
5.8	0.003412148615034833
5.9	0.006246453738119606
6.0	0.010143739049957533
6.1	0.012179533236826265
6.2	0.008711954494527909
6.3	0.0048733536381950025
6.4	0.0035887724880278686
6.5	0.0036783063199172317
6.6	0.0035569377095517676
6.7	0.004176994553337703
6.8	0.005867731273938358
6.9	0.0074031947303638025
7.0	0.00869816756643386
7.1	0.007959846222832218
7.2	0.005771400421093742
7.300000000000001	0.004576931163844734
7.4	0.004447624929382302
7.5	0.0041821851138916875
7.6	0.0035323922027228694
7.7	0.0032576233727369024
7.800000000000001	0.0031256505387201967
7.9	0.0026073119407250497
8.0	0.001521450254129734
8.1	5.491338753858381E-4
8.2	1.0568950849405323E-4
8.3	2.9562678266824688E-6
8.4	0.0
8.5	0.0
8.6	0.0
8.7	0.0
8.8	0.0
8.9	0.0
9.0	0.0
#Run 52
5.0	0.0
5.1	0.0
5.2	0.0
5.3	0.0
5.4	0.0
5.5	0.0
5.6	5.717478141369637E-4
5.7	0.001976573283055864
5.8	0.003412148615034833
5.9	0.006246453738119606
6.0	0.010143739049957533
6.1	0.012179533236826265
6.2	0.008711954494527909
6.3	0.0048733536381950025
6.4	0.0035887724880278686
6.5	0.0036783063199172317
6.6	0.0035569377095517676
6.7	0.004176994553337703
6.8	0.005867731273938358
6.9	0.0074031947303638025
7.0	0.00869816756643386
7.1	0.007959846222832218
7.2	0.005771400421093742
7.300000000000001	0.004576931163844734
7.4	0.004447624929382302
7.5	0.0041821851138916875
7.6	0.0035323922027228694
7.7	0.0032576233727369024
7.800000000000001	0.0031256505387201967
7.9	0.0026073119407250497
8.0	0.001521450254129734
8.1	5.491338753858381E-4
8.2	1.0568950849405323E-4
8.3	2.9562678266824688E-6
8.4	0.0
8.5	0.0
8.6	0.0
8.7	0.0
8.8	0.0
8.9	0.0
9.0	0.0
#Run 53
5.0	0.0
5.1	0.0
5.2	0.0
5.3	0.0
5.4	0.0
5.5	0.0
5.6	0.0
5.7	0.0
5.8	0.0
5.9	0.0
6.0	0.0
6.1	0.0
6.2	0.0
6.3	0.0
6.4	0.0
6.5	0.006815174086979865
6.6	0.006815174086979865
6.7	0.006815174086979865
6.8	0.006815174086979865
6.9	0.006815174086979865
7.0	0.006815174086979865
7.1	0.005342758385770259
7.2	0.005342758385770259
7.300000000000001	0.005342758385770259
7.4	0.003837600452371227
7.5	0.003837600452371227
7.6	0.003837600452371227
7.7	0.003837600452371227
7.800000000000001	0.0026312718900933286
7.9	0.002404063456719137
8.0	0.0012367209772547994
8.1	0.0
8.2	0.0
8.3	0.0
8.4	0.0
8.5	0.0
8.6	0.0
8.7	0.0
8.8	0.0
8.9	0.0
9.0	0.0
#Run 54
5.0	0.0
5.1	0.0
5.2	0.0
5.3	0.0
5.4	0.0
5.5	0.0
5.6	0.0
5.7	0.0
5.8	0.0
5.9	0.0
6.0	0.0
6.1	0.0
6.2	0.0
6.3	0.0
6.4	0.0
6.5	0.006815174086979865
6.6	0.006815174086979865
6.7	0.006815174086979865
6.8	0.006815174086979865
6.9	0.006815174086979865
7.0	0.006815174086979865
7.1	0.005342758385770259
7.2	0.005342758385770259
7.300000000000001	0.005342758385770259
7.4	0.003837600452371227
7.5	0.003837600452371227
7.6	0.003837600452371227
7.7	0.003837600452371227
7.800000000000001	0.0026312718900933286
7.9	0.002404063456719137
8.0	0.0012367209772547994
8.1	0.0
8.2	0.0
8.3	0.0
8.4	0.0
8.5	0.0
8.6	0.0
8.7	0.0
8.8	0.0
8.9	0.0
9.0	0.0
#Run 55
5.0	0.0
5.1	0.0
5.2	0.0
5.3	0.0
5.4	0.0
5.5	0.0
5.6	0.0
5.7	0.0
5.8	0.0
5.9	0.0
6.0	0.0
6.1	0.0
6.2	0.0
6.3	0.0
6.4	0.0
6.5	0.006815174086979865
6.6	0.006815174086979865
6.7	0.006815174086979865
6.8	0.006815174086979865
6.9	0.006815174086979865
7.0	0.006815174086979865
7.1	0.005342758385770259
7.2	0.005342758385770259
7.300000000000001	0.005342758385770259
7.4	0.003837600452371227
7.5	0.003837600452371227
7.6	0.003837600452371227
7.7	0.003837600452371227
7.800000000000001	0.0026312718900933286
7.9	0.002404063456719137
8.0	0.0012367209772547994
8.1	0.0
8.2	0.0
8.3	0.0
8.4	0.0
8.5	0.0
8.6	0.0
8.7	0.0
8.8	0.0
8.9	0.0
9.0	0.0
#Run 56
5.0	0.0
5.1	0.0
5.2	0.0
5.3	0.0
5.4	0.0
5.5	0.0
5.6	0.0
5.7	0.0
5.8	0.0
5.9	0.0
6.0	0.0
6.1	0.0
6.2	0.0
6.3	0.0
6.4	0.0
6.5	0.006815174086979865
6.6	0.006815174086979865
6.7	0.006815174086979865
6.8	0.006815174086979865
6.9	0.006815174086979865
7.0	0.006815174086979865
7.1	0.005342758385770259
7.2	0.005342758385770259
7.300000000000001	0.005342758385770259
7.4	0.003837600452371227
7.5	0.003837600452371227
7.6	0.003837600452371227
7.7	0.003837600452371227
7.800000000000001	0.0026312718900933286
7.9	0.002404063456719137
8.0	0.0012367209772547994
8.1	0.0
8.2	0.0
8.3	0.0
8.4	0.0
8.5	0.0
8.6	0.0
8.7	0.0
8.8	0.0
8.9	0.0
9.0	0.0
#Run 57
5.0	0.0
5.1	0.0
5.2	0.0
5.3	0.0
5.4	0.0032586556653937193
5.5	0.009804562105362579
5.6	0.01609295982293314
5.7	0.01742894238643339
5.8	0.019048733227536477
5.9	0.017785420328177093
6.0	0.012077805625957868
6.1	0.00792990754075145
6.2	0.007064368393328136
6.3	0.006638697690020767
6.4	0.005428876105646374
6.5	0.005180994931982744
6.6	0.006247130647920555
6.7	0.008779700953222445
6.8	0.012209536034224151
6.9	0.012817632249905564
7.0	0.008764341308527077
7.1	0.004339169920532318
7.2	0.002532267080387137
7.300000000000001	0.002880135635935355
7.4	0.0035769672253173537
7.5	0.0036295463262397145
7.6	0.0033792973840044874
7.7	0.003232560782838208
7.800000000000001	0.002781327479743809
7.9	0.0018767531604168516
8.0	0.0010202908449372227
8.1	4.238927063118897E-4
8.2	1.6269485783471E-4
8.3	3.8115618038053024E-5
8.4	5.395309429990259E-6
8.5	0.0
8.6	0.0
8.7	0.0
8.8	0.0
8.9	0.0
9.0	0.0
#Run 58
5.0	0.0
5.1	0.0
5.2	0.0
5.3	0.0
5.4	0.0032586556653937193
5.5	0.009804562105362579
5.6	0.01609295982293314
5.7	0.01742894238643339
5.8	0.019048733227536477
5.9	0.017785420328177093
6.0	0.012077805625957868
6.1	0.00792990754075145
6.2	0.007064368393328136
6.3	0.006638697690020767
6.4	0.005428876105646374
6.5	0.005180994931982744
6.6	0.006247130647920555
6.7	0.008779700953222445
6.8	0.012209536034224151
6.9	0.012817632249905564
7.0	0.008764341308527077
7.1	0.004339169920532318
7.2	0.002532267080387137
7.300000000000001	0.002880135635935355
7.4	0.0035769672253173537
7.5	0.0036295463262397145
7.6	0.0033792973840044874
7.7	0.003232560782838208
7.800000000000001	0.002781327479743809
7.9	0.0018767531604168516
8.0	0.0010202908449372227
8.1	4.238927063118897E-4
8.2	1.6269485783471E-4
8.3	3.8115618038053024E-5
8.4	5.395309429990259E-6
8.5	0.0
8.6	0.0
8.7	0.0
8.8	0.0
8.9	0.0
9.0	0.0
#Run 59
5.0	0.0
5.1	0.0
5.2	0.0
5.3	0.0
5.4	8.087542811996246E-4
5.5	0.0024333597631100217
5.6	0.004549184155325827
5.7	0.006924484000557559
5.8	0.010803069111038349
5.9	0.01161117930879995
6.0	0.007645301638435803
6.1	0.004483272146209991
6.2	0.003631383645183058
6.3	0.0036109359426273304
6.4	0.0035614109485236634
6.5	0.004381128552203673
6.6	0.005546271471540557
6.7	0.006446713489622541
6.8	0.007553500637437632
6.9	0.007411603276582239
7.0	0.005261790410910395
7.1	0.0033766420033230224
7.2	0.002999508787597872
7.300000000000001	0.0034321768635950816
7.4	0.003555013395306375
7.5	0.0030786623551579146
7.6	0.0024104813023026347
7.7	0.002294228516619534
7.800000000000001	0.002479052725225292
7.9	0.0025278435043681897
8.0	0.0021888387520403374
8.1	0.001399701294562909
8.2	5.939367355871077E-4
8.3	1.433346269001312E-4
8.4	7.91978960324822E-6
8.5	0.0
8.6	0.0
8.7	0.0
8.8	0.0
8.9	0.0
9.0	0.0
#Run 60
5.0	0.0
5.1	0.0
5.2	0.0
5.3	0.0
5.4	8.087542811996246E-4
5.5	0.0024333597631100217
5.6	0.004549184155325827
5.7	0.006924484000557559
5.8	0.010803069111038349
5.9	0.01161117930879995
6.0	0.007645301638435803
6.1	0.004483272146209991
6.2	0.003631383645183058
6.3	0.0036109359426273304
6.4	0.0035614109485236634
6.5	0.004381128552203673
6.6	0.005546271471540557
6.7	0.006446713489622541
6.8	0.007553500637437632
6.9	0.007411603276582239
7.0	0.005261790410910395
7.1	0.0033766420033230224
7.2	0.002999508787597872
7.300000000000001	0.0034321768635950816
7.4	0.003555013395306375
7.5	0.0030786623551579146
7.6	0.0024104813023026347
7.7	0.002294228516619534
7.800000000000001	0.002479052725225292
7.9	0.0025278435043681897
8.0	0.0021888387520403374
8.1	0.001399701294562909
8.2	5.939367355871077E-4
8.3	1.433346269001312E-4
8.4	7.91978960324822E-6
8.5	0.0
8.6	0.0
8.7	0.0
8.8	0.0
8.9	0.0
9.0	0.0
#Run 61
5.0	0.0
5.1	0.0
5.2	0.0
5.3	0.0
5.4	0.0
5.5	0.0
5.6	0.0
5.7	0.0
5.8	0.0
5.9	0.0
6.0	0.0
6.1	0.0
6.2	0.0
6.3	0.0
6.4	0.0
6.5	0.00825756340381447
6.6	0.00825756340381447
6.7	0.00825756340381447
6.8	0.00825756340381447
6.9	0.004828126289963775
7.0	0.004828126289963775
7.1	0.004828126289963775
7.2	0.004828126289963775
7.300000000000001	0.003369934709582494
7.4	0.002877184944768591
7.5	0.002877184944768591
7.6	0.002877184944768591
7.7	0.002877184944768591
7.800000000000001	0.001670856382490693
7.9	0.0014436479491165013
8.0	0.0014436479491165013
8.1	6.18595442774281E-4
8.2	6.18595442774281E-4
8.3	0.0
8.4	0.0
8.5	0.0
8.6	0.0
8.7	0.0
8.8	0.0
8.9	0.0
9.0	0.0
#Run 62
5.0	0.0
5.1	0.0
5.2	0.0
5.3	0.0
5.4	0.0
5.5	0.0
5.6	0.0
5.7	0.0
5.8	0.0
5.9	0.0
6.0	0.0
6.1	0.0
6.2	0.0
6.3	0.0
6.4	0.0
6.5	0.00825756340381447
6.6	0.00825756340381447
6.7	0.00825756340381447
6.8	0.00825756340381447
6.9	0.004828126289963775
7.0	0.004828126289963775
7.1	0.004828126289963775
7.2	0.004828126289963775
7.300000000000001	0.003369934709582494
7.4	0.002877184944768591
7.5	0.002877184944768591
7.6	0.002877184944768591
7.7	0.002877184944768591
7.800000000000001	0.001670856382490693
7.9	0.0014436479491165013
8.0	0.0014436479491165013
8.1	6.18595442774281E-4
8.2	6.18595442774281E-4
8.3	0.0
8.4	0.0
8.5	0.0
8.6	0.0
8.7	0.0
8.8	0.0
8.9	0.0
9.0	0.0
#Run 63
5.0	0.0
5.1	0.0
5.2	0.0
5.3	0.0
5.4	0.0
5.5	0.0
5.6	0.0
5.7	0.0
5.8	0.0
5.9	0.0
6.0	0.0
6.1	0.0
6.2	0.0
6.3	0.0
6.4	0.0
6.5	0.00825756340381447
6.6	0.00825756340381447
6.7	0.00825756340381447
6.8	0.00825756340381447
6.9	0.004828126289963775
7.0	0.004828126289963775
7.1	0.004828126289963775
7.2	0.004828126289963775
7.300000000000001	0.003369934709582494
7.4	0.002877184944768591
7.5	0.002877184944768591
7.6	0.002877184944768591
7.7	0.002877184944768591
7.800000000000001	0.001670856382490693
7.9	0.0014436479491165013
8.0	0.0014436479491165013
8.1	6.18595442774281E-4
8.2	6.18595442774281E-4
8.3	0.0
8.4	0.0
8.5	0.0
8.6	0.0
8.7	0.0
8.8	0.0
8.9	0.0
9.0	0.0
#Run 64
5.0	0.0
5.1	0.0
5.2	0.0
5.3	0.0
5.4	0.0
5.5	0.0
5.6	0.0
5.7	0.0
5.8	0.0
5.9	0.0
6.0	0.0
6.1	0.0
6.2	0.0
6.3	0.0
6.4	0.0
6.5	0.00825756340381447
6.6	0.00825756340381447
6.7	0.00825756340381447
6.8	0.00825756340381447
6.9	0.004828126289963775
7.0	0.004828126289963775
7.1	0.004828126289963775
7.2	0.004828126289963775
7.300000000000001	0.003369934709582494
7.4	0.002877184944768591
7.5	0.002877184944768591
7.6	0.002877184944768591
7.7	0.002877184944768591
7.800000000000001	0.001670856382490693
7.9	0.0014436479491165013
8.0	0.0014436479491165013
8.1	6.18595442774281E-4
8.2	6.18595442774281E-4
8.3	0.0
8.4	0.0
8.5	0.0
8.6	0.0
8.7	0.0
8.8	0.0
8.9	0.0
9.0	0.0
#Run 65
5.0	0.0
5.1	0.0
5.2	0.0
5.3	0.0
5.4	0.0
5.5	0.0
5.6	0.001068471817030967
5.7	0.003693783858936885
5.8	0.006376560680322265
5.9	0.00788549436157532
6.0	0.008782323645851188
6.1	0.00911453638257536
6.2	0.0064222109955186304
6.3	0.00398462146990133
6.4	0.0034109780752860754
6.5	0.003547163623217028
6.6	0.003018173796664001
6.7	0.002830199883695129
6.8	0.003761381996554322
6.9	0.005730841659390605
7.0	0.008088444228857378
7.1	0.008135477692104529
7.2	0.005644059072541956
7.300000000000001	0.0038243790215429408
7.4	0.0038046874332104443
7.5	0.0042618917481663954
7.6	0.004290697516867842
7.7	0.0039678751107184865
7.800000000000001	0.0030757330888508813
7.9	0.0019032421505151174
8.0	8.574101811610355E-4
8.1	2.619463154562387E-4
8.2	4.646183836178954E-5
8.3	1.9639506161654E-6
8.4	0.0
8.5	0.0
8.6	0.0
8.7	0.0
8.8	0.0
8.9	0.0
9.0	0.0
#Run 66
5.0	0.0
5.1	0.0
5.2	0.0
5.3	0.0
5.4	0.0
5.5	0.0
5.6	0.001068471817030967
5.7	0.003693783858936885
5.8	0.006376560680322265
5.9	0.00788549436157532
6.0	0.008782323645851188
6.1	0.00911453638257536
6.2	0.0064222109955186304
6.3	0.00398462146990133
6.4	0.0034109780752860754
6.5	0.003547163623217028
6.6	0.003018173796664001
6.7	0.002830199883695129
6.8	0.003761381996554322
6.9	0.005730841659390605
7.0	0.008088444228857378
7.1	0.008135477692104529
7.2	0.005644059072541956
7.300000000000001	0.0038243790215429408
7.4	0.0038046874332104443
7.5	0.0042618917481663954
7.6	0.004290697516867842
7.7	0.0039678751107184865
7.800000000000001	0.0030757330888508813
7.9	0.0019032421505151174
8.0	8.574101811610355E-4
8.1	2.619463154562387E-4
8.2	4.646183836178954E-5
8.3	1.9639506161654E-6
8.4	0.0
8.5	0.0
8.6	0.0
8.7	0.0
8.8	0.0
8.9	0.0
9.0	0.0
#Run 67
5.0	0.0
5.1	0.0
5.2	0.0
5.3	0.0
5.4	0.0
5.5	0.0
5.6	5.717478141369637E-4
5.7	0.001976573283055864
5.8	0.003412148615034833
5.9	0.006246453738119606
6.0	0.010143739049957533
6.1	0.012179533236826265
6.2	0.008711954494527909
6.3	0.0048733536381950025
6.4	0.0035887724880278686
6.5	0.0036783063199172317
6.6	0.0035569377095517676
6.7	0.004176994553337703
6.8	0.005867731273938358
6.9	0.0074031947303638025
7.0	0.00869816756643386
7.1	0.007959846222832218
7.2	0.005771400421093742
7.300000000000001	0.004576931163844734
7.4	0.004447624929382302
7.5	0.0041821851138916875
7.6	0.0035323922027228694
7.7	0.0032576233727369024
7.800000000000001	0.0031256505387201967
7.9	0.0026073119407250497
8.0	0.001521450254129734
8.1	5.491338753858381E-4
8.2	1.0568950849405323E-4
8.3	2.9562678266824688E-6
8.4	0.0
8.5	0.0
8.6	0.0
8.7	0.0
8.8	0.0
8.9	0.0
9.0	0.0
#Run 68
5.0	0.0
5.1	0.0
5.2	0.0
5.3	0.0
5.4	0.0
5.5	0.0
5.6	5.717478141369637E-4
5.7	0.001976573283055864
5.8	0.003412148615034833
5.9	0.006246453738119606
6.0	0.010143739049957533
6.1	0.012179533236826265
6.2	0.008711954494527909
6.3	0.0048733536381950025
6.4	0.0035887724880278686
6.5	0.0036783063199172317
6.6	0.0035569377095517676
6.7	0.004176994553337703
6.8	0.005867731273938358
6.9	0.0074031947303638025
7.0	0.00869816756643386
7.1	0.007959846222832218
7.2	0.005771400421093742
7.300000000000001	0.004576931163844734
7.4	0.004447624929382302
7.5	0.0041821851138916875
7.6	0.0035323922027228694
7.7	0.0032576233727369024
7.800000000000001	0.0031256505387201967
7.9	0.0026073119407250497
8.0	0.001521450254129734
8.1	5.491338753858381E-4
8.2	1.0568950849405323E-4
8.3	2.9562678266824688E-6
8.4	0.0
8.5	0.0
8.6	0.0
8.7	0.0
8.8	0.0
8.9	0.0
9.0	0.0
#Run 69
5.0	0.0
5.1	0.0
5.2	0.0
5.3	0.0
5.4	0.0
5.5	0.0
5.6	0.0
5.7	0.0
5.8	0.0
5.9	0.0
6.0	0.0
6.1	0.0
6.2	0.0
6.3	0.0
6.4	0.0
6.5	0.006983118711013724
6.6	0.006983118711013724
6.7	0.006983118711013724
6.8	0.006983118711013724
6.9	0.006983118711013724
7.0	0.006983118711013724
7.1	0.005510703009804118
7.2	0.005510703009804118
7.300000000000001	0.005510703009804118
7.4	0.004005545076405085
7.5	0.004005545076405085
7.6	0.004005545076405085
7.7	0.004005545076405085
7.800000000000001	0.002559557864209015
7.9	0.0023323494308348236
8.0	0.001165006951370486
8.1	0.0
8.2	0.0
8.3	0.0
8.4	0.0
8.5	0.0
8.6	0.0
8.7	0.0
8.8	0.0
8.9	0.0
9.0	0.0
#Run 70
5.0	0.0
5.1	0.0
5.2	0.0
5.3	0.0
5.4	0.0
5.5	0.0
5.6	0.0
5.7	0.0
5.8	0.0
5.9	0.0
6.0	0.0
6.1	0.0
6.2	0.0
6.3	0.0
6.4	0.0
6.5	0.006983118711013724
6.6	0.006983118711013724
6.7	0.006983118711013724
6.8	0.006983118711013724
6.9	0.006983118711013724
7.0	0.006983118711013724
7.1	0.005510703009804118
7.2	0.005510703009804118
7.300000000000001	0.005510703009804118
7.4	0.004005545076405085
7.5	0.004005545076405085
7.6	0.004005545076405085
7.7	0.004005545076405085
7.800000000000001	0.002559557864209015
7.9	0.0023323494308348236
8.0	0.001165006951370486
8.1	0.0
8.2	0.0
8.3	0.0
8.4	0.0
8.5	0.0
8.6	0.0
8.7	0.0
8.8	0.0
8.9	0.0
9.0	0.0
#Run 71
5.0	0.0
5.1	0.0
5.2	0.0
5.3	0.0
5.4	0.0
5.5	0.0
5.6	0.0
5.7	0.0
5.8	0.0
5.9	0.0
6.0	0.0
6.1	0.0
6.2	0.0
6.3	0.0
6.4	0.0
6.5	0.006983118711013724
6.6	0.006983118711013724
6.7	0.006983118711013724
6.8	0.006983118711013724
6.9	0.006983118711013724
7.0	0.006983118711013724
7.1	0.005510703009804118
7.2	0.005510703009804118
7.300000000000001	0.005510703009804118
7.4	0.004005545076405085
7.5	0.004005545076405085
7.6	0.004005545076405085
7.7	0.004005545076405085
7.800000000000001	0.002559557864209015
7.9	0.0023323494308348236
8.0	0.001165006951370486
8.1	0.0
8.2	0.0
8.3	0.0
8.4	0.0
8.5	0.0
8.6	0.0
8.7	0.0
8.8	0.0
8.9	0.0
9.0	0.0
#Run 72
5.0	0.0
5.1	0.0
5.2	0.0
5.3	0.0
5.4	0.0
5.5	0.0
5.6	0.0
5.7	0.0
5.8	0.0
5.9	0.0
6.0	0.0
6.1	0.0
6.2	0.0
6.3	0.0
6.4	0.0
6.5	0.006983118711013724
6.6	0.006983118711013724
6.7	0.006983118711013724
6.8	0.006983118711013724
6.9	0.006983118711013724
7.0	0.006983118711013724
7.1	0.005510703009804118
7.2	0.005510703009804118
7.300000000000001	0.005510703009804118
7.4	0.004005545076405085
7.5	0.004005545076405085
7.6	0.004005545076405085
7.7	0.004005545076405085
7.800000000000001	0.002559557864209015
7.9	0.0023323494308348236
8.0	0.001165006951370486
8.1	0.0
8.2	0.0
8.3	0.0
8.4	0.0
8.5	0.0
8.6	0.0
8.7	0.0
8.8	0.0
8.9	0.0
9.0	0.0
#Run 73
5.0	0.0
5.1	0.0
5.2	0.0
5.3	0.0
5.4	0.0032586556653937193
5.5	0.009804562105362579
5.6	0.01610065060817392
5.7	0.017464947064583125
5.8	0.0191329025423388
5.9	0.017883675463965507
6.0	0.012135080393922614
6.1	0.007946579169338632
6.2	0.007064368393328136
6.3	0.006638697690020767
6.4	0.005415992388961387
6.5	0.005133558356366328
6.6	0.006129807776358601
6.7	0.008597916821670541
6.8	0.012019992384056159
6.9	0.012708469054058237
7.0	0.008720561196898943
7.1	0.00431954013930043
7.2	0.0025928193556744345
7.300000000000001	0.0030507621332904592
7.4	0.0038798103718124845
7.5	0.003930450437048689
7.6	0.003479167321152549
7.7	0.0031872720327538683
7.800000000000001	0.0027471293229804333
7.9	0.0019043627822807618
8.0	0.001030445167109288
8.1	4.010073469380324E-4
8.2	1.4088160226306E-4
8.3	2.970260208584045E-5
8.4	3.103707238113769E-6
8.5	0.0
8.6	0.0
8.7	0.0
8.8	0.0
8.9	0.0
9.0	0.0
#Run 74
5.0	0.0
5.1	0.0
5.2	0.0
5.3	0.0
5.4	0.0032586556653937193
5.5	0.009804562105362579
5.6	0.01610065060817392
5.7	0.017464947064583125
5.8	0.0191329025423388
5.9	0.017883675463965507
6.0	0.012135080393922614
6.1	0.007946579169338632
6.2	0.007064368393328136
6.3	0.006638697690020767
6.4	0.005415992388961387
6.5	0.005133558356366328
6.6	0.006129807776358601
6.7	0.008597916821670541
6.8	0.012019992384056159
6.9	0.012708469054058237
7.0	0.008720561196898943
7.1	0.00431954013930043
7.2	0.0025928193556744345
7.300000000000001	0.0030507621332904592
7.4	0.0038798103718124845
7.5	0.003930450437048689
7.6	0.003479167321152549
7.7	0.0031872720327538683
7.800000000000001	0.0027471293229804333
7.9	0.0019043627822807618
8.0	0.001030445167109288
8.1	4.010073469380324E-4
8.2	1.4088160226306E-4
8.3	2.970260208584045E-5
8.4	3.103707238113769E-6
8.5	0.0
8.6	0.0
8.7	0.0
8.8	0.0
8.9	0.0
9.0	0.0
#Run 75
5.0	0.0
5.1	0.0
5.2	0.0
5.3	0.0
5.4	8.087542811996246E-4
5.5	0.0024333597631100217
5.6	0.004549184155325827
5.7	0.006924484000557559
5.8	0.010803069111038349
5.9	0.01161117930879995
6.0	0.007645301638435803
6.1	0.004483272146209991
6.2	0.003631383645183058
6.3	0.0036109359426273304
6.4	0.0035614109485236634
6.5	0.004381128552203673
6.6	0.005546271471540557
6.7	0.006446713489622541
6.8	0.007553500637437632
6.9	0.007411603276582239
7.0	0.005261790410910395
7.1	0.0033766420033230224
7.2	0.002999508787597872
7.300000000000001	0.0034321768635950816
7.4	0.003555013395306375
7.5	0.0030786623551579146
7.6	0.0024104813023026347
7.7	0.002294228516619534
7.800000000000001	0.0024790527252252915
7.9	0.0025278435043681897
8.0	0.0021888387520403374
8.1	0.001399701294562909
8.2	5.939367355871077E-4
8.3	1.433346269001312E-4
8.4	7.91978960324822E-6
8.5	0.0
8.6	0.0
8.7	0.0
8.8	0.0
8.9	0.0
9.0	0.0
#Run 76
5.0	0.0
5.1	0.0
5.2	0.0
5.3	0.0
5.4	8.087542811996246E-4
5.5	0.0024333597631100217
5.6	0.004549184155325827
5.7	0.006924484000557559
5.8	0.010803069111038349
5.9	0.01161117930879995
6.0	0.007645301638435803
6.1	0.004483272146209991
6.2	0.003631383645183058
6.3	0.0036109359426273304
6.4	0.0035614109485236634
6.5	0.004381128552203673
6.6	0.005546271471540557
6.7	0.006446713489622541
6.8	0.007553500637437632
6.9	0.007411603276582239
7.0	0.005261790410910395
7.1	0.0033766420033230224
7.2	0.002999508787597872
7.300000000000001	0.0034321768635950816
7.4	0.003555013395306375
7.5	0.0030786623551579146
7.6	0.0024104813023026347
7.7	0.002294228516619534
7.800000000000001	0.0024790527252252915
7.9	0.0025278435043681897
8.0	0.0021888387520403374
8.1	0.001399701294562909
8.2	5.939367355871077E-4
8.3	1.433346269001312E-4
8.4	7.91978960324822E-6
8.5	0.0
8.6	0.0
8.7	0.0
8.8	0.0
8.9	0.0
9.0	0.0
#Run 77
5.0	0.0
5.1	0.0
5.2	0.0
5.3	0.0
5.4	0.0
5.5	0.0
5.6	0.0
5.7	0.0
5.8	0.0
5.9	0.0
6.0	0.0
6.1	0.0
6.2	0.0
6.3	0.0
6.4	0.0
6.5	0.008461351416449926
6.6	0.008461351416449926
6.7	0.008461351416449926
6.8	0.008461351416449926
6.9	0.00503191430259923
7.0	0.00503191430259923
7.1	0.00503191430259923
7.2	0.00503191430259923
7.300000000000001	0.003573722722217949
7.4	0.0030809729574040466
7.5	0.0030809729574040466
7.6	0.0030809729574040466
7.7	0.0030809729574040466
7.800000000000001	0.0016349857452079767
7.9	0.0014077773118337852
8.0	0.0014077773118337852
8.1	5.827248054915648E-4
8.2	5.827248054915648E-4
8.3	0.0
8.4	0.0
8.5	0.0
8.6	0.0
8.7	0.0
8.8	0.0
8.9	0.0
9.0	0.0
#Run 78
5.0	0.0
5.1	0.0
5.2	0.0
5.3	0.0
5.4	0.0
5.5	0.0
5.6	0.0
5.7	0.0
5.8	0.0
5.9	0.0
6.0	0.0
6.1	0.0
6.2	0.0
6.3	0.0
6.4	0.0
6.5	0.008461351416449926
6.6	0.008461351416449926
6.7	0.008461351416449926
6.8	0.008461351416449926
6.9	0.00503191430259923
7.0	0.00503191430259923
7.1	0.00503191430259923
7.2	0.00503191430259923
7.300000000000001	0.003573722722217949
7.4	0.0030809729574040466
7.5	0.0030809729574040466
7.6	0.0030809729574040466
7.7	0.0030809729574040466
7.800000000000001	0.0016349857452079767
7.9	0.0014077773118337852
8.0	0.0014077773118337852
8.1	5.827248054915648E-4
8.2	5.827248054915648E-4
8.3	0.0
8.4	0.0
8.5	0.0
8.6	0.0
8.7	0.0
8.8	0.0
8.9	0.0
9.0	0.0
#Run 79
5.0	0.0
5.1	0.0
5.2	0.0
5.3	0.0
5.4	0.0
5.5	0.0
5.6	0.0
5.7	0.0
5.8	0.0
5.9	0.0
6.0	0.0
6.1	0.0
6.2	0.0
6.3	0.0
6.4	0.0
6.5	0.008461351416449926
6.6	0.008461351416449926
6.7	0.008461351416449926
6.8	0.008461351416449926
6.9	0.00503191430259923
7.0	0.00503191430259923
7.1	0.00503191430259923
7.2	0.00503191430259923
7.300000000000001	0.003573722722217949
7.4	0.0030809729574040466
7.5	0.0030809729574040466
7.6	0.0030809729574040466
7.7	0.0030809729574040466
7.800000000000001	0.0016349857452079767
7.9	0.0014077773118337852
8.0	0.0014077773118337852
8.1	5.827248054915648E-4
8.2	5.827248054915648E-4
8.3	0.0
8.4	0.0
8.5	0.0
8.6	0.0
8.7	0.0
8.8	0.0
8.9	0.0
9.0	0.0
#Run 80
5.0	0.0
5.1	0.0
5.2	0.0
5.3	0.0
5.4	0.0
5.5	0.0
5.6	0.0
5.7	0.0
5.8	0.0
5.9	0.0
6.0	0.0
6.1	0.0
6.2	0.0
6.3	0.0
6.4	0.0
6.5	0.008461351416449926
6.6	0.008461351416449926
6.7	0.008461351416449926
6.8	0.008461351416449926
6.9	0.00503191430259923
7.0	0.00503191430259923
7.1	0.00503191430259923
7.2	0.00503191430259923
7.300000000000001	0.003573722722217949
7.4	0.0030809729574040466
7.5	0.0030809729574040466
7.6	0.0030809729574040466
7.7	0.0030809729574040466
7.800000000000001	0.0016349857452079767
7.9	0.0014077773118337852
8.0	0.0014077773118337852
8.1	5.827248054915648E-4
8.2	5.827248054915648E-4
8.3	0.0
8.4	0.0
8.5	0.0
8.6	0.0
8.7	0.0
8.8	0.0
8.9	0.0
9.0	0.0
#Run 81
5.0	0.0
5.1	0.0
5.2	0.0
5.3	0.0
5.4	0.0
5.5	0.0
5.6	0.001068471817030967
5.7	0.003693783858936885
5.8	0.006376560680322265
5.9	0.007876684621223392
6.0	0.008758660273071504
6.1	0.009082797122945295
6.2	0.006400952939449245
6.3	0.003977511677593145
6.4	0.0034109780752860754
6.5	0.003547163623217028
6.6	0.0030397925472120304
6.7	0.002921279240066108
6.8	0.003966057443920076
6.9	0.00597423637929567
7.0	0.008291121741550016
7.1	0.008293720056563357
7.2	0.00578774318514978
7.300000000000001	0.003802755487380013
7.4	0.0035442065551734543
7.5	0.0038735501052488963
7.6	0.004115896909215212
7.7	0.004006180806459855
7.800000000000001	0.0031617834783907914
7.9	0.0019320652671643839
8.0	8.779599879756443E-4
8.1	2.752822860384689E-4
8.2	5.105010358549558E-5
8.3	2.76926787827579E-6
8.4	0.0
8.5	0.0
8.6	0.0
8.7	0.0
8.8	0.0
8.9	0.0
9.0	0.0
#Run 82
5.0	0.0
5.1	0.0
5.2	0.0
5.3	0.0
5.4	0.0
5.5	0.0
5.6	0.001068471817030967
5.7	0.003693783858936885
5.8	0.006376560680322265
5.9	0.007876684621223392
6.0	0.008758660273071504
6.1	0.009082797122945295
6.2	0.006400952939449245
6.3	0.003977511677593145
6.4	0.0034109780752860754
6.5	0.003547163623217028
6.6	0.0030397925472120304
6.7	0.002921279240066108
6.8	0.003966057443920076
6.9	0.00597423637929567
7.0	0.008291121741550016
7.1	0.008293720056563357
7.2	0.00578774318514978
7.300000000000001	0.003802755487380013
7.4	0.0035442065551734543
7.5	0.0038735501052488963
7.6	0.004115896909215212
7.7	0.004006180806459855
7.800000000000001	0.0031617834783907914
7.9	0.0019320652671643839
8.0	8.779599879756443E-4
8.1	2.752822860384689E-4
8.2	5.105010358549558E-5
8.3	2.76926787827579E-6
8.4	0.0
8.5	0.0
8.6	0.0
8.7	0.0
8.8	0.0
8.9	0.0
9.0	0.0
#Run 83
5.0	0.0
5.1	0.0
5.2	0.0
5.3	0.0
5.4	0.0
5.5	0.0
5.6	5.717478141369637E-4
5.7	0.001976573283055864
5.8	0.003412148615034833
5.9	0.006246453738119606
6.0	0.010143739049957533
6.1	0.012179533236826265
6.2	0.008711954494527909
6.3	0.0048733536381950025
6.4	0.0035887724880278686
6.5	0.0036783063199172317
6.6	0.0035569377095517676
6.7	0.004176994553337703
6.8	0.005867731273938358
6.9	0.0074031947303638025
7.0	0.00869816756643386
7.1	0.007959846222832218
7.2	0.005771400421093742
7.300000000000001	0.004576931163844734
7.4	0.004447624929382302
7.5	0.0041821851138916875
7.6	0.0035323922027228694
7.7	0.0032576233727369024
7.800000000000001	0.0031256505387201967
7.9	0.0026073119407250497
8.0	0.001521450254129734
8.1	5.491338753858381E-4
8.2	1.0568950849405323E-4
8.3	2.9562678266824688E-6
8.4	0.0
8.5	0.0
8.6	0.0
8.7	0.0
8.8	0.0
8.9	0.0
9.0	0.0
#Run 84
5.0	0.0
5.1	0.0
5.2	0.0
5.3	0.0
5.4	0.0
5.5	0.0
5.6	5.717478141369637E-4
5.7	0.001976573283055864
5.8	0.003412148615034833
5.9	0.006246453738119606
6.0	0.010143739049957533
6.1	0.012179533236826265
6.2	0.008711954494527909
6.3	0.0048733536381950025
6.4	0.0035887724880278686
6.5	0.0036783063199172317
6.6	0.0035569377095517676
6.7	0.004176994553337703
6.8	0.005867731273938358
6.9	0.0074031947303638025
7.0	0.00869816756643386
7.1	0.007959846222832218
7.2	0.005771400421093742
7.300000000000001	0.004576931163844734
7.4	0.004447624929382302
7.5	0.0041821851138916875
7.6	0.0035323922027228694
7.7	0.0032576233727369024
7.800000000000001	0.0031256505387201967
7.9	0.0026073119407250497
8.0	0.001521450254129734
8.1	5.491338753858381E-4
8.2	1.0568950849405323E-4
8.3	2.9562678266824688E-6
8.4	0.0
8.5	0.0
8.6	0.0
8.7	0.0
8.8	0.0
8.9	0.0
9.0	0.0
#Run 85
5.0	0.0
5.1	0.0
5.2	0.0
5.3	0.0
5.4	0.0
5.5	0.0
5.6	0.0
5.7	0.0
5.8	0.0
5.9	0.0
6.0	0.0
6.1	0.0
6.2	0.0
6.3	0.0
6.4	0.0
6.5	0.006639008274225095
6.6	0.006639008274225095
6.7	0.006639008274225095
6.8	0.006639008274225095
6.9	0.006639008274225095
7.0	0.006639008274225095
7.1	0.005166592573015489
7.2	0.005166592573015489
7.300000000000001	0.005166592573015489
7.4	0.003661434639616457
7.5	0.003661434639616457
7.6	0.003661434639616457
7.7	0.003661434639616457
7.800000000000001	0.0026802267583167392
7.9	0.0024530183249425476
8.0	0.00128567584547821
8.1	0.0
8.2	0.0
8.3	0.0
8.4	0.0
8.5	0.0
8.6	0.0
8.7	0.0
8.8	0.0
8.9	0.0
9.0	0.0
#Run 86
5.0	0.0
5.1	0.0
5.2	0.0
5.3	0.0
5.4	0.0
5.5	0.0
5.6	0.0
5.7	0.0
5.8	0.0
5.9	0.0
6.0	0.0
6.1	0.0
6.2	0.0
6.3	0.0
6.4	0.0
6.5	0.006639008274225095
6.6	0.006639008274225095
6.7	0.006639008274225095
6.8	0.006639008274225095
6.9	0.006639008274225095
7.0	0.006639008274225095
7.1	0.005166592573015489
7.2	0.005166592573015489
7.300000000000001	0.005166592573015489
7.4	0.003661434639616457
7.5	0.003661434639616457
7.6	0.003661434639616457
7.7	0.003661434639616457
7.800000000000001	0.0026802267583167392
7.9	0.0024530183249425476
8.0	0.00128567584547821
8.1	0.0
8.2	0.0
8.3	0.0
8.4	0.0
8.5	0.0
8.6	0.0
8.7	0.0
8.8	0.0
8.9	0.0
9.0	0.0
#Run 87
5.0	0.0
5.1	0.0
5.2	0.0
5.3	0.0
5.4	0.0
5.5	0.0
5.6	0.0
5.7	0.0
5.8	0.0
5.9	0.0
6.0	0.0
6.1	0.0
6.2	0.0
6.3	0.0
6.4	0.0
6.5	0.006639008274225095
6.6	0.006639008274225095
6.7	0.006639008274225095
6.8	0.006639008274225095
6.9	0.006639008274225095
7.0	0.006639008274225095
7.1	0.005166592573015489
7.2	0.005166592573015489
7.300000000000001	0.005166592573015489
7.4	0.003661434639616457
7.5	0.003661434639616457
7.6	0.003661434639616457
7.7	0.003661434639616457
7.800000000000001	0.0026802267583167392
7.9	0.0024530183249425476
8.0	0.00128567584547821
8.1	0.0
8.2	0.0
8.3	0.0
8.4	0.0
8.5	0.0
8.6	0.0
8.7	0.0
8.8	0.0
8.9	0.0
9.0	0.0
#Run 88
5.0	0.0
5.1	0.0
5.2	0.0
5.3	0.0
5.4	0.0
5.5	0.0
5.6	0.0
5.7	0.0
5.8	0.0
5.9	0.0
6.0	0.0
6.1	0.0
6.2	0.0
6.3	0.0
6.4	0.0
6.5	0.006639008274225095
6.6	0.006639008274225095
6.7	0.006639008274225095
6.8	0.006639008274225095
6.9	0.006639008274225095
7.0	0.006639008274225095
7.1	0.005166592573015489
7.2	0.005166592573015489
7.300000000000001	0.005166592573015489
7.4	0.003661434639616457
7.5	0.003661434639616457
7.6	0.003661434639616457
7.7	0.003661434639616457
7.800000000000001	0.0026802267583167392
7.9	0.0024530183249425476
8.0	0.00128567584547821
8.1	0.0
8.2	0.0
8.3	0.0
8.4	0.0
8.5	0.0
8.6	0.0
8.7	0.0
8.8	0.0
8.9	0.0
9.0	0.0
#Run 89
5.0	0.0
5.1	0.0
5.2	0.0
5.3	0.0
5.4	0.0032586556653937193
5.5	0.009804562105362579
5.6	0.01607869334423733
5.7	0.017362153371047972
5.8	0.018892598359785847
5.9	0.017603156130492056
6.0	0.011971560394633053
6.1	0.007898981513484138
6.2	0.007064368393328136
6.3	0.006638697690020767
6.4	0.0054375787859437695
6.5	0.005213032761285393
6.6	0.006312875256174986
6.7	0.008864889763429182
6.8	0.012309548393935794
6.9	0.012932183259692167
7.0	0.008867171299161262
7.1	0.004401241458211383
7.2	0.0025220649787765447
7.300000000000001	0.002784995099947364
7.4	0.003366426219405986
7.5	0.0034172413096855846
7.6	0.0033212167521718882
7.7	0.003290427695170953
7.800000000000001	0.0028367963940539543
7.9	0.0018833412323720697
8.0	0.001019966873671655
8.1	4.359645506206679E-4
8.2	1.7616737483282355E-4
8.3	4.388513184895112E-5
8.4	6.996719673869566E-6
8.5	0.0
8.6	0.0
8.7	0.0
8.8	0.0
8.9	0.0
9.0	0.0
#Run 90
5.0	0.0
5.1	0.0
5.2	0.0
5.3	0.0
5.4	0.0032586556653937193
5.5	0.009804562105362579
5.6	0.01607869334423733
5.7	0.017362153371047972
5.8	0.018892598359785847
5.9	0.017603156130492056
6.0	0.011971560394633053
6.1	0.007898981513484138
6.2	0.007064368393328136
6.3	0.006638697690020767
6.4	0.0054375787859437695
6.5	0.005213032761285393
6.6	0.006312875256174986
6.7	0.008864889763429182
6.8	0.012309548393935794
6.9	0.012932183259692167
7.0	0.008867171299161262
7.1	0.004401241458211383
7.2	0.0025220649787765447
7.300000000000001	0.002784995099947364
7.4	0.003366426219405986
7.5	0.0034172413096855846
7.6	0.0033212167521718882
7.7	0.003290427695170953
7.800000000000001	0.0028367963940539543
7.9	0.0018833412323720697
8.0	0.001019966873671655
8.1	4.359645506206679E-4
8.2	1.7616737483282355E-4
8.3	4.388513184895112E-5
8.4	6.996719673869566E-6
8.5	0.0
8.6	0.0
8.7	0.0
8.8	0.0
8.9	0.0
9.0	0.0
#Run 91
5.0	0.0
5.1	0.0
5.2	0.0
5.3	0.0
5.4	8.087542811996246E-4
5.5	0.0024333597631100217
5.6	0.004549184155325827
5.7	0.006924484000557559
5.8	0.010803069111038349
5.9	0.01161117930879995
6.0	0.007645301638435803
6.1	0.004483272146209991
6.2	0.003631383645183058
6.3	0.0036109359426273304
6.4	0.0035614109485236634
6.5	0.004381128552203673
6.6	0.005546271471540557
6.7	0.006446713489622541
6.8	0.007553500637437632
6.9	0.007411603276582239
7.0	0.005261790410910395
7.1	0.0033766420033230224
7.2	0.002999508787597872
7.300000000000001	0.0034321768635950816
7.4	0.003555013395306375
7.5	0.0030786623551579146
7.6	0.0024104813023026347
7.7	0.002294228516619534
7.800000000000001	0.0024790527252252915
7.9	0.0025278435043681897
8.0	0.0021888387520403374
8.1	0.001399701294562909
8.2	5.939367355871077E-4
8.3	1.433346269001312E-4
8.4	7.91978960324822E-6
8.5	0.0
8.6	0.0
8.7	0.0
8.8	0.0
8.9	0.0
9.0	0.0
#Run 92
5.0	0.0
5.1	0.0
5.2	0.0
5.3	0.0
5.4	8.087542811996246E-4
5.5	0.0024333597631100217
5.6	0.004549184155325827
5.7	0.006924484000557559
5.8	0.010803069111038349
5.9	0.01161117930879995
6.0	0.007645301638435803
6.1	0.004483272146209991
6.2	0.003631383645183058
6.3	0.0036109359426273304
6.4	0.0035614109485236634
6.5	0.004381128552203673
6.6	0.005546271471540557
6.7	0.006446713489622541
6.8	0.007553500637437632
6.9	0.007411603276582239
7.0	0.005261790410910395
7.1	0.0033766420033230224
7.2	0.002999508787597872
7.300000000000001	0.0034321768635950816
7.4	0.003555013395306375
7.5	0.0030786623551579146
7.6	0.0024104813023026347
7.7	0.002294228516619534
7.800000000000001	0.0024790527252252915
7.9	0.0025278435043681897
8.0	0.0021888387520403374
8.1	0.001399701294562909
8.2	5.939367355871077E-4
8.3	1.433346269001312E-4
8.4	7.91978960324822E-6
8.5	0.0
8.6	0.0
8.7	0.0
8.8	0.0
8.9	0.0
9.0	0.0
#Run 93
5.0	0.0
5.1	0.0
5.2	0.0
5.3	0.0
5.4	0.0
5.5	0.0
5.6	0.0
5.7	0.0
5.8	0.0
5.9	0.0
6.0	0.0
6.1	0.0
6.2	0.0
6.3	0.0
6.4	0.0
6.5	0.008056929457468897
6.6	0.008056929457468897
6.7	0.008056929457468897
6.8	0.008056929457468897
6.9	0.004627492343618201
7.0	0.004627492343618201
7.1	0.004627492343618201
7.2	0.004627492343618201
7.300000000000001	0.0031693007632369206
7.4	0.002676550998423018
7.5	0.002676550998423018
7.6	0.002676550998423018
7.7	0.002676550998423018
7.800000000000001	0.0016953431171233004
7.9	0.0014681346837491088
8.0	0.0014681346837491088
8.1	6.430821774068884E-4
8.2	6.430821774068884E-4
8.3	0.0
8.4	0.0
8.5	0.0
8.6	0.0
8.7	0.0
8.8	0.0
8.9	0.0
9.0	0.0
#Run 94
5.0	0.0
5.1	0.0
5.2	0.0
5.3	0.0
5.4	0.0
5.5	0.0
5.6	0.0
5.7	0.0
5.8	0.0
5.9	0.0
6.0	0.0
6.1	0.0
6.2	0.0
6.3	0.0
6.4	0.0
6.5	0.008056929457468897
6.6	0.008056929457468897
6.7	0.008056929457468897
6.8	0.008056929457468897
6.9	0.004627492343618201
7.0	0.004627492343618201
7.1	0.004627492343618201
7.2	0.004627492343618201
7.300000000000001	0.0031693007632369206
7.4	0.002676550998423018
7.5	0.002676550998423018
7.6	0.002676550998423018
7.7	0.002676550998423018
7.800000000000001	0.0016953431171233004
7.9	0.0014681346837491088
8.0	0.0014681346837491088
8.1	6.430821774068884E-4
8.2	6.430821774068884E-4
8.3	0.0
8.4	0.0
8.5	0.0
8.6	0.0
8.7	0.0
8.8	0.0
8.9	0.0
9.0	0.0
#Run 95
5.0	0.0
5.1	0.0
5.2	0.0
5.3	0.0
5.4	0.0
5.5	0.0
5.6	0.0
5.7	0.0
5.8	0.0
5.9	0.0
6.0	0.0
6.1	0.0
6.2	0.0
6.3	0.0
6.4	0.0
6.5	0.008056929457468897
6.6	0.008056929457468897
6.7	0.008056929457468897
6.8	0.008056929457468897
6.9	0.004627492343618201
7.0	0.004627492343618201
7.1	0.004627492343618201
7.2	0.004627492343618201
7.300000000000001	0.0031693007632369206
7.4	0.002676550998423018
7.5	0.002676550998423018
7.6	0.002676550998423018
7.7	0.002676550998423018
7.800000000000001	0.0016953431171233004
7.9	0.0014681346837491088
8.0	0.0014681346837491088
8.1	6.430821774068884E-4
8.2	6.430821774068884E-4
8.3	0.0
8.4	0.0
8.5	0.0
8.6	0.0
8.7	0.0
8.8	0.0
8.9	0.0
9.0	0.0
#Run 96
5.0	0.0
5.1	0.0
5.2	0.0
5.3	0.0
5.4	0.0
5.5	0.0
5.6	0.0
5.7	0.0
5.8	0.0
5.9	0.0
6.0	0.0
6.1	0.0
6.2	0.0
6.3	0.0
6.4	0.0
6.5	0.008056929457468897
6.6	0.008056929457468897
6.7	0.008056929457468897
6.8	0.008056929457468897
6.9	0.004627492343618201
7.0	0.004627492343618201
7.1	0.004627492343618201
7.2	0.004627492343618201
7.300000000000001	0.0031693007632369206
7.4	0.002676550998423018
7.5	0.002676550998423018
7.6	0.002676550998423018
7.7	0.002676550998423018
7.800000000000001	0.0016953431171233004
7.9	0.0014681346837491088
8.0	0.0014681346837491088
8.1	6.430821774068884E-4
8.2	6.430821774068884E-4
8.3	0.0
8.4	0.0
8.5	0.0
8.6	0.0
8.7	0.0
8.8	0.0
8.9	0.0
9.0	0.0
