#Run 1
5.0	0.0
5.1	0.0
5.2	0.0
5.3	0.0
5.4	0.0
5.5	0.0
5.6	0.0
5.7	0.0
5.8	0.0
5.9	0.0
6.0	0.0
6.1	0.0
6.2	2.1047933857437997E-4
6.3	7.456141838095252E-4
6.4	0.0014502064335413668
6.5	0.0024051399178838064
6.6	0.0041673232627395095
6.7	0.0062930021742252625
6.8	0.007526927381981365
6.9	0.0073050499695522094
7.0	0.0065038890950000205
7.1	0.005790235437914278
7.2	0.0053226256371382225
7.300000000000001	0.0046956651301521095
7.4	0.003575737637008401
7.5	0.0021608341918561455
7.6	0.0010513829759626041
7.7	5.311653265858493E-4
7.800000000000001	3.131707675493306E-4
7.9	1.6805299285356062E-4
8.0	4.796193319785902E-5
8.1	0.0
8.2	0.0
8.3	0.0
8.4	0.0
8.5	0.0
8.6	0.0
8.7	0.0
8.8	0.0
8.9	0.0
9.0	0.0
#Run 2
5.0	0.0
5.1	0.0
5.2	0.0
5.3	0.0
5.4	0.0
5.5	0.0
5.6	0.0
5.7	0.0
5.8	0.0
5.9	0.0
6.0	0.0
6.1	0.0
6.2	2.1047933857437997E-4
6.3	7.456141838095252E-4
6.4	0.0014935692481091798
6.5	0.0026043869198280004
6.6	0.0045576232230586065
6.7	0.006893899273548234
6.8	0.008368705005538555
6.9	0.008468552360962984
7.0	0.008053366726335972
7.1	0.007795426767846675
7.2	0.007531484584253985
7.300000000000001	0.006412845867550184
7.4	0.004325907538508925
7.5	0.00209789516162259
7.6	6.720246616981627E-4
7.7	1.2088859769107115E-4
7.800000000000001	0.0
7.9	0.0
8.0	0.0
8.1	0.0
8.2	0.0
8.3	0.0
8.4	0.0
8.5	0.0
8.6	0.0
8.7	0.0
8.8	0.0
8.9	0.0
9.0	0.0
#Run 3
5.0	0.0
5.1	0.0
5.2	0.0
5.3	0.0
5.4	0.0
5.5	0.0
5.6	0.0
5.7	0.0
5.8	0.0
5.9	0.0
6.0	0.0
6.1	0.0
6.2	2.1047933857437997E-4
6.3	7.456141838095252E-4
6.4	0.0014502064335413668
6.5	0.0024051399178838064
6.6	0.0041673232627395095
6.7	0.0062930021742252625
6.8	0.007526927381981365
6.9	0.0073050499695522094
7.0	0.0065038890950000205
7.1	0.005790235437914278
7.2	0.0053226256371382225
7.300000000000001	0.0046956651301521095
7.4	0.003575737637008401
7.5	0.0021608341918561455
7.6	0.0010513829759626041
7.7	5.311653265858493E-4
7.800000000000001	3.131707675493306E-4
7.9	1.6805299285356062E-4
8.0	4.796193319785902E-5
8.1	0.0
8.2	0.0
8.3	0.0
8.4	0.0
8.5	0.0
8.6	0.0
8.7	0.0
8.8	0.0
8.9	0.0
9.0	0.0
#Run 4
5.0	0.0
5.1	0.0
5.2	0.0
5.3	0.0
5.4	0.0
5.5	0.0
5.6	0.0
5.7	0.0
5.8	0.0
5.9	0.0
6.0	0.0
6.1	0.0
6.2	2.1047933857437997E-4
6.3	7.456141838095252E-4
6.4	0.0014935692481091798
6.5	0.0026043869198280004
6.6	0.0045576232230586065
6.7	0.006893899273548234
6.8	0.008368705005538555
6.9	0.008468552360962984
7.0	0.008053366726335972
7.1	0.007795426767846675
7.2	0.007531484584253985
7.300000000000001	0.006412845867550184
7.4	0.004325907538508925
7.5	0.00209789516162259
7.6	6.720246616981627E-4
7.7	1.2088859769107115E-4
7.800000000000001	0.0
7.9	0.0
8.0	0.0
8.1	0.0
8.2	0.0
8.3	0.0
8.4	0.0
8.5	0.0
8.6	0.0
8.7	0.0
8.8	0.0
8.9	0.0
9.0	0.0
#Run 5
5.0	0.0
5.1	0.0
5.2	0.0
5.3	0.0
5.4	0.0
5.5	0.0
5.6	0.0
5.7	0.0
5.8	0.0
5.9	0.0
6.0	0.0
6.1	0.0
6.2	2.1047933857437997E-4
6.3	7.456141838095252E-4
6.4	0.0014502064335413668
6.5	0.0024051399178838064
6.6	0.0041673232627395095
6.7	0.0062930021742252625
6.8	0.007526927381981365
6.9	0.0073050499695522094
7.0	0.0065038890950000205
7.1	0.005790235437914278
7.2	0.0053226256371382225
7.300000000000001	0.0046956651301521095
7.4	0.003575737637008401
7.5	0.0021608341918561455
7.6	0.0010513829759626041
7.7	5.311653265858493E-4
7.800000000000001	3.131707675493306E-4
7.9	1.6805299285356062E-4
8.0	4.796193319785902E-5
8.1	0.0
8.2	0.0
8.3	0.0
8.4	0.0
8.5	0.0
8.6	0.0
8.7	0.0
8.8	0.0
8.9	0.0
9.0	0.0
#Run 6
5.0	0.0
5.1	0.0
5.2	0.0
5.3	0.0
5.4	0.0
5.5	0.0
5.6	0.0
5.7	0.0
5.8	0.0
5.9	0.0
6.0	0.0
6.1	0.0
6.2	2.1047933857437997E-4
6.3	7.456141838095252E-4
6.4	0.0014935692481091798
6.5	0.0026043869198280004
6.6	0.0045576232230586065
6.7	0.006893899273548234
6.8	0.008368705005538555
6.9	0.008468552360962984
7.0	0.008053366726335972
7.1	0.007795426767846675
7.2	0.007531484584253985
7.300000000000001	0.006412845867550184
7.4	0.004325907538508925
7.5	0.00209789516162259
7.6	6.720246616981627E-4
7.7	1.2088859769107115E-4
7.800000000000001	0.0
7.9	0.0
8.0	0.0
8.1	0.0
8.2	0.0
8.3	0.0
8.4	0.0
8.5	0.0
8.6	0.0
8.7	0.0
8.8	0.0
8.9	0.0
9.0	0.0
#Run 7
5.0	0.0
5.1	0.0
5.2	0.0
5.3	0.0
5.4	0.0
5.5	0.0
5.6	0.0
5.7	0.0
5.8	0.0
5.9	0.0
6.0	0.0
6.1	0.0
6.2	2.1047933857437997E-4
6.3	7.456141838095252E-4
6.4	0.0014502064335413668
6.5	0.0024051399178838064
6.6	0.0041673232627395095
6.7	0.0062930021742252625
6.8	0.007526927381981365
6.9	0.0073050499695522094
7.0	0.0065038890950000205
7.1	0.005790235437914278
7.2	0.0053226256371382225
7.300000000000001	0.0046956651301521095
7.4	0.003575737637008401
7.5	0.0021608341918561455
7.6	0.0010513829759626041
7.7	5.311653265858493E-4
7.800000000000001	3.131707675493306E-4
7.9	1.6805299285356062E-4
8.0	4.796193319785902E-5
8.1	0.0
8.2	0.0
8.3	0.0
8.4	0.0
8.5	0.0
8.6	0.0
8.7	0.0
8.8	0.0
8.9	0.0
9.0	0.0
#Run 8
5.0	0.0
5.1	0.0
5.2	0.0
5.3	0.0
5.4	0.0
5.5	0.0
5.6	0.0
5.7	0.0
5.8	0.0
5.9	0.0
6.0	0.0
6.1	0.0
6.2	2.1047933857437997E-4
6.3	7.456141838095252E-4
6.4	0.0014935692481091798
6.5	0.0026043869198280004
6.6	0.0045576232230586065
6.7	0.006893899273548234
6.8	0.008368705005538555
6.9	0.008468552360962984
7.0	0.008053366726335972
7.1	0.007795426767846675
7.2	0.007531484584253985
7.300000000000001	0.006412845867550184
7.4	0.004325907538508925
7.5	0.00209789516162259
7.6	6.720246616981627E-4
7.7	1.2088859769107115E-4
7.800000000000001	0.0
7.9	0.0
8.0	0.0
8.1	0.0
8.2	0.0
8.3	0.0
8.4	0.0
8.5	0.0
8.6	0.0
8.7	0.0
8.8	0.0
8.9	0.0
9.0	0.0
#Run 9
5.0	0.0
5.1	0.0
5.2	0.0
5.3	0.0
5.4	0.0
5.5	0.0
5.6	0.0
5.7	0.0
5.8	0.0
5.9	0.0
6.0	4.1996149233703686E-4
6.1	0.0016435399523871336
6.2	0.003846865956230042
6.3	0.007497954743289497
6.4	0.012563569269144446
6.5	0.01654944703621862
6.6	0.017003031457716134
6.7	0.014545401752114483
6.8	0.011540932659217832
6.9	0.008771683824598265
7.0	0.006901301511659314
7.1	0.006027363122803179
7.2	0.005439358362762124
7.300000000000001	0.004164039727056883
7.4	0.002649482178774104
7.5	0.001429055932496287
7.6	6.796855875848877E-4
7.7	3.273097423672674E-4
7.800000000000001	2.1704937839076013E-4
7.9	1.6830256321689947E-4
8.0	9.622474418045586E-5
8.1	3.395444841833788E-5
8.2	0.0
8.3	0.0
8.4	0.0
8.5	0.0
8.6	0.0
8.7	0.0
8.8	0.0
8.9	0.0
9.0	0.0
#Run 10
5.0	0.0
5.1	0.0
5.2	0.0
5.3	0.0
5.4	0.0
5.5	0.0
5.6	0.0
5.7	0.0
5.8	0.0
5.9	0.0
6.0	4.1996149233703686E-4
6.1	0.0016435399523871336
6.2	0.0039760005678392074
6.3	0.008091313003513052
6.4	0.013725883899530339
6.5	0.018170107407335625
6.6	0.01893787635869412
6.7	0.01668568446754203
6.8	0.013546862340771565
6.9	0.010940413559682812
7.0	0.00969536528795982
7.1	0.009179760317985638
7.2	0.007823287185355408
7.300000000000001	0.005346825447908741
7.4	0.0028429844967638495
7.5	0.0011417408567316902
7.6	2.626680246375631E-4
7.7	1.8999628930764926E-5
7.800000000000001	0.0
7.9	0.0
8.0	0.0
8.1	0.0
8.2	0.0
8.3	0.0
8.4	0.0
8.5	0.0
8.6	0.0
8.7	0.0
8.8	0.0
8.9	0.0
9.0	0.0
#Run 11
5.0	0.0
5.1	0.0
5.2	0.0
5.3	0.0
5.4	0.0
5.5	0.0
5.6	0.0
5.7	0.0
5.8	0.0
5.9	0.0
6.0	4.1996149233703686E-4
6.1	0.0016435399523871336
6.2	0.003846865956230042
6.3	0.007497954743289497
6.4	0.012563569269144446
6.5	0.01654944703621862
6.6	0.017003031457716134
6.7	0.014545401752114483
6.8	0.011540932659217832
6.9	0.008771683824598265
7.0	0.006901301511659314
7.1	0.006027363122803179
7.2	0.005439358362762124
7.300000000000001	0.004164039727056883
7.4	0.002649482178774104
7.5	0.001429055932496287
7.6	6.796855875848877E-4
7.7	3.273097423672674E-4
7.800000000000001	2.1704937839076013E-4
7.9	1.6830256321689947E-4
8.0	9.622474418045586E-5
8.1	3.395444841833788E-5
8.2	0.0
8.3	0.0
8.4	0.0
8.5	0.0
8.6	0.0
8.7	0.0
8.8	0.0
8.9	0.0
9.0	0.0
#Run 12
5.0	0.0
5.1	0.0
5.2	0.0
5.3	0.0
5.4	0.0
5.5	0.0
5.6	0.0
5.7	0.0
5.8	0.0
5.9	0.0
6.0	4.1996149233703686E-4
6.1	0.0016435399523871336
6.2	0.0039760005678392074
6.3	0.008091313003513052
6.4	0.013725883899530339
6.5	0.018170107407335625
6.6	0.01893787635869412
6.7	0.01668568446754203
6.8	0.013546862340771565
6.9	0.010940413559682812
7.0	0.00969536528795982
7.1	0.009179760317985638
7.2	0.007823287185355408
7.300000000000001	0.005346825447908741
7.4	0.0028429844967638495
7.5	0.0011417408567316902
7.6	2.626680246375631E-4
7.7	1.8999628930764926E-5
7.800000000000001	0.0
7.9	0.0
8.0	0.0
8.1	0.0
8.2	0.0
8.3	0.0
8.4	0.0
8.5	0.0
8.6	0.0
8.7	0.0
8.8	0.0
8.9	0.0
9.0	0.0
#Run 13
5.0	0.0
5.1	0.0
5.2	0.0
5.3	0.0
5.4	0.0
5.5	0.0
5.6	0.0
5.7	0.0
5.8	0.0
5.9	0.0
6.0	4.1996149233703686E-4
6.1	0.0016435399523871336
6.2	0.003846865956230042
6.3	0.007497954743289497
6.4	0.012563569269144446
6.5	0.01654944703621862
6.6	0.017003031457716134
6.7	0.014545401752114483
6.8	0.011540932659217832
6.9	0.008771683824598265
7.0	0.006901301511659314
7.1	0.006027363122803179
7.2	0.005439358362762124
7.300000000000001	0.004164039727056883
7.4	0.002649482178774104
7.5	0.001429055932496287
7.6	6.796855875848877E-4
7.7	3.273097423672674E-4
7.800000000000001	2.1704937839076013E-4
7.9	1.6830256321689947E-4
8.0	9.622474418045586E-5
8.1	3.395444841833788E-5
8.2	0.0
8.3	0.0
8.4	0.0
8.5	0.0
8.6	0.0
8.7	0.0
8.8	0.0
8.9	0.0
9.0	0.0
#Run 14
5.0	0.0
5.1	0.0
5.2	0.0
5.3	0.0
5.4	0.0
5.5	0.0
5.6	0.0
5.7	0.0
5.8	0.0
5.9	0.0
6.0	4.1996149233703686E-4
6.1	0.0016435399523871336
6.2	0.0039760005678392074
6.3	0.008091313003513052
6.4	0.013725883899530339
6.5	0.018170107407335625
6.6	0.01893787635869412
6.7	0.01668568446754203
6.8	0.013546862340771565
6.9	0.010940413559682812
7.0	0.00969536528795982
7.1	0.009179760317985638
7.2	0.007823287185355408
7.300000000000001	0.005346825447908741
7.4	0.0028429844967638495
7.5	0.0011417408567316902
7.6	2.626680246375631E-4
7.7	1.8999628930764926E-5
7.800000000000001	0.0
7.9	0.0
8.0	0.0
8.1	0.0
8.2	0.0
8.3	0.0
8.4	0.0
8.5	0.0
8.6	0.0
8.7	0.0
8.8	0.0
8.9	0.0
9.0	0.0
#Run 15
5.0	0.0
5.1	0.0
5.2	0.0
5.3	0.0
5.4	0.0
5.5	0.0
5.6	0.0
5.7	0.0
5.8	0.0
5.9	0.0
6.0	4.1996149233703686E-4
6.1	0.0016435399523871336
6.2	0.003846865956230042
6.3	0.007497954743289497
6.4	0.012563569269144446
6.5	0.01654944703621862
6.6	0.017003031457716134
6.7	0.014545401752114483
6.8	0.011540932659217832
6.9	0.008771683824598265
7.0	0.006901301511659314
7.1	0.006027363122803179
7.2	0.005439358362762124
7.300000000000001	0.004164039727056883
7.4	0.002649482178774104
7.5	0.001429055932496287
7.6	6.796855875848877E-4
7.7	3.273097423672674E-4
7.800000000000001	2.1704937839076013E-4
7.9	1.6830256321689947E-4
8.0	9.622474418045586E-5
8.1	3.395444841833788E-5
8.2	0.0
8.3	0.0
8.4	0.0
8.5	0.0
8.6	0.0
8.7	0.0
8.8	0.0
8.9	0.0
9.0	0.0
#Run 16
5.0	0.0
5.1	0.0
5.2	0.0
5.3	0.0
5.4	0.0
5.5	0.0
5.6	0.0
5.7	0.0
5.8	0.0
5.9	0.0
6.0	4.1996149233703686E-4
6.1	0.0016435399523871336
6.2	0.0039760005678392074
6.3	0.008091313003513052
6.4	0.013725883899530339
6.5	0.018170107407335625
6.6	0.01893787635869412
6.7	0.01668568446754203
6.8	0.013546862340771565
6.9	0.010940413559682812
7.0	0.00969536528795982
7.1	0.009179760317985638
7.2	0.007823287185355408
7.300000000000001	0.005346825447908741
7.4	0.0028429844967638495
7.5	0.0011417408567316902
7.6	2.626680246375631E-4
7.7	1.8999628930764926E-5
7.800000000000001	0.0
7.9	0.0
8.0	0.0
8.1	0.0
8.2	0.0
8.3	0.0
8.4	0.0
8.5	0.0
8.6	0.0
8.7	0.0
8.8	0.0
8.9	0.0
9.0	0.0
#Run 17
5.0	0.0
5.1	0.0
5.2	0.0
5.3	0.0
5.4	0.0
5.5	0.0
5.6	0.0
5.7	0.0
5.8	0.0
5.9	0.0
6.0	0.0
6.1	0.0
6.2	2.1047933857437997E-4
6.3	7.456141838095252E-4
6.4	0.0014502064335413668
6.5	0.0024051399178838064
6.6	0.0041673232627395095
6.7	0.0062930021742252625
6.8	0.007526927381981365
6.9	0.0073050499695522094
7.0	0.0065038890950000205
7.1	0.005790235437914278
7.2	0.0053226256371382225
7.300000000000001	0.0046956651301521095
7.4	0.003575737637008401
7.5	0.0021608341918561455
7.6	0.0010513829759626041
7.7	5.311653265858493E-4
7.800000000000001	3.131707675493306E-4
7.9	1.6805299285356062E-4
8.0	4.796193319785902E-5
8.1	0.0
8.2	0.0
8.3	0.0
8.4	0.0
8.5	0.0
8.6	0.0
8.7	0.0
8.8	0.0
8.9	0.0
9.0	0.0
#Run 18
5.0	0.0
5.1	0.0
5.2	0.0
5.3	0.0
5.4	0.0
5.5	0.0
5.6	0.0
5.7	0.0
5.8	0.0
5.9	0.0
6.0	0.0
6.1	0.0
6.2	2.1047933857437997E-4
6.3	7.456141838095252E-4
6.4	0.0014935692481091798
6.5	0.0026043869198280004
6.6	0.0045576232230586065
6.7	0.006893899273548234
6.8	0.008368705005538555
6.9	0.008468552360962984
7.0	0.008053366726335972
7.1	0.007795426767846675
7.2	0.007531484584253985
7.300000000000001	0.006412845867550184
7.4	0.004325907538508925
7.5	0.00209789516162259
7.6	6.720246616981627E-4
7.7	1.2088859769107115E-4
7.800000000000001	0.0
7.9	0.0
8.0	0.0
8.1	0.0
8.2	0.0
8.3	0.0
8.4	0.0
8.5	0.0
8.6	0.0
8.7	0.0
8.8	0.0
8.9	0.0
9.0	0.0
#Run 19
5.0	0.0
5.1	0.0
5.2	0.0
5.3	0.0
5.4	0.0
5.5	0.0
5.6	0.0
5.7	0.0
5.8	0.0
5.9	0.0
6.0	0.0
6.1	0.0
6.2	2.1047933857437997E-4
6.3	7.456141838095252E-4
6.4	0.0014502064335413668
6.5	0.0024051399178838064
6.6	0.0041673232627395095
6.7	0.0062930021742252625
6.8	0.007526927381981365
6.9	0.0073050499695522094
7.0	0.0065038890950000205
7.1	0.005790235437914278
7.2	0.0053226256371382225
7.300000000000001	0.0046956651301521095
7.4	0.003575737637008401
7.5	0.0021608341918561455
7.6	0.0010513829759626041
7.7	5.311653265858493E-4
7.800000000000001	3.131707675493306E-4
7.9	1.6805299285356062E-4
8.0	4.796193319785902E-5
8.1	0.0
8.2	0.0
8.3	0.0
8.4	0.0
8.5	0.0
8.6	0.0
8.7	0.0
8.8	0.0
8.9	0.0
9.0	0.0
#Run 20
5.0	0.0
5.1	0.0
5.2	0.0
5.3	0.0
5.4	0.0
5.5	0.0
5.6	0.0
5.7	0.0
5.8	0.0
5.9	0.0
6.0	0.0
6.1	0.0
6.2	2.1047933857437997E-4
6.3	7.456141838095252E-4
6.4	0.0014935692481091798
6.5	0.0026043869198280004
6.6	0.0045576232230586065
6.7	0.006893899273548234
6.8	0.008368705005538555
6.9	0.008468552360962984
7.0	0.008053366726335972
7.1	0.007795426767846675
7.2	0.007531484584253985
7.300000000000001	0.006412845867550184
7.4	0.004325907538508925
7.5	0.00209789516162259
7.6	6.720246616981627E-4
7.7	1.2088859769107115E-4
7.800000000000001	0.0
7.9	0.0
8.0	0.0
8.1	0.0
8.2	0.0
8.3	0.0
8.4	0.0
8.5	0.0
8.6	0.0
8.7	0.0
8.8	0.0
8.9	0.0
9.0	0.0
#Run 21
5.0	0.0
5.1	0.0
5.2	0.0
5.3	0.0
5.4	0.0
5.5	0.0
5.6	0.0
5.7	0.0
5.8	0.0
5.9	0.0
6.0	0.0
6.1	0.0
6.2	2.1047933857437997E-4
6.3	7.456141838095252E-4
6.4	0.0014502064335413668
6.5	0.0024051399178838064
6.6	0.0041673232627395095
6.7	0.0062930021742252625
6.8	0.007526927381981365
6.9	0.0073050499695522094
7.0	0.0065038890950000205
7.1	0.005790235437914278
7.2	0.0053226256371382225
7.300000000000001	0.0046956651301521095
7.4	0.003575737637008401
7.5	0.0021608341918561455
7.6	0.0010513829759626041
7.7	5.311653265858493E-4
7.800000000000001	3.131707675493306E-4
7.9	1.6805299285356062E-4
8.0	4.796193319785902E-5
8.1	0.0
8.2	0.0
8.3	0.0
8.4	0.0
8.5	0.0
8.6	0.0
8.7	0.0
8.8	0.0
8.9	0.0
9.0	0.0
#Run 22
5.0	0.0
5.1	0.0
5.2	0.0
5.3	0.0
5.4	0.0
5.5	0.0
5.6	0.0
5.7	0.0
5.8	0.0
5.9	0.0
6.0	0.0
6.1	0.0
6.2	2.1047933857437997E-4
6.3	7.456141838095252E-4
6.4	0.0014935692481091798
6.5	0.0026043869198280004
6.6	0.0045576232230586065
6.7	0.006893899273548234
6.8	0.008368705005538555
6.9	0.008468552360962984
7.0	0.008053366726335972
7.1	0.007795426767846675
7.2	0.007531484584253985
7.300000000000001	0.006412845867550184
7.4	0.004325907538508925
7.5	0.00209789516162259
7.6	6.720246616981627E-4
7.7	1.2088859769107115E-4
7.800000000000001	0.0
7.9	0.0
8.0	0.0
8.1	0.0
8.2	0.0
8.3	0.0
8.4	0.0
8.5	0.0
8.6	0.0
8.7	0.0
8.8	0.0
8.9	0.0
9.0	0.0
#Run 23
5.0	0.0
5.1	0.0
5.2	0.0
5.3	0.0
5.4	0.0
5.5	0.0
5.6	0.0
5.7	0.0
5.8	0.0
5.9	0.0
6.0	0.0
6.1	0.0
6.2	2.1047933857437997E-4
6.3	7.456141838095252E-4
6.4	0.0014502064335413668
6.5	0.0024051399178838064
6.6	0.0041673232627395095
6.7	0.0062930021742252625
6.8	0.007526927381981365
6.9	0.0073050499695522094
7.0	0.0065038890950000205
7.1	0.005790235437914278
7.2	0.0053226256371382225
7.300000000000001	0.0046956651301521095
7.4	0.003575737637008401
7.5	0.0021608341918561455
7.6	0.0010513829759626041
7.7	5.311653265858493E-4
7.800000000000001	3.131707675493306E-4
7.9	1.6805299285356062E-4
8.0	4.796193319785902E-5
8.1	0.0
8.2	0.0
8.3	0.0
8.4	0.0
8.5	0.0
8.6	0.0
8.7	0.0
8.8	0.0
8.9	0.0
9.0	0.0
#Run 24
5.0	0.0
5.1	0.0
5.2	0.0
5.3	0.0
5.4	0.0
5.5	0.0
5.6	0.0
5.7	0.0
5.8	0.0
5.9	0.0
6.0	0.0
6.1	0.0
6.2	2.1047933857437997E-4
6.3	7.456141838095252E-4
6.4	0.0014935692481091798
6.5	0.0026043869198280004
6.6	0.0045576232230586065
6.7	0.006893899273548234
6.8	0.008368705005538555
6.9	0.008468552360962984
7.0	0.008053366726335972
7.1	0.007795426767846675
7.2	0.007531484584253985
7.300000000000001	0.006412845867550184
7.4	0.004325907538508925
7.5	0.00209789516162259
7.6	6.720246616981627E-4
7.7	1.2088859769107115E-4
7.800000000000001	0.0
7.9	0.0
8.0	0.0
8.1	0.0
8.2	0.0
8.3	0.0
8.4	0.0
8.5	0.0
8.6	0.0
8.7	0.0
8.8	0.0
8.9	0.0
9.0	0.0
#Run 25
5.0	0.0
5.1	0.0
5.2	0.0
5.3	0.0
5.4	0.0
5.5	0.0
5.6	0.0
5.7	0.0
5.8	0.0
5.9	0.0
6.0	4.1996149233703686E-4
6.1	0.0016435399523871336
6.2	0.003846865956230042
6.3	0.007497954743289497
6.4	0.012563569269144446
6.5	0.01654944703621862
6.6	0.017003031457716134
6.7	0.014545401752114483
6.8	0.011540932659217832
6.9	0.008771683824598265
7.0	0.006901301511659314
7.1	0.006027363122803179
7.2	0.005439358362762124
7.300000000000001	0.004164039727056883
7.4	0.002649482178774104
7.5	0.001429055932496287
7.6	6.796855875848877E-4
7.7	3.273097423672674E-4
7.800000000000001	2.1704937839076013E-4
7.9	1.6830256321689947E-4
8.0	9.622474418045586E-5
8.1	3.395444841833788E-5
8.2	0.0
8.3	0.0
8.4	0.0
8.5	0.0
8.6	0.0
8.7	0.0
8.8	0.0
8.9	0.0
9.0	0.0
#Run 26
5.0	0.0
5.1	0.0
5.2	0.0
5.3	0.0
5.4	0.0
5.5	0.0
5.6	0.0
5.7	0.0
5.8	0.0
5.9	0.0
6.0	4.1996149233703686E-4
6.1	0.0016435399523871336
6.2	0.0039760005678392074
6.3	0.008091313003513052
6.4	0.013725883899530339
6.5	0.018170107407335625
6.6	0.01893787635869412
6.7	0.01668568446754203
6.8	0.013546862340771565
6.9	0.010940413559682812
7.0	0.00969536528795982
7.1	0.009179760317985638
7.2	0.007823287185355408
7.300000000000001	0.005346825447908741
7.4	0.0028429844967638495
7.5	0.0011417408567316902
7.6	2.626680246375631E-4
7.7	1.8999628930764926E-5
7.800000000000001	0.0
7.9	0.0
8.0	0.0
8.1	0.0
8.2	0.0
8.3	0.0
8.4	0.0
8.5	0.0
8.6	0.0
8.7	0.0
8.8	0.0
8.9	0.0
9.0	0.0
#Run 27
5.0	0.0
5.1	0.0
5.2	0.0
5.3	0.0
5.4	0.0
5.5	0.0
5.6	0.0
5.7	0.0
5.8	0.0
5.9	0.0
6.0	4.1996149233703686E-4
6.1	0.0016435399523871336
6.2	0.003846865956230042
6.3	0.007497954743289497
6.4	0.012563569269144446
6.5	0.01654944703621862
6.6	0.017003031457716134
6.7	0.014545401752114483
6.8	0.011540932659217832
6.9	0.008771683824598265
7.0	0.006901301511659314
7.1	0.006027363122803179
7.2	0.005439358362762124
7.300000000000001	0.004164039727056883
7.4	0.002649482178774104
7.5	0.001429055932496287
7.6	6.796855875848877E-4
7.7	3.273097423672674E-4
7.800000000000001	2.1704937839076013E-4
7.9	1.6830256321689947E-4
8.0	9.622474418045586E-5
8.1	3.395444841833788E-5
8.2	0.0
8.3	0.0
8.4	0.0
8.5	0.0
8.6	0.0
8.7	0.0
8.8	0.0
8.9	0.0
9.0	0.0
#Run 28
5.0	0.0
5.1	0.0
5.2	0.0
5.3	0.0
5.4	0.0
5.5	0.0
5.6	0.0
5.7	0.0
5.8	0.0
5.9	0.0
6.0	4.1996149233703686E-4
6.1	0.0016435399523871336
6.2	0.0039760005678392074
6.3	0.008091313003513052
6.4	0.013725883899530339
6.5	0.018170107407335625
6.6	0.01893787635869412
6.7	0.01668568446754203
6.8	0.013546862340771565
6.9	0.010940413559682812
7.0	0.00969536528795982
7.1	0.009179760317985638
7.2	0.007823287185355408
7.300000000000001	0.005346825447908741
7.4	0.0028429844967638495
7.5	0.0011417408567316902
7.6	2.626680246375631E-4
7.7	1.8999628930764926E-5
7.800000000000001	0.0
7.9	0.0
8.0	0.0
8.1	0.0
8.2	0.0
8.3	0.0
8.4	0.0
8.5	0.0
8.6	0.0
8.7	0.0
8.8	0.0
8.9	0.0
9.0	0.0
#Run 29
5.0	0.0
5.1	0.0
5.2	0.0
5.3	0.0
5.4	0.0
5.5	0.0
5.6	0.0
5.7	0.0
5.8	0.0
5.9	0.0
6.0	4.1996149233703686E-4
6.1	0.0016435399523871336
6.2	0.003846865956230042
6.3	0.007497954743289497
6.4	0.012563569269144446
6.5	0.01654944703621862
6.6	0.017003031457716134
6.7	0.014545401752114483
6.8	0.011540932659217832
6.9	0.008771683824598265
7.0	0.006901301511659314
7.1	0.006027363122803179
7.2	0.005439358362762124
7.300000000000001	0.004164039727056883
7.4	0.002649482178774104
7.5	0.001429055932496287
7.6	6.796855875848877E-4
7.7	3.273097423672674E-4
7.800000000000001	2.1704937839076013E-4
7.9	1.6830256321689947E-4
8.0	9.622474418045586E-5
8.1	3.395444841833788E-5
8.2	0.0
8.3	0.0
8.4	0.0
8.5	0.0
8.6	0.0
8.7	0.0
8.8	0.0
8.9	0.0
9.0	0.0
#Run 30
5.0	0.0
5.1	0.0
5.2	0.0
5.3	0.0
5.4	0.0
5.5	0.0
5.6	0.0
5.7	0.0
5.8	0.0
5.9	0.0
6.0	4.1996149233703686E-4
6.1	0.0016435399523871336
6.2	0.0039760005678392074
6.3	0.008091313003513052
6.4	0.013725883899530339
6.5	0.018170107407335625
6.6	0.01893787635869412
6.7	0.01668568446754203
6.8	0.013546862340771565
6.9	0.010940413559682812
7.0	0.00969536528795982
7.1	0.009179760317985638
7.2	0.007823287185355408
7.300000000000001	0.005346825447908741
7.4	0.0028429844967638495
7.5	0.0011417408567316902
7.6	2.626680246375631E-4
7.7	1.8999628930764926E-5
7.800000000000001	0.0
7.9	0.0
8.0	0.0
8.1	0.0
8.2	0.0
8.3	0.0
8.4	0.0
8.5	0.0
8.6	0.0
8.7	0.0
8.8	0.0
8.9	0.0
9.0	0.0
#Run 31
5.0	0.0
5.1	0.0
5.2	0.0
5.3	0.0
5.4	0.0
5.5	0.0
5.6	0.0
5.7	0.0
5.8	0.0
5.9	0.0
6.0	4.1996149233703686E-4
6.1	0.0016435399523871336
6.2	0.003846865956230042
6.3	0.007497954743289497
6.4	0.012563569269144446
6.5	0.01654944703621862
6.6	0.017003031457716134
6.7	0.014545401752114483
6.8	0.011540932659217832
6.9	0.008771683824598265
7.0	0.006901301511659314
7.1	0.006027363122803179
7.2	0.005439358362762124
7.300000000000001	0.004164039727056883
7.4	0.002649482178774104
7.5	0.001429055932496287
7.6	6.796855875848877E-4
7.7	3.273097423672674E-4
7.800000000000001	2.1704937839076013E-4
7.9	1.6830256321689947E-4
8.0	9.622474418045586E-5
8.1	3.395444841833788E-5
8.2	0.0
8.3	0.0
8.4	0.0
8.5	0.0
8.6	0.0
8.7	0.0
8.8	0.0
8.9	0.0
9.0	0.0
#Run 32
5.0	0.0
5.1	0.0
5.2	0.0
5.3	0.0
5.4	0.0
5.5	0.0
5.6	0.0
5.7	0.0
5.8	0.0
5.9	0.0
6.0	4.1996149233703686E-4
6.1	0.0016435399523871336
6.2	0.0039760005678392074
6.3	0.008091313003513052
6.4	0.013725883899530339
6.5	0.018170107407335625
6.6	0.01893787635869412
6.7	0.01668568446754203
6.8	0.013546862340771565
6.9	0.010940413559682812
7.0	0.00969536528795982
7.1	0.009179760317985638
7.2	0.007823287185355408
7.300000000000001	0.005346825447908741
7.4	0.0028429844967638495
7.5	0.0011417408567316902
7.6	2.626680246375631E-4
7.7	1.8999628930764926E-5
7.800000000000001	0.0
7.9	0.0
8.0	0.0
8.1	0.0
8.2	0.0
8.3	0.0
8.4	0.0
8.5	0.0
8.6	0.0
8.7	0.0
8.8	0.0
8.9	0.0
9.0	0.0
#Run 33
5.0	0.0
5.1	0.0
5.2	0.0
5.3	0.0
5.4	0.0
5.5	0.0
5.6	0.0
5.7	0.0
5.8	0.0
5.9	0.0
6.0	0.0
6.1	0.0
6.2	2.1047933857437997E-4
6.3	7.456141838095252E-4
6.4	0.0014502064335413668
6.5	0.0024051399178838064
6.6	0.0041673232627395095
6.7	0.0062930021742252625
6.8	0.007526927381981365
6.9	0.0073050499695522094
7.0	0.0065038890950000205
7.1	0.005684594844129301
7.2	0.005023246922844602
7.300000000000001	0.004272004981709913
7.4	0.003356678418272741
7.5	0.0022828139327485566
7.6	0.0013734956051300424
7.7	7.587856612632413E-4
7.800000000000001	3.9349026310729336E-4
7.9	1.6805299285356062E-4
8.0	4.796193319785902E-5
8.1	0.0
8.2	0.0
8.3	0.0
8.4	0.0
8.5	0.0
8.6	0.0
8.7	0.0
8.8	0.0
8.9	0.0
9.0	0.0
#Run 34
5.0	0.0
5.1	0.0
5.2	0.0
5.3	0.0
5.4	0.0
5.5	0.0
5.6	0.0
5.7	0.0
5.8	0.0
5.9	0.0
6.0	0.0
6.1	0.0
6.2	2.1047933857437997E-4
6.3	7.456141838095252E-4
6.4	0.0014935692481091798
6.5	0.0026043869198280004
6.6	0.0045576232230586065
6.7	0.006893899273548234
6.8	0.008368705005538555
6.9	0.008468552360962984
7.0	0.008053366726335972
7.1	0.007689786174061699
7.2	0.007232105869960365
7.300000000000001	0.005989185719107989
7.4	0.004106848319773266
7.5	0.0022198749025150013
7.6	9.94137290865601E-4
7.7	3.4850893236846323E-4
7.800000000000001	8.031949555796268E-5
7.9	0.0
8.0	0.0
8.1	0.0
8.2	0.0
8.3	0.0
8.4	0.0
8.5	0.0
8.6	0.0
8.7	0.0
8.8	0.0
8.9	0.0
9.0	0.0
#Run 35
5.0	0.0
5.1	0.0
5.2	0.0
5.3	0.0
5.4	0.0
5.5	0.0
5.6	0.0
5.7	0.0
5.8	0.0
5.9	0.0
6.0	0.0
6.1	0.0
6.2	2.1047933857437997E-4
6.3	7.456141838095252E-4
6.4	0.0014502064335413668
6.5	0.0024051399178838064
6.6	0.0041673232627395095
6.7	0.0062930021742252625
6.8	0.007526927381981365
6.9	0.0073050499695522094
7.0	0.0065038890950000205
7.1	0.005684594844129301
7.2	0.005023246922844602
7.300000000000001	0.004272004981709913
7.4	0.003356678418272741
7.5	0.0022828139327485566
7.6	0.0013734956051300424
7.7	7.587856612632413E-4
7.800000000000001	3.9349026310729336E-4
7.9	1.6805299285356062E-4
8.0	4.796193319785902E-5
8.1	0.0
8.2	0.0
8.3	0.0
8.4	0.0
8.5	0.0
8.6	0.0
8.7	0.0
8.8	0.0
8.9	0.0
9.0	0.0
#Run 36
5.0	0.0
5.1	0.0
5.2	0.0
5.3	0.0
5.4	0.0
5.5	0.0
5.6	0.0
5.7	0.0
5.8	0.0
5.9	0.0
6.0	0.0
6.1	0.0
6.2	2.1047933857437997E-4
6.3	7.456141838095252E-4
6.4	0.0014935692481091798
6.5	0.0026043869198280004
6.6	0.0045576232230586065
6.7	0.006893899273548234
6.8	0.008368705005538555
6.9	0.008468552360962984
7.0	0.008053366726335972
7.1	0.007689786174061699
7.2	0.007232105869960365
7.300000000000001	0.005989185719107989
7.4	0.004106848319773266
7.5	0.0022198749025150013
7.6	9.94137290865601E-4
7.7	3.4850893236846323E-4
7.800000000000001	8.031949555796268E-5
7.9	0.0
8.0	0.0
8.1	0.0
8.2	0.0
8.3	0.0
8.4	0.0
8.5	0.0
8.6	0.0
8.7	0.0
8.8	0.0
8.9	0.0
9.0	0.0
#Run 37
5.0	0.0
5.1	0.0
5.2	0.0
5.3	0.0
5.4	0.0
5.5	0.0
5.6	0.0
5.7	0.0
5.8	0.0
5.9	0.0
6.0	0.0
6.1	0.0
6.2	2.1047933857437997E-4
6.3	7.456141838095252E-4
6.4	0.0014502064335413668
6.5	0.0024051399178838064
6.6	0.0041673232627395095
6.7	0.0062930021742252625
6.8	0.007526927381981365
6.9	0.0073050499695522094
7.0	0.0065038890950000205
7.1	0.005684594844129301
7.2	0.005023246922844602
7.300000000000001	0.004272004981709913
7.4	0.003356678418272741
7.5	0.0022828139327485566
7.6	0.0013734956051300424
7.7	7.587856612632413E-4
7.800000000000001	3.9349026310729336E-4
7.9	1.6805299285356062E-4
8.0	4.796193319785902E-5
8.1	0.0
8.2	0.0
8.3	0.0
8.4	0.0
8.5	0.0
8.6	0.0
8.7	0.0
8.8	0.0
8.9	0.0
9.0	0.0
#Run 38
5.0	0.0
5.1	0.0
5.2	0.0
5.3	0.0
5.4	0.0
5.5	0.0
5.6	0.0
5.7	0.0
5.8	0.0
5.9	0.0
6.0	0.0
6.1	0.0
6.2	2.1047933857437997E-4
6.3	7.456141838095252E-4
6.4	0.0014935692481091798
6.5	0.0026043869198280004
6.6	0.0045576232230586065
6.7	0.006893899273548234
6.8	0.008368705005538555
6.9	0.008468552360962984
7.0	0.008053366726335972
7.1	0.007689786174061699
7.2	0.007232105869960365
7.300000000000001	0.005989185719107989
7.4	0.004106848319773266
7.5	0.0022198749025150013
7.6	9.94137290865601E-4
7.7	3.4850893236846323E-4
7.800000000000001	8.031949555796268E-5
7.9	0.0
8.0	0.0
8.1	0.0
8.2	0.0
8.3	0.0
8.4	0.0
8.5	0.0
8.6	0.0
8.7	0.0
8.8	0.0
8.9	0.0
9.0	0.0
#Run 39
5.0	0.0
5.1	0.0
5.2	0.0
5.3	0.0
5.4	0.0
5.5	0.0
5.6	0.0
5.7	0.0
5.8	0.0
5.9	0.0
6.0	0.0
6.1	0.0
6.2	2.1047933857437997E-4
6.3	7.456141838095252E-4
6.4	0.0014502064335413668
6.5	0.0024051399178838064
6.6	0.0041673232627395095
6.7	0.0062930021742252625
6.8	0.007526927381981365
6.9	0.0073050499695522094
7.0	0.0065038890950000205
7.1	0.005684594844129301
7.2	0.005023246922844602
7.300000000000001	0.004272004981709913
7.4	0.003356678418272741
7.5	0.0022828139327485566
7.6	0.0013734956051300424
7.7	7.587856612632413E-4
7.800000000000001	3.9349026310729336E-4
7.9	1.6805299285356062E-4
8.0	4.796193319785902E-5
8.1	0.0
8.2	0.0
8.3	0.0
8.4	0.0
8.5	0.0
8.6	0.0
8.7	0.0
8.8	0.0
8.9	0.0
9.0	0.0
#Run 40
5.0	0.0
5.1	0.0
5.2	0.0
5.3	0.0
5.4	0.0
5.5	0.0
5.6	0.0
5.7	0.0
5.8	0.0
5.9	0.0
6.0	0.0
6.1	0.0
6.2	2.1047933857437997E-4
6.3	7.456141838095252E-4
6.4	0.0014935692481091798
6.5	0.0026043869198280004
6.6	0.0045576232230586065
6.7	0.006893899273548234
6.8	0.008368705005538555
6.9	0.008468552360962984
7.0	0.008053366726335972
7.1	0.007689786174061699
7.2	0.007232105869960365
7.300000000000001	0.005989185719107989
7.4	0.004106848319773266
7.5	0.0022198749025150013
7.6	9.94137290865601E-4
7.7	3.4850893236846323E-4
7.800000000000001	8.031949555796268E-5
7.9	0.0
8.0	0.0
8.1	0.0
8.2	0.0
8.3	0.0
8.4	0.0
8.5	0.0
8.6	0.0
8.7	0.0
8.8	0.0
8.9	0.0
9.0	0.0
#Run 41
5.0	0.0
5.1	0.0
5.2	0.0
5.3	0.0
5.4	0.0
5.5	0.0
5.6	0.0
5.7	0.0
5.8	0.0
5.9	0.0
6.0	4.1996149233703686E-4
6.1	0.0016435399523871336
6.2	0.003846865956230042
6.3	0.007497954743289497
6.4	0.012563569269144446
6.5	0.01654944703621862
6.6	0.017003031457716134
6.7	0.014545401752114483
6.8	0.011540932659217832
6.9	0.008771683824598265
7.0	0.006752080206701791
7.1	0.005604479448802549
7.2	0.004840922496927072
7.300000000000001	0.0037411560530562532
7.4	0.002580580369374543
7.5	0.0016566762671736777
7.6	0.001001798216752326
7.7	5.549300770446595E-4
7.800000000000001	2.9736887394872286E-4
7.9	1.6830256321689947E-4
8.0	9.622474418045586E-5
8.1	3.395444841833788E-5
8.2	0.0
8.3	0.0
8.4	0.0
8.5	0.0
8.6	0.0
8.7	0.0
8.8	0.0
8.9	0.0
9.0	0.0
#Run 42
5.0	0.0
5.1	0.0
5.2	0.0
5.3	0.0
5.4	0.0
5.5	0.0
5.6	0.0
5.7	0.0
5.8	0.0
5.9	0.0
6.0	4.1996149233703686E-4
6.1	0.0016435399523871336
6.2	0.0039760005678392074
6.3	0.008091313003513052
6.4	0.013725883899530339
6.5	0.018170107407335625
6.6	0.01893787635869412
6.7	0.01668568446754203
6.8	0.013546862340771565
6.9	0.010940413559682812
7.0	0.009546143983002296
7.1	0.008756876643985006
7.2	0.0072248513195203555
7.300000000000001	0.004923941773908111
7.4	0.0027740826873642885
7.5	0.0013693611914090808
7.6	5.847806538050015E-4
7.7	2.46619963608157E-4
7.800000000000001	8.031949555796268E-5
7.9	0.0
8.0	0.0
8.1	0.0
8.2	0.0
8.3	0.0
8.4	0.0
8.5	0.0
8.6	0.0
8.7	0.0
8.8	0.0
8.9	0.0
9.0	0.0
#Run 43
5.0	0.0
5.1	0.0
5.2	0.0
5.3	0.0
5.4	0.0
5.5	0.0
5.6	0.0
5.7	0.0
5.8	0.0
5.9	0.0
6.0	4.1996149233703686E-4
6.1	0.0016435399523871336
6.2	0.003846865956230042
6.3	0.007497954743289497
6.4	0.012563569269144446
6.5	0.01654944703621862
6.6	0.017003031457716134
6.7	0.014545401752114483
6.8	0.011540932659217832
6.9	0.008771683824598265
7.0	0.006752080206701791
7.1	0.005604479448802549
7.2	0.004840922496927072
7.300000000000001	0.0037411560530562532
7.4	0.002580580369374543
7.5	0.0016566762671736777
7.6	0.001001798216752326
7.7	5.549300770446595E-4
7.800000000000001	2.9736887394872286E-4
7.9	1.6830256321689947E-4
8.0	9.622474418045586E-5
8.1	3.395444841833788E-5
8.2	0.0
8.3	0.0
8.4	0.0
8.5	0.0
8.6	0.0
8.7	0.0
8.8	0.0
8.9	0.0
9.0	0.0
#Run 44
5.0	0.0
5.1	0.0
5.2	0.0
5.3	0.0
5.4	0.0
5.5	0.0
5.6	0.0
5.7	0.0
5.8	0.0
5.9	0.0
6.0	4.1996149233703686E-4
6.1	0.0016435399523871336
6.2	0.0039760005678392074
6.3	0.008091313003513052
6.4	0.013725883899530339
6.5	0.018170107407335625
6.6	0.01893787635869412
6.7	0.01668568446754203
6.8	0.013546862340771565
6.9	0.010940413559682812
7.0	0.009546143983002296
7.1	0.008756876643985006
7.2	0.0072248513195203555
7.300000000000001	0.004923941773908111
7.4	0.0027740826873642885
7.5	0.0013693611914090808
7.6	5.847806538050015E-4
7.7	2.46619963608157E-4
7.800000000000001	8.031949555796268E-5
7.9	0.0
8.0	0.0
8.1	0.0
8.2	0.0
8.3	0.0
8.4	0.0
8.5	0.0
8.6	0.0
8.7	0.0
8.8	0.0
8.9	0.0
9.0	0.0
#Run 45
5.0	0.0
5.1	0.0
5.2	0.0
5.3	0.0
5.4	0.0
5.5	0.0
5.6	0.0
5.7	0.0
5.8	0.0
5.9	0.0
6.0	4.1996149233703686E-4
6.1	0.0016435399523871336
6.2	0.003846865956230042
6.3	0.007497954743289497
6.4	0.012563569269144446
6.5	0.01654944703621862
6.6	0.017003031457716134
6.7	0.014545401752114483
6.8	0.011540932659217832
6.9	0.008771683824598265
7.0	0.006752080206701791
7.1	0.005604479448802549
7.2	0.004840922496927072
7.300000000000001	0.0037411560530562532
7.4	0.002580580369374543
7.5	0.0016566762671736777
7.6	0.001001798216752326
7.7	5.549300770446595E-4
7.800000000000001	2.9736887394872286E-4
7.9	1.6830256321689947E-4
8.0	9.622474418045586E-5
8.1	3.395444841833788E-5
8.2	0.0
8.3	0.0
8.4	0.0
8.5	0.0
8.6	0.0
8.7	0.0
8.8	0.0
8.9	0.0
9.0	0.0
#Run 46
5.0	0.0
5.1	0.0
5.2	0.0
5.3	0.0
5.4	0.0
5.5	0.0
5.6	0.0
5.7	0.0
5.8	0.0
5.9	0.0
6.0	4.1996149233703686E-4
6.1	0.0016435399523871336
6.2	0.0039760005678392074
6.3	0.008091313003513052
6.4	0.013725883899530339
6.5	0.018170107407335625
6.6	0.01893787635869412
6.7	0.01668568446754203
6.8	0.013546862340771565
6.9	0.010940413559682812
7.0	0.009546143983002296
7.1	0.008756876643985006
7.2	0.0072248513195203555
7.300000000000001	0.004923941773908111
7.4	0.0027740826873642885
7.5	0.0013693611914090808
7.6	5.847806538050015E-4
7.7	2.46619963608157E-4
7.800000000000001	8.031949555796268E-5
7.9	0.0
8.0	0.0
8.1	0.0
8.2	0.0
8.3	0.0
8.4	0.0
8.5	0.0
8.6	0.0
8.7	0.0
8.8	0.0
8.9	0.0
9.0	0.0
#Run 47
5.0	0.0
5.1	0.0
5.2	0.0
5.3	0.0
5.4	0.0
5.5	0.0
5.6	0.0
5.7	0.0
5.8	0.0
5.9	0.0
6.0	4.1996149233703686E-4
6.1	0.0016435399523871336
6.2	0.003846865956230042
6.3	0.007497954743289497
6.4	0.012563569269144446
6.5	0.01654944703621862
6.6	0.017003031457716134
6.7	0.014545401752114483
6.8	0.011540932659217832
6.9	0.008771683824598265
7.0	0.006752080206701791
7.1	0.005604479448802549
7.2	0.004840922496927072
7.300000000000001	0.0037411560530562532
7.4	0.002580580369374543
7.5	0.0016566762671736777
7.6	0.001001798216752326
7.7	5.549300770446595E-4
7.800000000000001	2.9736887394872286E-4
7.9	1.6830256321689947E-4
8.0	9.622474418045586E-5
8.1	3.395444841833788E-5
8.2	0.0
8.3	0.0
8.4	0.0
8.5	0.0
8.6	0.0
8.7	0.0
8.8	0.0
8.9	0.0
9.0	0.0
#Run 48
5.0	0.0
5.1	0.0
5.2	0.0
5.3	0.0
5.4	0.0
5.5	0.0
5.6	0.0
5.7	0.0
5.8	0.0
5.9	0.0
6.0	4.1996149233703686E-4
6.1	0.0016435399523871336
6.2	0.0039760005678392074
6.3	0.008091313003513052
6.4	0.013725883899530339
6.5	0.018170107407335625
6.6	0.01893787635869412
6.7	0.01668568446754203
6.8	0.013546862340771565
6.9	0.010940413559682812
7.0	0.009546143983002296
7.1	0.008756876643985006
7.2	0.0072248513195203555
7.300000000000001	0.004923941773908111
7.4	0.0027740826873642885
7.5	0.0013693611914090808
7.6	5.847806538050015E-4
7.7	2.46619963608157E-4
7.800000000000001	8.031949555796268E-5
7.9	0.0
8.0	0.0
8.1	0.0
8.2	0.0
8.3	0.0
8.4	0.0
8.5	0.0
8.6	0.0
8.7	0.0
8.8	0.0
8.9	0.0
9.0	0.0
#Run 49
5.0	0.0
5.1	0.0
5.2	0.0
5.3	0.0
5.4	0.0
5.5	0.0
5.6	0.0
5.7	0.0
5.8	0.0
5.9	0.0
6.0	0.0
6.1	0.0
6.2	2.1047933857437997E-4
6.3	7.456141838095252E-4
6.4	0.0014502064335413668
6.5	0.0023849565206199115
6.6	0.0041625317242956076
6.7	0.0062238524118242945
6.8	0.00729036900644113
6.9	0.006862346974842802
7.0	0.006030962618864186
7.1	0.005222870995060694
7.2	0.004683035082659118
7.300000000000001	0.0042094560205949766
7.4	0.003514102078710329
7.5	0.0023009375786195814
7.6	0.0011451789832579975
7.7	5.312475191273847E-4
7.800000000000001	3.131707675493306E-4
7.9	1.6805299285356062E-4
8.0	4.796193319785902E-5
8.1	0.0
8.2	0.0
8.3	0.0
8.4	0.0
8.5	0.0
8.6	0.0
8.7	0.0
8.8	0.0
8.9	0.0
9.0	0.0
#Run 50
5.0	0.0
5.1	0.0
5.2	0.0
5.3	0.0
5.4	0.0
5.5	0.0
5.6	0.0
5.7	0.0
5.8	0.0
5.9	0.0
6.0	0.0
6.1	0.0
6.2	2.1047933857437997E-4
6.3	7.456141838095252E-4
6.4	0.0014502064335413668
6.5	0.0024613160679565703
6.6	0.004413355368310796
6.7	0.006825257011231759
6.8	0.008396925073989873
6.9	0.008501530804964305
7.0	0.008151852149531675
7.1	0.007777706220440693
7.2	0.007298920568136713
7.300000000000001	0.006018775299715865
7.4	0.0040658557886891255
7.5	0.0020084182233475463
7.6	6.720246616981627E-4
7.7	1.2088859769107115E-4
7.800000000000001	0.0
7.9	0.0
8.0	0.0
8.1	0.0
8.2	0.0
8.3	0.0
8.4	0.0
8.5	0.0
8.6	0.0
8.7	0.0
8.8	0.0
8.9	0.0
9.0	0.0
#Run 51
5.0	0.0
5.1	0.0
5.2	0.0
5.3	0.0
5.4	0.0
5.5	0.0
5.6	0.0
5.7	0.0
5.8	0.0
5.9	0.0
6.0	0.0
6.1	0.0
6.2	2.1047933857437997E-4
6.3	7.456141838095252E-4
6.4	0.0014502064335413668
6.5	0.0023849565206199115
6.6	0.0041625317242956076
6.7	0.0062238524118242945
6.8	0.00729036900644113
6.9	0.006862346974842802
7.0	0.006030962618864186
7.1	0.005222870995060694
7.2	0.004683035082659118
7.300000000000001	0.0042094560205949766
7.4	0.003514102078710329
7.5	0.0023009375786195814
7.6	0.0011451789832579975
7.7	5.312475191273847E-4
7.800000000000001	3.131707675493306E-4
7.9	1.6805299285356062E-4
8.0	4.796193319785902E-5
8.1	0.0
8.2	0.0
8.3	0.0
8.4	0.0
8.5	0.0
8.6	0.0
8.7	0.0
8.8	0.0
8.9	0.0
9.0	0.0
#Run 52
5.0	0.0
5.1	0.0
5.2	0.0
5.3	0.0
5.4	0.0
5.5	0.0
5.6	0.0
5.7	0.0
5.8	0.0
5.9	0.0
6.0	0.0
6.1	0.0
6.2	2.1047933857437997E-4
6.3	7.456141838095252E-4
6.4	0.0014502064335413668
6.5	0.0024613160679565703
6.6	0.004413355368310796
6.7	0.006825257011231759
6.8	0.008396925073989873
6.9	0.008501530804964305
7.0	0.008151852149531675
7.1	0.007777706220440693
7.2	0.007298920568136713
7.300000000000001	0.006018775299715865
7.4	0.0040658557886891255
7.5	0.0020084182233475463
7.6	6.720246616981627E-4
7.7	1.2088859769107115E-4
7.800000000000001	0.0
7.9	0.0
8.0	0.0
8.1	0.0
8.2	0.0
8.3	0.0
8.4	0.0
8.5	0.0
8.6	0.0
8.7	0.0
8.8	0.0
8.9	0.0
9.0	0.0
#Run 53
5.0	0.0
5.1	0.0
5.2	0.0
5.3	0.0
5.4	0.0
5.5	0.0
5.6	0.0
5.7	0.0
5.8	0.0
5.9	0.0
6.0	0.0
6.1	0.0
6.2	2.1047933857437997E-4
6.3	7.456141838095252E-4
6.4	0.0014502064335413668
6.5	0.0023849565206199115
6.6	0.0041625317242956076
6.7	0.0062238524118242945
6.8	0.00729036900644113
6.9	0.006862346974842802
7.0	0.006030962618864186
7.1	0.005222870995060694
7.2	0.004683035082659118
7.300000000000001	0.0042094560205949766
7.4	0.003514102078710329
7.5	0.0023009375786195814
7.6	0.0011451789832579975
7.7	5.312475191273847E-4
7.800000000000001	3.131707675493306E-4
7.9	1.6805299285356062E-4
8.0	4.796193319785902E-5
8.1	0.0
8.2	0.0
8.3	0.0
8.4	0.0
8.5	0.0
8.6	0.0
8.7	0.0
8.8	0.0
8.9	0.0
9.0	0.0
#Run 54
5.0	0.0
5.1	0.0
5.2	0.0
5.3	0.0
5.4	0.0
5.5	0.0
5.6	0.0
5.7	0.0
5.8	0.0
5.9	0.0
6.0	0.0
6.1	0.0
6.2	2.1047933857437997E-4
6.3	7.456141838095252E-4
6.4	0.0014502064335413668
6.5	0.0024613160679565703
6.6	0.004413355368310796
6.7	0.006825257011231759
6.8	0.008396925073989873
6.9	0.008501530804964305
7.0	0.008151852149531675
7.1	0.007777706220440693
7.2	0.007298920568136713
7.300000000000001	0.006018775299715865
7.4	0.0040658557886891255
7.5	0.0020084182233475463
7.6	6.720246616981627E-4
7.7	1.2088859769107115E-4
7.800000000000001	0.0
7.9	0.0
8.0	0.0
8.1	0.0
8.2	0.0
8.3	0.0
8.4	0.0
8.5	0.0
8.6	0.0
8.7	0.0
8.8	0.0
8.9	0.0
9.0	0.0
#Run 55
5.0	0.0
5.1	0.0
5.2	0.0
5.3	0.0
5.4	0.0
5.5	0.0
5.6	0.0
5.7	0.0
5.8	0.0
5.9	0.0
6.0	0.0
6.1	0.0
6.2	2.1047933857437997E-4
6.3	7.456141838095252E-4
6.4	0.0014502064335413668
6.5	0.0023849565206199115
6.6	0.0041625317242956076
6.7	0.0062238524118242945
6.8	0.00729036900644113
6.9	0.006862346974842802
7.0	0.006030962618864186
7.1	0.005222870995060694
7.2	0.004683035082659118
7.300000000000001	0.0042094560205949766
7.4	0.003514102078710329
7.5	0.0023009375786195814
7.6	0.0011451789832579975
7.7	5.312475191273847E-4
7.800000000000001	3.131707675493306E-4
7.9	1.6805299285356062E-4
8.0	4.796193319785902E-5
8.1	0.0
8.2	0.0
8.3	0.0
8.4	0.0
8.5	0.0
8.6	0.0
8.7	0.0
8.8	0.0
8.9	0.0
9.0	0.0
#Run 56
5.0	0.0
5.1	0.0
5.2	0.0
5.3	0.0
5.4	0.0
5.5	0.0
5.6	0.0
5.7	0.0
5.8	0.0
5.9	0.0
6.0	0.0
6.1	0.0
6.2	2.1047933857437997E-4
6.3	7.456141838095252E-4
6.4	0.0014502064335413668
6.5	0.0024613160679565703
6.6	0.004413355368310796
6.7	0.006825257011231759
6.8	0.008396925073989873
6.9	0.008501530804964305
7.0	0.008151852149531675
7.1	0.007777706220440693
7.2	0.007298920568136713
7.300000000000001	0.006018775299715865
7.4	0.0040658557886891255
7.5	0.0020084182233475463
7.6	6.720246616981627E-4
7.7	1.2088859769107115E-4
7.800000000000001	0.0
7.9	0.0
8.0	0.0
8.1	0.0
8.2	0.0
8.3	0.0
8.4	0.0
8.5	0.0
8.6	0.0
8.7	0.0
8.8	0.0
8.9	0.0
9.0	0.0
#Run 57
5.0	0.0
5.1	0.0
5.2	0.0
5.3	0.0
5.4	0.0
5.5	0.0
5.6	0.0
5.7	0.0
5.8	0.0
5.9	0.0
6.0	4.1996149233703686E-4
6.1	0.0016435399523871336
6.2	0.0038061643293994074
6.3	0.007351317243575169
6.4	0.012469284138093407
6.5	0.016444940111960037
6.6	0.016622114436494178
6.7	0.013704455933939139
6.8	0.010778661471316018
6.9	0.008217949608184538
7.0	0.0062675130671975155
7.1	0.00518622119619611
7.2	0.004900607164645644
7.300000000000001	0.0041253045290869
7.4	0.002807333285265718
7.5	0.001509301782332449
7.6	6.799185160125667E-4
7.7	3.273919349088029E-4
7.800000000000001	2.1704937839076013E-4
7.9	1.6830256321689947E-4
8.0	9.622474418045586E-5
8.1	3.395444841833788E-5
8.2	0.0
8.3	0.0
8.4	0.0
8.5	0.0
8.6	0.0
8.7	0.0
8.8	0.0
8.9	0.0
9.0	0.0
#Run 58
5.0	0.0
5.1	0.0
5.2	0.0
5.3	0.0
5.4	0.0
5.5	0.0
5.6	0.0
5.7	0.0
5.8	0.0
5.9	0.0
6.0	4.1996149233703686E-4
6.1	0.0016435399523871336
6.2	0.0038061643293994074
6.3	0.007578716239379525
6.4	0.013255219722709155
6.5	0.018295375563601998
6.6	0.019602565086232742
6.7	0.017183728235567387
6.8	0.013700181419493125
6.9	0.010812207050232937
7.0	0.009326005055034656
7.1	0.008554481666632148
7.2	0.007267070568927876
7.300000000000001	0.005061265970678502
7.4	0.002774125181641788
7.5	0.0011417408567316902
7.6	2.626680246375631E-4
7.7	1.8999628930764926E-5
7.800000000000001	0.0
7.9	0.0
8.0	0.0
8.1	0.0
8.2	0.0
8.3	0.0
8.4	0.0
8.5	0.0
8.6	0.0
8.7	0.0
8.8	0.0
8.9	0.0
9.0	0.0
#Run 59
5.0	0.0
5.1	0.0
5.2	0.0
5.3	0.0
5.4	0.0
5.5	0.0
5.6	0.0
5.7	0.0
5.8	0.0
5.9	0.0
6.0	4.1996149233703686E-4
6.1	0.0016435399523871336
6.2	0.0038061643293994074
6.3	0.007351317243575169
6.4	0.012469284138093407
6.5	0.016444940111960037
6.6	0.016622114436494178
6.7	0.013704455933939139
6.8	0.010778661471316018
6.9	0.008217949608184538
7.0	0.0062675130671975155
7.1	0.00518622119619611
7.2	0.004900607164645644
7.300000000000001	0.0041253045290869
7.4	0.002807333285265718
7.5	0.001509301782332449
7.6	6.799185160125667E-4
7.7	3.273919349088029E-4
7.800000000000001	2.1704937839076013E-4
7.9	1.6830256321689947E-4
8.0	9.622474418045586E-5
8.1	3.395444841833788E-5
8.2	0.0
8.3	0.0
8.4	0.0
8.5	0.0
8.6	0.0
8.7	0.0
8.8	0.0
8.9	0.0
9.0	0.0
#Run 60
5.0	0.0
5.1	0.0
5.2	0.0
5.3	0.0
5.4	0.0
5.5	0.0
5.6	0.0
5.7	0.0
5.8	0.0
5.9	0.0
6.0	4.1996149233703686E-4
6.1	0.0016435399523871336
6.2	0.0038061643293994074
6.3	0.007578716239379525
6.4	0.013255219722709155
6.5	0.018295375563601998
6.6	0.019602565086232742
6.7	0.017183728235567387
6.8	0.013700181419493125
6.9	0.010812207050232937
7.0	0.009326005055034656
7.1	0.008554481666632148
7.2	0.007267070568927876
7.300000000000001	0.005061265970678502
7.4	0.002774125181641788
7.5	0.0011417408567316902
7.6	2.626680246375631E-4
7.7	1.8999628930764926E-5
7.800000000000001	0.0
7.9	0.0
8.0	0.0
8.1	0.0
8.2	0.0
8.3	0.0
8.4	0.0
8.5	0.0
8.6	0.0
8.7	0.0
8.8	0.0
8.9	0.0
9.0	0.0
#Run 61
5.0	0.0
5.1	0.0
5.2	0.0
5.3	0.0
5.4	0.0
5.5	0.0
5.6	0.0
5.7	0.0
5.8	0.0
5.9	0.0
6.0	4.1996149233703686E-4
6.1	0.0016435399523871336
6.2	0.0038061643293994074
6.3	0.007351317243575169
6.4	0.012469284138093407
6.5	0.016444940111960037
6.6	0.016622114436494178
6.7	0.013704455933939139
6.8	0.010778661471316018
6.9	0.008217949608184538
7.0	0.0062675130671975155
7.1	0.00518622119619611
7.2	0.004900607164645644
7.300000000000001	0.0041253045290869
7.4	0.002807333285265718
7.5	0.001509301782332449
7.6	6.799185160125667E-4
7.7	3.273919349088029E-4
7.800000000000001	2.1704937839076013E-4
7.9	1.6830256321689947E-4
8.0	9.622474418045586E-5
8.1	3.395444841833788E-5
8.2	0.0
8.3	0.0
8.4	0.0
8.5	0.0
8.6	0.0
8.7	0.0
8.8	0.0
8.9	0.0
9.0	0.0
#Run 62
5.0	0.0
5.1	0.0
5.2	0.0
5.3	0.0
5.4	0.0
5.5	0.0
5.6	0.0
5.7	0.0
5.8	0.0
5.9	0.0
6.0	4.1996149233703686E-4
6.1	0.0016435399523871336
6.2	0.0038061643293994074
6.3	0.007578716239379525
6.4	0.013255219722709155
6.5	0.018295375563601998
6.6	0.019602565086232742
6.7	0.017183728235567387
6.8	0.013700181419493125
6.9	0.010812207050232937
7.0	0.009326005055034656
7.1	0.008554481666632148
7.2	0.007267070568927876
7.300000000000001	0.005061265970678502
7.4	0.002774125181641788
7.5	0.0011417408567316902
7.6	2.626680246375631E-4
7.7	1.8999628930764926E-5
7.800000000000001	0.0
7.9	0.0
8.0	0.0
8.1	0.0
8.2	0.0
8.3	0.0
8.4	0.0
8.5	0.0
8.6	0.0
8.7	0.0
8.8	0.0
8.9	0.0
9.0	0.0
#Run 63
5.0	0.0
5.1	0.0
5.2	0.0
5.3	0.0
5.4	0.0
5.5	0.0
5.6	0.0
5.7	0.0
5.8	0.0
5.9	0.0
6.0	4.1996149233703686E-4
6.1	0.0016435399523871336
6.2	0.0038061643293994074
6.3	0.007351317243575169
6.4	0.012469284138093407
6.5	0.016444940111960037
6.6	0.016622114436494178
6.7	0.013704455933939139
6.8	0.010778661471316018
6.9	0.008217949608184538
7.0	0.0062675130671975155
7.1	0.00518622119619611
7.2	0.004900607164645644
7.300000000000001	0.0041253045290869
7.4	0.002807333285265718
7.5	0.001509301782332449
7.6	6.799185160125667E-4
7.7	3.273919349088029E-4
7.800000000000001	2.1704937839076013E-4
7.9	1.6830256321689947E-4
8.0	9.622474418045586E-5
8.1	3.395444841833788E-5
8.2	0.0
8.3	0.0
8.4	0.0
8.5	0.0
8.6	0.0
8.7	0.0
8.8	0.0
8.9	0.0
9.0	0.0
#Run 64
5.0	0.0
5.1	0.0
5.2	0.0
5.3	0.0
5.4	0.0
5.5	0.0
5.6	0.0
5.7	0.0
5.8	0.0
5.9	0.0
6.0	4.1996149233703686E-4
6.1	0.0016435399523871336
6.2	0.0038061643293994074
6.3	0.007578716239379525
6.4	0.013255219722709155
6.5	0.018295375563601998
6.6	0.019602565086232742
6.7	0.017183728235567387
6.8	0.013700181419493125
6.9	0.010812207050232937
7.0	0.009326005055034656
7.1	0.008554481666632148
7.2	0.007267070568927876
7.300000000000001	0.005061265970678502
7.4	0.002774125181641788
7.5	0.0011417408567316902
7.6	2.626680246375631E-4
7.7	1.8999628930764926E-5
7.800000000000001	0.0
7.9	0.0
8.0	0.0
8.1	0.0
8.2	0.0
8.3	0.0
8.4	0.0
8.5	0.0
8.6	0.0
8.7	0.0
8.8	0.0
8.9	0.0
9.0	0.0
#Run 65
5.0	0.0
5.1	0.0
5.2	0.0
5.3	0.0
5.4	0.0
5.5	0.0
5.6	0.0
5.7	0.0
5.8	0.0
5.9	0.0
6.0	0.0
6.1	0.0
6.2	2.1047933857437997E-4
6.3	7.456141838095252E-4
6.4	0.0014502064335413668
6.5	0.0023849565206199115
6.6	0.0041625317242956076
6.7	0.0062238524118242945
6.8	0.00729036900644113
6.9	0.006862346974842802
7.0	0.006030962618864186
7.1	0.005222870995060694
7.2	0.004683035082659118
7.300000000000001	0.0042094560205949766
7.4	0.003514102078710329
7.5	0.0023009375786195814
7.6	0.0011451789832579975
7.7	5.312475191273847E-4
7.800000000000001	3.131707675493306E-4
7.9	1.6805299285356062E-4
8.0	4.796193319785902E-5
8.1	0.0
8.2	0.0
8.3	0.0
8.4	0.0
8.5	0.0
8.6	0.0
8.7	0.0
8.8	0.0
8.9	0.0
9.0	0.0
#Run 66
5.0	0.0
5.1	0.0
5.2	0.0
5.3	0.0
5.4	0.0
5.5	0.0
5.6	0.0
5.7	0.0
5.8	0.0
5.9	0.0
6.0	0.0
6.1	0.0
6.2	2.1047933857437997E-4
6.3	7.456141838095252E-4
6.4	0.0014502064335413668
6.5	0.0024613160679565703
6.6	0.004413355368310796
6.7	0.006825257011231759
6.8	0.008396925073989873
6.9	0.008501530804964305
7.0	0.008151852149531675
7.1	0.007777706220440693
7.2	0.007298920568136713
7.300000000000001	0.006018775299715865
7.4	0.0040658557886891255
7.5	0.0020084182233475463
7.6	6.720246616981627E-4
7.7	1.2088859769107115E-4
7.800000000000001	0.0
7.9	0.0
8.0	0.0
8.1	0.0
8.2	0.0
8.3	0.0
8.4	0.0
8.5	0.0
8.6	0.0
8.7	0.0
8.8	0.0
8.9	0.0
9.0	0.0
#Run 67
5.0	0.0
5.1	0.0
5.2	0.0
5.3	0.0
5.4	0.0
5.5	0.0
5.6	0.0
5.7	0.0
5.8	0.0
5.9	0.0
6.0	0.0
6.1	0.0
6.2	2.1047933857437997E-4
6.3	7.456141838095252E-4
6.4	0.0014502064335413668
6.5	0.0023849565206199115
6.6	0.0041625317242956076
6.7	0.0062238524118242945
6.8	0.00729036900644113
6.9	0.006862346974842802
7.0	0.006030962618864186
7.1	0.005222870995060694
7.2	0.004683035082659118
7.300000000000001	0.0042094560205949766
7.4	0.003514102078710329
7.5	0.0023009375786195814
7.6	0.0011451789832579975
7.7	5.312475191273847E-4
7.800000000000001	3.131707675493306E-4
7.9	1.6805299285356062E-4
8.0	4.796193319785902E-5
8.1	0.0
8.2	0.0
8.3	0.0
8.4	0.0
8.5	0.0
8.6	0.0
8.7	0.0
8.8	0.0
8.9	0.0
9.0	0.0
#Run 68
5.0	0.0
5.1	0.0
5.2	0.0
5.3	0.0
5.4	0.0
5.5	0.0
5.6	0.0
5.7	0.0
5.8	0.0
5.9	0.0
6.0	0.0
6.1	0.0
6.2	2.1047933857437997E-4
6.3	7.456141838095252E-4
6.4	0.0014502064335413668
6.5	0.0024613160679565703
6.6	0.004413355368310796
6.7	0.006825257011231759
6.8	0.008396925073989873
6.9	0.008501530804964305
7.0	0.008151852149531675
7.1	0.007777706220440693
7.2	0.007298920568136713
7.300000000000001	0.006018775299715865
7.4	0.0040658557886891255
7.5	0.0020084182233475463
7.6	6.720246616981627E-4
7.7	1.2088859769107115E-4
7.800000000000001	0.0
7.9	0.0
8.0	0.0
8.1	0.0
8.2	0.0
8.3	0.0
8.4	0.0
8.5	0.0
8.6	0.0
8.7	0.0
8.8	0.0
8.9	0.0
9.0	0.0
#Run 69
5.0	0.0
5.1	0.0
5.2	0.0
5.3	0.0
5.4	0.0
5.5	0.0
5.6	0.0
5.7	0.0
5.8	0.0
5.9	0.0
6.0	0.0
6.1	0.0
6.2	2.1047933857437997E-4
6.3	7.456141838095252E-4
6.4	0.0014502064335413668
6.5	0.0023849565206199115
6.6	0.0041625317242956076
6.7	0.0062238524118242945
6.8	0.00729036900644113
6.9	0.006862346974842802
7.0	0.006030962618864186
7.1	0.005222870995060694
7.2	0.004683035082659118
7.300000000000001	0.0042094560205949766
7.4	0.003514102078710329
7.5	0.0023009375786195814
7.6	0.0011451789832579975
7.7	5.312475191273847E-4
7.800000000000001	3.131707675493306E-4
7.9	1.6805299285356062E-4
8.0	4.796193319785902E-5
8.1	0.0
8.2	0.0
8.3	0.0
8.4	0.0
8.5	0.0
8.6	0.0
8.7	0.0
8.8	0.0
8.9	0.0
9.0	0.0
#Run 70
5.0	0.0
5.1	0.0
5.2	0.0
5.3	0.0
5.4	0.0
5.5	0.0
5.6	0.0
5.7	0.0
5.8	0.0
5.9	0.0
6.0	0.0
6.1	0.0
6.2	2.1047933857437997E-4
6.3	7.456141838095252E-4
6.4	0.0014502064335413668
6.5	0.0024613160679565703
6.6	0.004413355368310796
6.7	0.006825257011231759
6.8	0.008396925073989873
6.9	0.008501530804964305
7.0	0.008151852149531675
7.1	0.007777706220440693
7.2	0.007298920568136713
7.300000000000001	0.006018775299715865
7.4	0.0040658557886891255
7.5	0.0020084182233475463
7.6	6.720246616981627E-4
7.7	1.2088859769107115E-4
7.800000000000001	0.0
7.9	0.0
8.0	0.0
8.1	0.0
8.2	0.0
8.3	0.0
8.4	0.0
8.5	0.0
8.6	0.0
8.7	0.0
8.8	0.0
8.9	0.0
9.0	0.0
#Run 71
5.0	0.0
5.1	0.0
5.2	0.0
5.3	0.0
5.4	0.0
5.5	0.0
5.6	0.0
5.7	0.0
5.8	0.0
5.9	0.0
6.0	0.0
6.1	0.0
6.2	2.1047933857437997E-4
6.3	7.456141838095252E-4
6.4	0.0014502064335413668
6.5	0.0023849565206199115
6.6	0.0041625317242956076
6.7	0.0062238524118242945
6.8	0.00729036900644113
6.9	0.006862346974842802
7.0	0.006030962618864186
7.1	0.005222870995060694
7.2	0.004683035082659118
7.300000000000001	0.0042094560205949766
7.4	0.003514102078710329
7.5	0.0023009375786195814
7.6	0.0011451789832579975
7.7	5.312475191273847E-4
7.800000000000001	3.131707675493306E-4
7.9	1.6805299285356062E-4
8.0	4.796193319785902E-5
8.1	0.0
8.2	0.0
8.3	0.0
8.4	0.0
8.5	0.0
8.6	0.0
8.7	0.0
8.8	0.0
8.9	0.0
9.0	0.0
#Run 72
5.0	0.0
5.1	0.0
5.2	0.0
5.3	0.0
5.4	0.0
5.5	0.0
5.6	0.0
5.7	0.0
5.8	0.0
5.9	0.0
6.0	0.0
6.1	0.0
6.2	2.1047933857437997E-4
6.3	7.456141838095252E-4
6.4	0.0014502064335413668
6.5	0.0024613160679565703
6.6	0.004413355368310796
6.7	0.006825257011231759
6.8	0.008396925073989873
6.9	0.008501530804964305
7.0	0.008151852149531675
7.1	0.007777706220440693
7.2	0.007298920568136713
7.300000000000001	0.006018775299715865
7.4	0.0040658557886891255
7.5	0.0020084182233475463
7.6	6.720246616981627E-4
7.7	1.2088859769107115E-4
7.800000000000001	0.0
7.9	0.0
8.0	0.0
8.1	0.0
8.2	0.0
8.3	0.0
8.4	0.0
8.5	0.0
8.6	0.0
8.7	0.0
8.8	0.0
8.9	0.0
9.0	0.0
#Run 73
5.0	0.0
5.1	0.0
5.2	0.0
5.3	0.0
5.4	0.0
5.5	0.0
5.6	0.0
5.7	0.0
5.8	0.0
5.9	0.0
6.0	4.1996149233703686E-4
6.1	0.0016435399523871336
6.2	0.0038061643293994074
6.3	0.007351317243575169
6.4	0.012469284138093407
6.5	0.016444940111960037
6.6	0.016622114436494178
6.7	0.013704455933939139
6.8	0.010778661471316018
6.9	0.008217949608184538
7.0	0.0062675130671975155
7.1	0.00518622119619611
7.2	0.004900607164645644
7.300000000000001	0.0041253045290869
7.4	0.002807333285265718
7.5	0.001509301782332449
7.6	6.799185160125667E-4
7.7	3.273919349088029E-4
7.800000000000001	2.1704937839076013E-4
7.9	1.6830256321689947E-4
8.0	9.622474418045586E-5
8.1	3.395444841833788E-5
8.2	0.0
8.3	0.0
8.4	0.0
8.5	0.0
8.6	0.0
8.7	0.0
8.8	0.0
8.9	0.0
9.0	0.0
#Run 74
5.0	0.0
5.1	0.0
5.2	0.0
5.3	0.0
5.4	0.0
5.5	0.0
5.6	0.0
5.7	0.0
5.8	0.0
5.9	0.0
6.0	4.1996149233703686E-4
6.1	0.0016435399523871336
6.2	0.0038061643293994074
6.3	0.007578716239379525
6.4	0.013255219722709155
6.5	0.018295375563601998
6.6	0.019602565086232742
6.7	0.017183728235567387
6.8	0.013700181419493125
6.9	0.010812207050232937
7.0	0.009326005055034656
7.1	0.008554481666632148
7.2	0.007267070568927876
7.300000000000001	0.005061265970678502
7.4	0.002774125181641788
7.5	0.0011417408567316902
7.6	2.626680246375631E-4
7.7	1.8999628930764926E-5
7.800000000000001	0.0
7.9	0.0
8.0	0.0
8.1	0.0
8.2	0.0
8.3	0.0
8.4	0.0
8.5	0.0
8.6	0.0
8.7	0.0
8.8	0.0
8.9	0.0
9.0	0.0
#Run 75
5.0	0.0
5.1	0.0
5.2	0.0
5.3	0.0
5.4	0.0
5.5	0.0
5.6	0.0
5.7	0.0
5.8	0.0
5.9	0.0
6.0	4.1996149233703686E-4
6.1	0.0016435399523871336
6.2	0.0038061643293994074
6.3	0.007351317243575169
6.4	0.012469284138093407
6.5	0.016444940111960037
6.6	0.016622114436494178
6.7	0.013704455933939139
6.8	0.010778661471316018
6.9	0.008217949608184538
7.0	0.0062675130671975155
7.1	0.00518622119619611
7.2	0.004900607164645644
7.300000000000001	0.0041253045290869
7.4	0.002807333285265718
7.5	0.001509301782332449
7.6	6.799185160125667E-4
7.7	3.273919349088029E-4
7.800000000000001	2.1704937839076013E-4
7.9	1.6830256321689947E-4
8.0	9.622474418045586E-5
8.1	3.395444841833788E-5
8.2	0.0
8.3	0.0
8.4	0.0
8.5	0.0
8.6	0.0
8.7	0.0
8.8	0.0
8.9	0.0
9.0	0.0
#Run 76
5.0	0.0
5.1	0.0
5.2	0.0
5.3	0.0
5.4	0.0
5.5	0.0
5.6	0.0
5.7	0.0
5.8	0.0
5.9	0.0
6.0	4.1996149233703686E-4
6.1	0.0016435399523871336
6.2	0.0038061643293994074
6.3	0.007578716239379525
6.4	0.013255219722709155
6.5	0.018295375563601998
6.6	0.019602565086232742
6.7	0.017183728235567387
6.8	0.013700181419493125
6.9	0.010812207050232937
7.0	0.009326005055034656
7.1	0.008554481666632148
7.2	0.007267070568927876
7.300000000000001	0.005061265970678502
7.4	0.002774125181641788
7.5	0.0011417408567316902
7.6	2.626680246375631E-4
7.7	1.8999628930764926E-5
7.800000000000001	0.0
7.9	0.0
8.0	0.0
8.1	0.0
8.2	0.0
8.3	0.0
8.4	0.0
8.5	0.0
8.6	0.0
8.7	0.0
8.8	0.0
8.9	0.0
9.0	0.0
#Run 77
5.0	0.0
5.1	0.0
5.2	0.0
5.3	0.0
5.4	0.0
5.5	0.0
5.6	0.0
5.7	0.0
5.8	0.0
5.9	0.0
6.0	4.1996149233703686E-4
6.1	0.0016435399523871336
6.2	0.0038061643293994074
6.3	0.007351317243575169
6.4	0.012469284138093407
6.5	0.016444940111960037
6.6	0.016622114436494178
6.7	0.013704455933939139
6.8	0.010778661471316018
6.9	0.008217949608184538
7.0	0.0062675130671975155
7.1	0.00518622119619611
7.2	0.004900607164645644
7.300000000000001	0.0041253045290869
7.4	0.002807333285265718
7.5	0.001509301782332449
7.6	6.799185160125667E-4
7.7	3.273919349088029E-4
7.800000000000001	2.1704937839076013E-4
7.9	1.6830256321689947E-4
8.0	9.622474418045586E-5
8.1	3.395444841833788E-5
8.2	0.0
8.3	0.0
8.4	0.0
8.5	0.0
8.6	0.0
8.7	0.0
8.8	0.0
8.9	0.0
9.0	0.0
#Run 78
5.0	0.0
5.1	0.0
5.2	0.0
5.3	0.0
5.4	0.0
5.5	0.0
5.6	0.0
5.7	0.0
5.8	0.0
5.9	0.0
6.0	4.1996149233703686E-4
6.1	0.0016435399523871336
6.2	0.0038061643293994074
6.3	0.007578716239379525
6.4	0.013255219722709155
6.5	0.018295375563601998
6.6	0.019602565086232742
6.7	0.017183728235567387
6.8	0.013700181419493125
6.9	0.010812207050232937
7.0	0.009326005055034656
7.1	0.008554481666632148
7.2	0.007267070568927876
7.300000000000001	0.005061265970678502
7.4	0.002774125181641788
7.5	0.0011417408567316902
7.6	2.626680246375631E-4
7.7	1.8999628930764926E-5
7.800000000000001	0.0
7.9	0.0
8.0	0.0
8.1	0.0
8.2	0.0
8.3	0.0
8.4	0.0
8.5	0.0
8.6	0.0
8.7	0.0
8.8	0.0
8.9	0.0
9.0	0.0
#Run 79
5.0	0.0
5.1	0.0
5.2	0.0
5.3	0.0
5.4	0.0
5.5	0.0
5.6	0.0
5.7	0.0
5.8	0.0
5.9	0.0
6.0	4.1996149233703686E-4
6.1	0.0016435399523871336
6.2	0.0038061643293994074
6.3	0.007351317243575169
6.4	0.012469284138093407
6.5	0.016444940111960037
6.6	0.016622114436494178
6.7	0.013704455933939139
6.8	0.010778661471316018
6.9	0.008217949608184538
7.0	0.0062675130671975155
7.1	0.00518622119619611
7.2	0.004900607164645644
7.300000000000001	0.0041253045290869
7.4	0.002807333285265718
7.5	0.001509301782332449
7.6	6.799185160125667E-4
7.7	3.273919349088029E-4
7.800000000000001	2.1704937839076013E-4
7.9	1.6830256321689947E-4
8.0	9.622474418045586E-5
8.1	3.395444841833788E-5
8.2	0.0
8.3	0.0
8.4	0.0
8.5	0.0
8.6	0.0
8.7	0.0
8.8	0.0
8.9	0.0
9.0	0.0
#Run 80
5.0	0.0
5.1	0.0
5.2	0.0
5.3	0.0
5.4	0.0
5.5	0.0
5.6	0.0
5.7	0.0
5.8	0.0
5.9	0.0
6.0	4.1996149233703686E-4
6.1	0.0016435399523871336
6.2	0.0038061643293994074
6.3	0.007578716239379525
6.4	0.013255219722709155
6.5	0.018295375563601998
6.6	0.019602565086232742
6.7	0.017183728235567387
6.8	0.013700181419493125
6.9	0.010812207050232937
7.0	0.009326005055034656
7.1	0.008554481666632148
7.2	0.007267070568927876
7.300000000000001	0.005061265970678502
7.4	0.002774125181641788
7.5	0.0011417408567316902
7.6	2.626680246375631E-4
7.7	1.8999628930764926E-5
7.800000000000001	0.0
7.9	0.0
8.0	0.0
8.1	0.0
8.2	0.0
8.3	0.0
8.4	0.0
8.5	0.0
8.6	0.0
8.7	0.0
8.8	0.0
8.9	0.0
9.0	0.0
#Run 81
5.0	0.0
5.1	0.0
5.2	0.0
5.3	0.0
5.4	0.0
5.5	0.0
5.6	0.0
5.7	0.0
5.8	0.0
5.9	0.0
6.0	0.0
6.1	0.0
6.2	2.1047933857437997E-4
6.3	7.456141838095252E-4
6.4	0.0014502064335413668
6.5	0.0023849565206199115
6.6	0.0041625317242956076
6.7	0.0062238524118242945
6.8	0.00729036900644113
6.9	0.006862346974842802
7.0	0.006030962618864186
7.1	0.005222870995060694
7.2	0.004683035082659118
7.300000000000001	0.0042094560205949766
7.4	0.003514102078710329
7.5	0.0023009375786195814
7.6	0.0011451789832579975
7.7	5.312475191273847E-4
7.800000000000001	3.131707675493306E-4
7.9	1.6805299285356062E-4
8.0	4.796193319785902E-5
8.1	0.0
8.2	0.0
8.3	0.0
8.4	0.0
8.5	0.0
8.6	0.0
8.7	0.0
8.8	0.0
8.9	0.0
9.0	0.0
#Run 82
5.0	0.0
5.1	0.0
5.2	0.0
5.3	0.0
5.4	0.0
5.5	0.0
5.6	0.0
5.7	0.0
5.8	0.0
5.9	0.0
6.0	0.0
6.1	0.0
6.2	2.1047933857437997E-4
6.3	7.456141838095252E-4
6.4	0.0014502064335413668
6.5	0.0024613160679565703
6.6	0.004413355368310796
6.7	0.006825257011231759
6.8	0.008396925073989873
6.9	0.008501530804964305
7.0	0.008151852149531675
7.1	0.007777706220440693
7.2	0.007298920568136713
7.300000000000001	0.006018775299715865
7.4	0.0040658557886891255
7.5	0.0020084182233475463
7.6	6.720246616981627E-4
7.7	1.2088859769107115E-4
7.800000000000001	0.0
7.9	0.0
8.0	0.0
8.1	0.0
8.2	0.0
8.3	0.0
8.4	0.0
8.5	0.0
8.6	0.0
8.7	0.0
8.8	0.0
8.9	0.0
9.0	0.0
#Run 83
5.0	0.0
5.1	0.0
5.2	0.0
5.3	0.0
5.4	0.0
5.5	0.0
5.6	0.0
5.7	0.0
5.8	0.0
5.9	0.0
6.0	0.0
6.1	0.0
6.2	2.1047933857437997E-4
6.3	7.456141838095252E-4
6.4	0.0014502064335413668
6.5	0.0023849565206199115
6.6	0.0041625317242956076
6.7	0.0062238524118242945
6.8	0.00729036900644113
6.9	0.006862346974842802
7.0	0.006030962618864186
7.1	0.005222870995060694
7.2	0.004683035082659118
7.300000000000001	0.0042094560205949766
7.4	0.003514102078710329
7.5	0.0023009375786195814
7.6	0.0011451789832579975
7.7	5.312475191273847E-4
7.800000000000001	3.131707675493306E-4
7.9	1.6805299285356062E-4
8.0	4.796193319785902E-5
8.1	0.0
8.2	0.0
8.3	0.0
8.4	0.0
8.5	0.0
8.6	0.0
8.7	0.0
8.8	0.0
8.9	0.0
9.0	0.0
#Run 84
5.0	0.0
5.1	0.0
5.2	0.0
5.3	0.0
5.4	0.0
5.5	0.0
5.6	0.0
5.7	0.0
5.8	0.0
5.9	0.0
6.0	0.0
6.1	0.0
6.2	2.1047933857437997E-4
6.3	7.456141838095252E-4
6.4	0.0014502064335413668
6.5	0.0024613160679565703
6.6	0.004413355368310796
6.7	0.006825257011231759
6.8	0.008396925073989873
6.9	0.008501530804964305
7.0	0.008151852149531675
7.1	0.007777706220440693
7.2	0.007298920568136713
7.300000000000001	0.006018775299715865
7.4	0.0040658557886891255
7.5	0.0020084182233475463
7.6	6.720246616981627E-4
7.7	1.2088859769107115E-4
7.800000000000001	0.0
7.9	0.0
8.0	0.0
8.1	0.0
8.2	0.0
8.3	0.0
8.4	0.0
8.5	0.0
8.6	0.0
8.7	0.0
8.8	0.0
8.9	0.0
9.0	0.0
#Run 85
5.0	0.0
5.1	0.0
5.2	0.0
5.3	0.0
5.4	0.0
5.5	0.0
5.6	0.0
5.7	0.0
5.8	0.0
5.9	0.0
6.0	0.0
6.1	0.0
6.2	2.1047933857437997E-4
6.3	7.456141838095252E-4
6.4	0.0014502064335413668
6.5	0.0023849565206199115
6.6	0.0041625317242956076
6.7	0.0062238524118242945
6.8	0.00729036900644113
6.9	0.006862346974842802
7.0	0.006030962618864186
7.1	0.005222870995060694
7.2	0.004683035082659118
7.300000000000001	0.0042094560205949766
7.4	0.003514102078710329
7.5	0.0023009375786195814
7.6	0.0011451789832579975
7.7	5.312475191273847E-4
7.800000000000001	3.131707675493306E-4
7.9	1.6805299285356062E-4
8.0	4.796193319785902E-5
8.1	0.0
8.2	0.0
8.3	0.0
8.4	0.0
8.5	0.0
8.6	0.0
8.7	0.0
8.8	0.0
8.9	0.0
9.0	0.0
#Run 86
5.0	0.0
5.1	0.0
5.2	0.0
5.3	0.0
5.4	0.0
5.5	0.0
5.6	0.0
5.7	0.0
5.8	0.0
5.9	0.0
6.0	0.0
6.1	0.0
6.2	2.1047933857437997E-4
6.3	7.456141838095252E-4
6.4	0.0014502064335413668
6.5	0.0024613160679565703
6.6	0.004413355368310796
6.7	0.006825257011231759
6.8	0.008396925073989873
6.9	0.008501530804964305
7.0	0.008151852149531675
7.1	0.007777706220440693
7.2	0.007298920568136713
7.300000000000001	0.006018775299715865
7.4	0.0040658557886891255
7.5	0.0020084182233475463
7.6	6.720246616981627E-4
7.7	1.2088859769107115E-4
7.800000000000001	0.0
7.9	0.0
8.0	0.0
8.1	0.0
8.2	0.0
8.3	0.0
8.4	0.0
8.5	0.0
8.6	0.0
8.7	0.0
8.8	0.0
8.9	0.0
9.0	0.0
#Run 87
5.0	0.0
5.1	0.0
5.2	0.0
5.3	0.0
5.4	0.0
5.5	0.0
5.6	0.0
5.7	0.0
5.8	0.0
5.9	0.0
6.0	0.0
6.1	0.0
6.2	2.1047933857437997E-4
6.3	7.456141838095252E-4
6.4	0.0014502064335413668
6.5	0.0023849565206199115
6.6	0.0041625317242956076
6.7	0.0062238524118242945
6.8	0.00729036900644113
6.9	0.006862346974842802
7.0	0.006030962618864186
7.1	0.005222870995060694
7.2	0.004683035082659118
7.300000000000001	0.0042094560205949766
7.4	0.003514102078710329
7.5	0.0023009375786195814
7.6	0.0011451789832579975
7.7	5.312475191273847E-4
7.800000000000001	3.131707675493306E-4
7.9	1.6805299285356062E-4
8.0	4.796193319785902E-5
8.1	0.0
8.2	0.0
8.3	0.0
8.4	0.0
8.5	0.0
8.6	0.0
8.7	0.0
8.8	0.0
8.9	0.0
9.0	0.0
#Run 88
5.0	0.0
5.1	0.0
5.2	0.0
5.3	0.0
5.4	0.0
5.5	0.0
5.6	0.0
5.7	0.0
5.8	0.0
5.9	0.0
6.0	0.0
6.1	0.0
6.2	2.1047933857437997E-4
6.3	7.456141838095252E-4
6.4	0.0014502064335413668
6.5	0.0024613160679565703
6.6	0.004413355368310796
6.7	0.006825257011231759
6.8	0.008396925073989873
6.9	0.008501530804964305
7.0	0.008151852149531675
7.1	0.007777706220440693
7.2	0.007298920568136713
7.300000000000001	0.006018775299715865
7.4	0.0040658557886891255
7.5	0.0020084182233475463
7.6	6.720246616981627E-4
7.7	1.2088859769107115E-4
7.800000000000001	0.0
7.9	0.0
8.0	0.0
8.1	0.0
8.2	0.0
8.3	0.0
8.4	0.0
8.5	0.0
8.6	0.0
8.7	0.0
8.8	0.0
8.9	0.0
9.0	0.0
#Run 89
5.0	0.0
5.1	0.0
5.2	0.0
5.3	0.0
5.4	0.0
5.5	0.0
5.6	0.0
5.7	0.0
5.8	0.0
5.9	0.0
6.0	4.1996149233703686E-4
6.1	0.0016435399523871336
6.2	0.0038061643293994074
6.3	0.007351317243575169
6.4	0.012469284138093407
6.5	0.016444940111960037
6.6	0.016622114436494178
6.7	0.013704455933939139
6.8	0.010778661471316018
6.9	0.008217949608184538
7.0	0.0062675130671975155
7.1	0.00518622119619611
7.2	0.004900607164645644
7.300000000000001	0.0041253045290869
7.4	0.002807333285265718
7.5	0.001509301782332449
7.6	6.799185160125667E-4
7.7	3.273919349088029E-4
7.800000000000001	2.1704937839076013E-4
7.9	1.6830256321689947E-4
8.0	9.622474418045586E-5
8.1	3.395444841833788E-5
8.2	0.0
8.3	0.0
8.4	0.0
8.5	0.0
8.6	0.0
8.7	0.0
8.8	0.0
8.9	0.0
9.0	0.0
#Run 90
5.0	0.0
5.1	0.0
5.2	0.0
5.3	0.0
5.4	0.0
5.5	0.0
5.6	0.0
5.7	0.0
5.8	0.0
5.9	0.0
6.0	4.1996149233703686E-4
6.1	0.0016435399523871336
6.2	0.0038061643293994074
6.3	0.007578716239379525
6.4	0.013255219722709155
6.5	0.018295375563601998
6.6	0.019602565086232742
6.7	0.017183728235567387
6.8	0.013700181419493125
6.9	0.010812207050232937
7.0	0.009326005055034656
7.1	0.008554481666632148
7.2	0.007267070568927876
7.300000000000001	0.005061265970678502
7.4	0.002774125181641788
7.5	0.0011417408567316902
7.6	2.626680246375631E-4
7.7	1.8999628930764926E-5
7.800000000000001	0.0
7.9	0.0
8.0	0.0
8.1	0.0
8.2	0.0
8.3	0.0
8.4	0.0
8.5	0.0
8.6	0.0
8.7	0.0
8.8	0.0
8.9	0.0
9.0	0.0
#Run 91
5.0	0.0
5.1	0.0
5.2	0.0
5.3	0.0
5.4	0.0
5.5	0.0
5.6	0.0
5.7	0.0
5.8	0.0
5.9	0.0
6.0	4.1996149233703686E-4
6.1	0.0016435399523871336
6.2	0.0038061643293994074
6.3	0.007351317243575169
6.4	0.012469284138093407
6.5	0.016444940111960037
6.6	0.016622114436494178
6.7	0.013704455933939139
6.8	0.010778661471316018
6.9	0.008217949608184538
7.0	0.0062675130671975155
7.1	0.00518622119619611
7.2	0.004900607164645644
7.300000000000001	0.0041253045290869
7.4	0.002807333285265718
7.5	0.001509301782332449
7.6	6.799185160125667E-4
7.7	3.273919349088029E-4
7.800000000000001	2.1704937839076013E-4
7.9	1.6830256321689947E-4
8.0	9.622474418045586E-5
8.1	3.395444841833788E-5
8.2	0.0
8.3	0.0
8.4	0.0
8.5	0.0
8.6	0.0
8.7	0.0
8.8	0.0
8.9	0.0
9.0	0.0
#Run 92
5.0	0.0
5.1	0.0
5.2	0.0
5.3	0.0
5.4	0.0
5.5	0.0
5.6	0.0
5.7	0.0
5.8	0.0
5.9	0.0
6.0	4.1996149233703686E-4
6.1	0.0016435399523871336
6.2	0.0038061643293994074
6.3	0.007578716239379525
6.4	0.013255219722709155
6.5	0.018295375563601998
6.6	0.019602565086232742
6.7	0.017183728235567387
6.8	0.013700181419493125
6.9	0.010812207050232937
7.0	0.009326005055034656
7.1	0.008554481666632148
7.2	0.007267070568927876
7.300000000000001	0.005061265970678502
7.4	0.002774125181641788
7.5	0.0011417408567316902
7.6	2.626680246375631E-4
7.7	1.8999628930764926E-5
7.800000000000001	0.0
7.9	0.0
8.0	0.0
8.1	0.0
8.2	0.0
8.3	0.0
8.4	0.0
8.5	0.0
8.6	0.0
8.7	0.0
8.8	0.0
8.9	0.0
9.0	0.0
#Run 93
5.0	0.0
5.1	0.0
5.2	0.0
5.3	0.0
5.4	0.0
5.5	0.0
5.6	0.0
5.7	0.0
5.8	0.0
5.9	0.0
6.0	4.1996149233703686E-4
6.1	0.0016435399523871336
6.2	0.0038061643293994074
6.3	0.007351317243575169
6.4	0.012469284138093407
6.5	0.016444940111960037
6.6	0.016622114436494178
6.7	0.013704455933939139
6.8	0.010778661471316018
6.9	0.008217949608184538
7.0	0.0062675130671975155
7.1	0.00518622119619611
7.2	0.004900607164645644
7.300000000000001	0.0041253045290869
7.4	0.002807333285265718
7.5	0.001509301782332449
7.6	6.799185160125667E-4
7.7	3.273919349088029E-4
7.800000000000001	2.1704937839076013E-4
7.9	1.6830256321689947E-4
8.0	9.622474418045586E-5
8.1	3.395444841833788E-5
8.2	0.0
8.3	0.0
8.4	0.0
8.5	0.0
8.6	0.0
8.7	0.0
8.8	0.0
8.9	0.0
9.0	0.0
#Run 94
5.0	0.0
5.1	0.0
5.2	0.0
5.3	0.0
5.4	0.0
5.5	0.0
5.6	0.0
5.7	0.0
5.8	0.0
5.9	0.0
6.0	4.1996149233703686E-4
6.1	0.0016435399523871336
6.2	0.0038061643293994074
6.3	0.007578716239379525
6.4	0.013255219722709155
6.5	0.018295375563601998
6.6	0.019602565086232742
6.7	0.017183728235567387
6.8	0.013700181419493125
6.9	0.010812207050232937
7.0	0.009326005055034656
7.1	0.008554481666632148
7.2	0.007267070568927876
7.300000000000001	0.005061265970678502
7.4	0.002774125181641788
7.5	0.0011417408567316902
7.6	2.626680246375631E-4
7.7	1.8999628930764926E-5
7.800000000000001	0.0
7.9	0.0
8.0	0.0
8.1	0.0
8.2	0.0
8.3	0.0
8.4	0.0
8.5	0.0
8.6	0.0
8.7	0.0
8.8	0.0
8.9	0.0
9.0	0.0
#Run 95
5.0	0.0
5.1	0.0
5.2	0.0
5.3	0.0
5.4	0.0
5.5	0.0
5.6	0.0
5.7	0.0
5.8	0.0
5.9	0.0
6.0	4.1996149233703686E-4
6.1	0.0016435399523871336
6.2	0.0038061643293994074
6.3	0.007351317243575169
6.4	0.012469284138093407
6.5	0.016444940111960037
6.6	0.016622114436494178
6.7	0.013704455933939139
6.8	0.010778661471316018
6.9	0.008217949608184538
7.0	0.0062675130671975155
7.1	0.00518622119619611
7.2	0.004900607164645644
7.300000000000001	0.0041253045290869
7.4	0.002807333285265718
7.5	0.001509301782332449
7.6	6.799185160125667E-4
7.7	3.273919349088029E-4
7.800000000000001	2.1704937839076013E-4
7.9	1.6830256321689947E-4
8.0	9.622474418045586E-5
8.1	3.395444841833788E-5
8.2	0.0
8.3	0.0
8.4	0.0
8.5	0.0
8.6	0.0
8.7	0.0
8.8	0.0
8.9	0.0
9.0	0.0
#Run 96
5.0	0.0
5.1	0.0
5.2	0.0
5.3	0.0
5.4	0.0
5.5	0.0
5.6	0.0
5.7	0.0
5.8	0.0
5.9	0.0
6.0	4.1996149233703686E-4
6.1	0.0016435399523871336
6.2	0.0038061643293994074
6.3	0.007578716239379525
6.4	0.013255219722709155
6.5	0.018295375563601998
6.6	0.019602565086232742
6.7	0.017183728235567387
6.8	0.013700181419493125
6.9	0.010812207050232937
7.0	0.009326005055034656
7.1	0.008554481666632148
7.2	0.007267070568927876
7.300000000000001	0.005061265970678502
7.4	0.002774125181641788
7.5	0.0011417408567316902
7.6	2.626680246375631E-4
7.7	1.8999628930764926E-5
7.800000000000001	0.0
7.9	0.0
8.0	0.0
8.1	0.0
8.2	0.0
8.3	0.0
8.4	0.0
8.5	0.0
8.6	0.0
8.7	0.0
8.8	0.0
8.9	0.0
9.0	0.0
