#Run 1
5.0	0.0
5.1	0.0
5.2	0.0
5.3	0.0
5.4	0.0
5.5	0.0
5.6	0.0
5.7	0.0
5.8	1.573880212656553E-5
5.9	7.63002409146912E-5
6.0	2.1339564212500992E-4
6.1	4.3557656545701364E-4
6.2	5.82427236324147E-4
6.3	6.231420031054657E-4
6.4	6.555968817552361E-4
6.5	0.0030230123898464393
6.6	0.0038190466221195464
6.7	0.003329955967933933
6.8	0.00291308230157401
6.9	0.0027310830703570605
7.0	0.0022767096861667606
7.1	0.0016572288990575402
7.2	0.0011982402325192508
7.300000000000001	7.16456280337744E-4
7.4	3.7940965849140646E-4
7.5	1.7158627202317533E-4
7.6	4.807107466707876E-5
7.7	1.1987831386893473E-5
7.800000000000001	0.0
7.9	0.0
8.0	0.0
8.1	0.0
8.2	0.0
8.3	0.0
8.4	0.0
8.5	0.0
8.6	0.0
8.7	0.0
8.8	0.0
8.9	0.0
9.0	0.0
#Run 2
5.0	0.0
5.1	0.0
5.2	0.0
5.3	0.0
5.4	0.0
5.5	0.0
5.6	0.0
5.7	0.0
5.8	1.573880212656553E-5
5.9	7.63002409146912E-5
6.0	2.1339564212500992E-4
6.1	4.3557656545701364E-4
6.2	5.82427236324147E-4
6.3	6.231420031054657E-4
6.4	6.555968817552361E-4
6.5	0.0030230123898464393
6.6	0.0038190466221195464
6.7	0.003329955967933933
6.8	0.00291308230157401
6.9	0.0027310830703570605
7.0	0.0022767096861667606
7.1	0.0016572288990575402
7.2	0.0011982402325192508
7.300000000000001	7.16456280337744E-4
7.4	3.7940965849140646E-4
7.5	1.7158627202317533E-4
7.6	4.807107466707876E-5
7.7	1.1987831386893473E-5
7.800000000000001	0.0
7.9	0.0
8.0	0.0
8.1	0.0
8.2	0.0
8.3	0.0
8.4	0.0
8.5	0.0
8.6	0.0
8.7	0.0
8.8	0.0
8.9	0.0
9.0	0.0
#Run 3
5.0	0.0
5.1	0.0
5.2	0.0
5.3	0.0
5.4	0.0
5.5	0.0
5.6	0.0
5.7	0.0
5.8	1.573880212656553E-5
5.9	7.63002409146912E-5
6.0	2.1339564212500992E-4
6.1	4.3557656545701364E-4
6.2	5.82427236324147E-4
6.3	6.231420031054657E-4
6.4	6.555968817552361E-4
6.5	0.0030230123898464393
6.6	0.0038190466221195464
6.7	0.003329955967933933
6.8	0.00291308230157401
6.9	0.0027310830703570605
7.0	0.0022767096861667606
7.1	0.0016572288990575402
7.2	0.0011982402325192508
7.300000000000001	7.16456280337744E-4
7.4	3.7940965849140646E-4
7.5	1.7158627202317533E-4
7.6	4.807107466707876E-5
7.7	1.1987831386893473E-5
7.800000000000001	0.0
7.9	0.0
8.0	0.0
8.1	0.0
8.2	0.0
8.3	0.0
8.4	0.0
8.5	0.0
8.6	0.0
8.7	0.0
8.8	0.0
8.9	0.0
9.0	0.0
#Run 4
5.0	0.0
5.1	0.0
5.2	0.0
5.3	0.0
5.4	0.0
5.5	0.0
5.6	0.0
5.7	0.0
5.8	1.573880212656553E-5
5.9	7.63002409146912E-5
6.0	2.1339564212500992E-4
6.1	4.3557656545701364E-4
6.2	5.82427236324147E-4
6.3	6.231420031054657E-4
6.4	6.555968817552361E-4
6.5	0.0030230123898464393
6.6	0.0038190466221195464
6.7	0.003329955967933933
6.8	0.00291308230157401
6.9	0.0027310830703570605
7.0	0.0022767096861667606
7.1	0.0016572288990575402
7.2	0.0011982402325192508
7.300000000000001	7.16456280337744E-4
7.4	3.7940965849140646E-4
7.5	1.7158627202317533E-4
7.6	4.807107466707876E-5
7.7	1.1987831386893473E-5
7.800000000000001	0.0
7.9	0.0
8.0	0.0
8.1	0.0
8.2	0.0
8.3	0.0
8.4	0.0
8.5	0.0
8.6	0.0
8.7	0.0
8.8	0.0
8.9	0.0
9.0	0.0
#Run 5
5.0	0.0
5.1	0.0
5.2	0.0
5.3	0.0
5.4	0.0
5.5	0.0
5.6	0.0
5.7	0.0
5.8	1.573880212656553E-5
5.9	7.63002409146912E-5
6.0	2.1339564212500992E-4
6.1	4.3557656545701364E-4
6.2	5.82427236324147E-4
6.3	6.231420031054657E-4
6.4	6.555968817552361E-4
6.5	0.0030230123898464393
6.6	0.0038190466221195464
6.7	0.003329955967933933
6.8	0.00291308230157401
6.9	0.0027310830703570605
7.0	0.0022767096861667606
7.1	0.0016572288990575402
7.2	0.0011982402325192508
7.300000000000001	7.16456280337744E-4
7.4	3.7940965849140646E-4
7.5	1.7158627202317533E-4
7.6	4.807107466707876E-5
7.7	1.1987831386893473E-5
7.800000000000001	0.0
7.9	0.0
8.0	0.0
8.1	0.0
8.2	0.0
8.3	0.0
8.4	0.0
8.5	0.0
8.6	0.0
8.7	0.0
8.8	0.0
8.9	0.0
9.0	0.0
#Run 6
5.0	0.0
5.1	0.0
5.2	0.0
5.3	0.0
5.4	0.0
5.5	0.0
5.6	0.0
5.7	0.0
5.8	1.573880212656553E-5
5.9	7.63002409146912E-5
6.0	2.1339564212500992E-4
6.1	4.3557656545701364E-4
6.2	5.82427236324147E-4
6.3	6.231420031054657E-4
6.4	6.555968817552361E-4
6.5	0.0030230123898464393
6.6	0.0038190466221195464
6.7	0.003329955967933933
6.8	0.00291308230157401
6.9	0.0027310830703570605
7.0	0.0022767096861667606
7.1	0.0016572288990575402
7.2	0.0011982402325192508
7.300000000000001	7.16456280337744E-4
7.4	3.7940965849140646E-4
7.5	1.7158627202317533E-4
7.6	4.807107466707876E-5
7.7	1.1987831386893473E-5
7.800000000000001	0.0
7.9	0.0
8.0	0.0
8.1	0.0
8.2	0.0
8.3	0.0
8.4	0.0
8.5	0.0
8.6	0.0
8.7	0.0
8.8	0.0
8.9	0.0
9.0	0.0
#Run 7
5.0	0.0
5.1	0.0
5.2	0.0
5.3	0.0
5.4	0.0
5.5	0.0
5.6	0.0
5.7	0.0
5.8	1.573880212656553E-5
5.9	7.63002409146912E-5
6.0	2.1339564212500992E-4
6.1	4.3557656545701364E-4
6.2	5.82427236324147E-4
6.3	6.231420031054657E-4
6.4	6.555968817552361E-4
6.5	0.0030230123898464393
6.6	0.0038190466221195464
6.7	0.003329955967933933
6.8	0.00291308230157401
6.9	0.0027310830703570605
7.0	0.0022767096861667606
7.1	0.0016572288990575402
7.2	0.0011982402325192508
7.300000000000001	7.16456280337744E-4
7.4	3.7940965849140646E-4
7.5	1.7158627202317533E-4
7.6	4.807107466707876E-5
7.7	1.1987831386893473E-5
7.800000000000001	0.0
7.9	0.0
8.0	0.0
8.1	0.0
8.2	0.0
8.3	0.0
8.4	0.0
8.5	0.0
8.6	0.0
8.7	0.0
8.8	0.0
8.9	0.0
9.0	0.0
#Run 8
5.0	0.0
5.1	0.0
5.2	0.0
5.3	0.0
5.4	0.0
5.5	0.0
5.6	0.0
5.7	0.0
5.8	1.573880212656553E-5
5.9	7.63002409146912E-5
6.0	2.1339564212500992E-4
6.1	4.3557656545701364E-4
6.2	5.82427236324147E-4
6.3	6.231420031054657E-4
6.4	6.555968817552361E-4
6.5	0.0030230123898464393
6.6	0.0038190466221195464
6.7	0.003329955967933933
6.8	0.00291308230157401
6.9	0.0027310830703570605
7.0	0.0022767096861667606
7.1	0.0016572288990575402
7.2	0.0011982402325192508
7.300000000000001	7.16456280337744E-4
7.4	3.7940965849140646E-4
7.5	1.7158627202317533E-4
7.6	4.807107466707876E-5
7.7	1.1987831386893473E-5
7.800000000000001	0.0
7.9	0.0
8.0	0.0
8.1	0.0
8.2	0.0
8.3	0.0
8.4	0.0
8.5	0.0
8.6	0.0
8.7	0.0
8.8	0.0
8.9	0.0
9.0	0.0
#Run 9
5.0	0.0
5.1	0.0
5.2	0.0
5.3	0.0
5.4	0.0
5.5	0.0
5.6	0.0
5.7	0.0
5.8	1.573880212656553E-5
5.9	7.63002409146912E-5
6.0	2.1339564212500992E-4
6.1	4.3557656545701364E-4
6.2	5.82427236324147E-4
6.3	6.231420031054657E-4
6.4	6.555968817552361E-4
6.5	0.0030230123898464393
6.6	0.0038190466221195464
6.7	0.003329955967933933
6.8	0.00291308230157401
6.9	0.0027310830703570605
7.0	0.0022767096861667606
7.1	0.0016572288990575402
7.2	0.0011982402325192508
7.300000000000001	7.16456280337744E-4
7.4	3.7940965849140646E-4
7.5	1.7158627202317533E-4
7.6	4.807107466707876E-5
7.7	1.1987831386893473E-5
7.800000000000001	0.0
7.9	0.0
8.0	0.0
8.1	0.0
8.2	0.0
8.3	0.0
8.4	0.0
8.5	0.0
8.6	0.0
8.7	0.0
8.8	0.0
8.9	0.0
9.0	0.0
#Run 10
5.0	0.0
5.1	0.0
5.2	0.0
5.3	0.0
5.4	0.0
5.5	0.0
5.6	0.0
5.7	0.0
5.8	1.573880212656553E-5
5.9	7.63002409146912E-5
6.0	2.1339564212500992E-4
6.1	4.3557656545701364E-4
6.2	5.82427236324147E-4
6.3	6.231420031054657E-4
6.4	6.555968817552361E-4
6.5	0.0030230123898464393
6.6	0.0038190466221195464
6.7	0.003329955967933933
6.8	0.00291308230157401
6.9	0.0027310830703570605
7.0	0.0022767096861667606
7.1	0.0016572288990575402
7.2	0.0011982402325192508
7.300000000000001	7.16456280337744E-4
7.4	3.7940965849140646E-4
7.5	1.7158627202317533E-4
7.6	4.807107466707876E-5
7.7	1.1987831386893473E-5
7.800000000000001	0.0
7.9	0.0
8.0	0.0
8.1	0.0
8.2	0.0
8.3	0.0
8.4	0.0
8.5	0.0
8.6	0.0
8.7	0.0
8.8	0.0
8.9	0.0
9.0	0.0
#Run 11
5.0	0.0
5.1	0.0
5.2	0.0
5.3	0.0
5.4	0.0
5.5	0.0
5.6	0.0
5.7	0.0
5.8	1.573880212656553E-5
5.9	7.63002409146912E-5
6.0	2.1339564212500992E-4
6.1	4.3557656545701364E-4
6.2	5.82427236324147E-4
6.3	6.231420031054657E-4
6.4	6.555968817552361E-4
6.5	0.0030230123898464393
6.6	0.0038190466221195464
6.7	0.003329955967933933
6.8	0.00291308230157401
6.9	0.0027310830703570605
7.0	0.0022767096861667606
7.1	0.0016572288990575402
7.2	0.0011982402325192508
7.300000000000001	7.16456280337744E-4
7.4	3.7940965849140646E-4
7.5	1.7158627202317533E-4
7.6	4.807107466707876E-5
7.7	1.1987831386893473E-5
7.800000000000001	0.0
7.9	0.0
8.0	0.0
8.1	0.0
8.2	0.0
8.3	0.0
8.4	0.0
8.5	0.0
8.6	0.0
8.7	0.0
8.8	0.0
8.9	0.0
9.0	0.0
#Run 12
5.0	0.0
5.1	0.0
5.2	0.0
5.3	0.0
5.4	0.0
5.5	0.0
5.6	0.0
5.7	0.0
5.8	1.573880212656553E-5
5.9	7.63002409146912E-5
6.0	2.1339564212500992E-4
6.1	4.3557656545701364E-4
6.2	5.82427236324147E-4
6.3	6.231420031054657E-4
6.4	6.555968817552361E-4
6.5	0.0030230123898464393
6.6	0.0038190466221195464
6.7	0.003329955967933933
6.8	0.00291308230157401
6.9	0.0027310830703570605
7.0	0.0022767096861667606
7.1	0.0016572288990575402
7.2	0.0011982402325192508
7.300000000000001	7.16456280337744E-4
7.4	3.7940965849140646E-4
7.5	1.7158627202317533E-4
7.6	4.807107466707876E-5
7.7	1.1987831386893473E-5
7.800000000000001	0.0
7.9	0.0
8.0	0.0
8.1	0.0
8.2	0.0
8.3	0.0
8.4	0.0
8.5	0.0
8.6	0.0
8.7	0.0
8.8	0.0
8.9	0.0
9.0	0.0
#Run 13
5.0	0.0
5.1	0.0
5.2	0.0
5.3	0.0
5.4	0.0
5.5	0.0
5.6	0.0
5.7	0.0
5.8	1.573880212656553E-5
5.9	7.63002409146912E-5
6.0	2.1339564212500992E-4
6.1	4.3557656545701364E-4
6.2	5.82427236324147E-4
6.3	6.231420031054657E-4
6.4	6.555968817552361E-4
6.5	0.0030230123898464393
6.6	0.0038190466221195464
6.7	0.003329955967933933
6.8	0.00291308230157401
6.9	0.0027310830703570605
7.0	0.0022767096861667606
7.1	0.0016572288990575402
7.2	0.0011982402325192508
7.300000000000001	7.16456280337744E-4
7.4	3.7940965849140646E-4
7.5	1.7158627202317533E-4
7.6	4.807107466707876E-5
7.7	1.1987831386893473E-5
7.800000000000001	0.0
7.9	0.0
8.0	0.0
8.1	0.0
8.2	0.0
8.3	0.0
8.4	0.0
8.5	0.0
8.6	0.0
8.7	0.0
8.8	0.0
8.9	0.0
9.0	0.0
#Run 14
5.0	0.0
5.1	0.0
5.2	0.0
5.3	0.0
5.4	0.0
5.5	0.0
5.6	0.0
5.7	0.0
5.8	1.573880212656553E-5
5.9	7.63002409146912E-5
6.0	2.1339564212500992E-4
6.1	4.3557656545701364E-4
6.2	5.82427236324147E-4
6.3	6.231420031054657E-4
6.4	6.555968817552361E-4
6.5	0.0030230123898464393
6.6	0.0038190466221195464
6.7	0.003329955967933933
6.8	0.00291308230157401
6.9	0.0027310830703570605
7.0	0.0022767096861667606
7.1	0.0016572288990575402
7.2	0.0011982402325192508
7.300000000000001	7.16456280337744E-4
7.4	3.7940965849140646E-4
7.5	1.7158627202317533E-4
7.6	4.807107466707876E-5
7.7	1.1987831386893473E-5
7.800000000000001	0.0
7.9	0.0
8.0	0.0
8.1	0.0
8.2	0.0
8.3	0.0
8.4	0.0
8.5	0.0
8.6	0.0
8.7	0.0
8.8	0.0
8.9	0.0
9.0	0.0
#Run 15
5.0	0.0
5.1	0.0
5.2	0.0
5.3	0.0
5.4	0.0
5.5	0.0
5.6	0.0
5.7	0.0
5.8	1.573880212656553E-5
5.9	7.63002409146912E-5
6.0	2.1339564212500992E-4
6.1	4.3557656545701364E-4
6.2	5.82427236324147E-4
6.3	6.231420031054657E-4
6.4	6.555968817552361E-4
6.5	0.0030230123898464393
6.6	0.0038190466221195464
6.7	0.003329955967933933
6.8	0.00291308230157401
6.9	0.0027310830703570605
7.0	0.0022767096861667606
7.1	0.0016572288990575402
7.2	0.0011982402325192508
7.300000000000001	7.16456280337744E-4
7.4	3.7940965849140646E-4
7.5	1.7158627202317533E-4
7.6	4.807107466707876E-5
7.7	1.1987831386893473E-5
7.800000000000001	0.0
7.9	0.0
8.0	0.0
8.1	0.0
8.2	0.0
8.3	0.0
8.4	0.0
8.5	0.0
8.6	0.0
8.7	0.0
8.8	0.0
8.9	0.0
9.0	0.0
#Run 16
5.0	0.0
5.1	0.0
5.2	0.0
5.3	0.0
5.4	0.0
5.5	0.0
5.6	0.0
5.7	0.0
5.8	1.573880212656553E-5
5.9	7.63002409146912E-5
6.0	2.1339564212500992E-4
6.1	4.3557656545701364E-4
6.2	5.82427236324147E-4
6.3	6.231420031054657E-4
6.4	6.555968817552361E-4
6.5	0.0030230123898464393
6.6	0.0038190466221195464
6.7	0.003329955967933933
6.8	0.00291308230157401
6.9	0.0027310830703570605
7.0	0.0022767096861667606
7.1	0.0016572288990575402
7.2	0.0011982402325192508
7.300000000000001	7.16456280337744E-4
7.4	3.7940965849140646E-4
7.5	1.7158627202317533E-4
7.6	4.807107466707876E-5
7.7	1.1987831386893473E-5
7.800000000000001	0.0
7.9	0.0
8.0	0.0
8.1	0.0
8.2	0.0
8.3	0.0
8.4	0.0
8.5	0.0
8.6	0.0
8.7	0.0
8.8	0.0
8.9	0.0
9.0	0.0
#Run 17
5.0	0.0
5.1	0.0
5.2	0.0
5.3	0.0
5.4	0.0
5.5	0.0
5.6	0.0
5.7	0.0
5.8	1.573880212656553E-5
5.9	7.63002409146912E-5
6.0	2.1339564212500992E-4
6.1	4.3557656545701364E-4
6.2	5.82427236324147E-4
6.3	6.231420031054657E-4
6.4	6.555968817552361E-4
6.5	0.0030230123898464393
6.6	0.0038190466221195464
6.7	0.003329955967933933
6.8	0.00291308230157401
6.9	0.0027310830703570605
7.0	0.0022767096861667606
7.1	0.0016572288990575402
7.2	0.0011982402325192508
7.300000000000001	7.16456280337744E-4
7.4	3.7940965849140646E-4
7.5	1.7158627202317533E-4
7.6	4.807107466707876E-5
7.7	1.1987831386893473E-5
7.800000000000001	0.0
7.9	0.0
8.0	0.0
8.1	0.0
8.2	0.0
8.3	0.0
8.4	0.0
8.5	0.0
8.6	0.0
8.7	0.0
8.8	0.0
8.9	0.0
9.0	0.0
#Run 18
5.0	0.0
5.1	0.0
5.2	0.0
5.3	0.0
5.4	0.0
5.5	0.0
5.6	0.0
5.7	0.0
5.8	1.573880212656553E-5
5.9	7.63002409146912E-5
6.0	2.1339564212500992E-4
6.1	4.3557656545701364E-4
6.2	5.82427236324147E-4
6.3	6.231420031054657E-4
6.4	6.555968817552361E-4
6.5	0.0030230123898464393
6.6	0.0038190466221195464
6.7	0.003329955967933933
6.8	0.00291308230157401
6.9	0.0027310830703570605
7.0	0.0022767096861667606
7.1	0.0016572288990575402
7.2	0.0011982402325192508
7.300000000000001	7.16456280337744E-4
7.4	3.7940965849140646E-4
7.5	1.7158627202317533E-4
7.6	4.807107466707876E-5
7.7	1.1987831386893473E-5
7.800000000000001	0.0
7.9	0.0
8.0	0.0
8.1	0.0
8.2	0.0
8.3	0.0
8.4	0.0
8.5	0.0
8.6	0.0
8.7	0.0
8.8	0.0
8.9	0.0
9.0	0.0
#Run 19
5.0	0.0
5.1	0.0
5.2	0.0
5.3	0.0
5.4	0.0
5.5	0.0
5.6	0.0
5.7	0.0
5.8	1.573880212656553E-5
5.9	7.63002409146912E-5
6.0	2.1339564212500992E-4
6.1	4.3557656545701364E-4
6.2	5.82427236324147E-4
6.3	6.231420031054657E-4
6.4	6.555968817552361E-4
6.5	0.0030230123898464393
6.6	0.0038190466221195464
6.7	0.003329955967933933
6.8	0.00291308230157401
6.9	0.0027310830703570605
7.0	0.0022767096861667606
7.1	0.0016572288990575402
7.2	0.0011982402325192508
7.300000000000001	7.16456280337744E-4
7.4	3.7940965849140646E-4
7.5	1.7158627202317533E-4
7.6	4.807107466707876E-5
7.7	1.1987831386893473E-5
7.800000000000001	0.0
7.9	0.0
8.0	0.0
8.1	0.0
8.2	0.0
8.3	0.0
8.4	0.0
8.5	0.0
8.6	0.0
8.7	0.0
8.8	0.0
8.9	0.0
9.0	0.0
#Run 20
5.0	0.0
5.1	0.0
5.2	0.0
5.3	0.0
5.4	0.0
5.5	0.0
5.6	0.0
5.7	0.0
5.8	1.573880212656553E-5
5.9	7.63002409146912E-5
6.0	2.1339564212500992E-4
6.1	4.3557656545701364E-4
6.2	5.82427236324147E-4
6.3	6.231420031054657E-4
6.4	6.555968817552361E-4
6.5	0.0030230123898464393
6.6	0.0038190466221195464
6.7	0.003329955967933933
6.8	0.00291308230157401
6.9	0.0027310830703570605
7.0	0.0022767096861667606
7.1	0.0016572288990575402
7.2	0.0011982402325192508
7.300000000000001	7.16456280337744E-4
7.4	3.7940965849140646E-4
7.5	1.7158627202317533E-4
7.6	4.807107466707876E-5
7.7	1.1987831386893473E-5
7.800000000000001	0.0
7.9	0.0
8.0	0.0
8.1	0.0
8.2	0.0
8.3	0.0
8.4	0.0
8.5	0.0
8.6	0.0
8.7	0.0
8.8	0.0
8.9	0.0
9.0	0.0
#Run 21
5.0	0.0
5.1	0.0
5.2	0.0
5.3	0.0
5.4	0.0
5.5	0.0
5.6	0.0
5.7	0.0
5.8	1.573880212656553E-5
5.9	7.63002409146912E-5
6.0	2.1339564212500992E-4
6.1	4.3557656545701364E-4
6.2	5.82427236324147E-4
6.3	6.231420031054657E-4
6.4	6.555968817552361E-4
6.5	0.0030230123898464393
6.6	0.0038190466221195464
6.7	0.003329955967933933
6.8	0.00291308230157401
6.9	0.0027310830703570605
7.0	0.0022767096861667606
7.1	0.0016572288990575402
7.2	0.0011982402325192508
7.300000000000001	7.16456280337744E-4
7.4	3.7940965849140646E-4
7.5	1.7158627202317533E-4
7.6	4.807107466707876E-5
7.7	1.1987831386893473E-5
7.800000000000001	0.0
7.9	0.0
8.0	0.0
8.1	0.0
8.2	0.0
8.3	0.0
8.4	0.0
8.5	0.0
8.6	0.0
8.7	0.0
8.8	0.0
8.9	0.0
9.0	0.0
#Run 22
5.0	0.0
5.1	0.0
5.2	0.0
5.3	0.0
5.4	0.0
5.5	0.0
5.6	0.0
5.7	0.0
5.8	1.573880212656553E-5
5.9	7.63002409146912E-5
6.0	2.1339564212500992E-4
6.1	4.3557656545701364E-4
6.2	5.82427236324147E-4
6.3	6.231420031054657E-4
6.4	6.555968817552361E-4
6.5	0.0030230123898464393
6.6	0.0038190466221195464
6.7	0.003329955967933933
6.8	0.00291308230157401
6.9	0.0027310830703570605
7.0	0.0022767096861667606
7.1	0.0016572288990575402
7.2	0.0011982402325192508
7.300000000000001	7.16456280337744E-4
7.4	3.7940965849140646E-4
7.5	1.7158627202317533E-4
7.6	4.807107466707876E-5
7.7	1.1987831386893473E-5
7.800000000000001	0.0
7.9	0.0
8.0	0.0
8.1	0.0
8.2	0.0
8.3	0.0
8.4	0.0
8.5	0.0
8.6	0.0
8.7	0.0
8.8	0.0
8.9	0.0
9.0	0.0
#Run 23
5.0	0.0
5.1	0.0
5.2	0.0
5.3	0.0
5.4	0.0
5.5	0.0
5.6	0.0
5.7	0.0
5.8	1.573880212656553E-5
5.9	7.63002409146912E-5
6.0	2.1339564212500992E-4
6.1	4.3557656545701364E-4
6.2	5.82427236324147E-4
6.3	6.231420031054657E-4
6.4	6.555968817552361E-4
6.5	0.0030230123898464393
6.6	0.0038190466221195464
6.7	0.003329955967933933
6.8	0.00291308230157401
6.9	0.0027310830703570605
7.0	0.0022767096861667606
7.1	0.0016572288990575402
7.2	0.0011982402325192508
7.300000000000001	7.16456280337744E-4
7.4	3.7940965849140646E-4
7.5	1.7158627202317533E-4
7.6	4.807107466707876E-5
7.7	1.1987831386893473E-5
7.800000000000001	0.0
7.9	0.0
8.0	0.0
8.1	0.0
8.2	0.0
8.3	0.0
8.4	0.0
8.5	0.0
8.6	0.0
8.7	0.0
8.8	0.0
8.9	0.0
9.0	0.0
#Run 24
5.0	0.0
5.1	0.0
5.2	0.0
5.3	0.0
5.4	0.0
5.5	0.0
5.6	0.0
5.7	0.0
5.8	1.573880212656553E-5
5.9	7.63002409146912E-5
6.0	2.1339564212500992E-4
6.1	4.3557656545701364E-4
6.2	5.82427236324147E-4
6.3	6.231420031054657E-4
6.4	6.555968817552361E-4
6.5	0.0030230123898464393
6.6	0.0038190466221195464
6.7	0.003329955967933933
6.8	0.00291308230157401
6.9	0.0027310830703570605
7.0	0.0022767096861667606
7.1	0.0016572288990575402
7.2	0.0011982402325192508
7.300000000000001	7.16456280337744E-4
7.4	3.7940965849140646E-4
7.5	1.7158627202317533E-4
7.6	4.807107466707876E-5
7.7	1.1987831386893473E-5
7.800000000000001	0.0
7.9	0.0
8.0	0.0
8.1	0.0
8.2	0.0
8.3	0.0
8.4	0.0
8.5	0.0
8.6	0.0
8.7	0.0
8.8	0.0
8.9	0.0
9.0	0.0
#Run 25
5.0	0.0
5.1	0.0
5.2	0.0
5.3	0.0
5.4	0.0
5.5	0.0
5.6	0.0
5.7	0.0
5.8	1.573880212656553E-5
5.9	7.63002409146912E-5
6.0	2.1339564212500992E-4
6.1	4.3557656545701364E-4
6.2	5.82427236324147E-4
6.3	6.231420031054657E-4
6.4	6.555968817552361E-4
6.5	0.0030230123898464393
6.6	0.0038190466221195464
6.7	0.003329955967933933
6.8	0.00291308230157401
6.9	0.0027310830703570605
7.0	0.0022767096861667606
7.1	0.0016572288990575402
7.2	0.0011982402325192508
7.300000000000001	7.16456280337744E-4
7.4	3.7940965849140646E-4
7.5	1.7158627202317533E-4
7.6	4.807107466707876E-5
7.7	1.1987831386893473E-5
7.800000000000001	0.0
7.9	0.0
8.0	0.0
8.1	0.0
8.2	0.0
8.3	0.0
8.4	0.0
8.5	0.0
8.6	0.0
8.7	0.0
8.8	0.0
8.9	0.0
9.0	0.0
#Run 26
5.0	0.0
5.1	0.0
5.2	0.0
5.3	0.0
5.4	0.0
5.5	0.0
5.6	0.0
5.7	0.0
5.8	1.573880212656553E-5
5.9	7.63002409146912E-5
6.0	2.1339564212500992E-4
6.1	4.3557656545701364E-4
6.2	5.82427236324147E-4
6.3	6.231420031054657E-4
6.4	6.555968817552361E-4
6.5	0.0030230123898464393
6.6	0.0038190466221195464
6.7	0.003329955967933933
6.8	0.00291308230157401
6.9	0.0027310830703570605
7.0	0.0022767096861667606
7.1	0.0016572288990575402
7.2	0.0011982402325192508
7.300000000000001	7.16456280337744E-4
7.4	3.7940965849140646E-4
7.5	1.7158627202317533E-4
7.6	4.807107466707876E-5
7.7	1.1987831386893473E-5
7.800000000000001	0.0
7.9	0.0
8.0	0.0
8.1	0.0
8.2	0.0
8.3	0.0
8.4	0.0
8.5	0.0
8.6	0.0
8.7	0.0
8.8	0.0
8.9	0.0
9.0	0.0
#Run 27
5.0	0.0
5.1	0.0
5.2	0.0
5.3	0.0
5.4	0.0
5.5	0.0
5.6	0.0
5.7	0.0
5.8	1.573880212656553E-5
5.9	7.63002409146912E-5
6.0	2.1339564212500992E-4
6.1	4.3557656545701364E-4
6.2	5.82427236324147E-4
6.3	6.231420031054657E-4
6.4	6.555968817552361E-4
6.5	0.0030230123898464393
6.6	0.0038190466221195464
6.7	0.003329955967933933
6.8	0.00291308230157401
6.9	0.0027310830703570605
7.0	0.0022767096861667606
7.1	0.0016572288990575402
7.2	0.0011982402325192508
7.300000000000001	7.16456280337744E-4
7.4	3.7940965849140646E-4
7.5	1.7158627202317533E-4
7.6	4.807107466707876E-5
7.7	1.1987831386893473E-5
7.800000000000001	0.0
7.9	0.0
8.0	0.0
8.1	0.0
8.2	0.0
8.3	0.0
8.4	0.0
8.5	0.0
8.6	0.0
8.7	0.0
8.8	0.0
8.9	0.0
9.0	0.0
#Run 28
5.0	0.0
5.1	0.0
5.2	0.0
5.3	0.0
5.4	0.0
5.5	0.0
5.6	0.0
5.7	0.0
5.8	1.573880212656553E-5
5.9	7.63002409146912E-5
6.0	2.1339564212500992E-4
6.1	4.3557656545701364E-4
6.2	5.82427236324147E-4
6.3	6.231420031054657E-4
6.4	6.555968817552361E-4
6.5	0.0030230123898464393
6.6	0.0038190466221195464
6.7	0.003329955967933933
6.8	0.00291308230157401
6.9	0.0027310830703570605
7.0	0.0022767096861667606
7.1	0.0016572288990575402
7.2	0.0011982402325192508
7.300000000000001	7.16456280337744E-4
7.4	3.7940965849140646E-4
7.5	1.7158627202317533E-4
7.6	4.807107466707876E-5
7.7	1.1987831386893473E-5
7.800000000000001	0.0
7.9	0.0
8.0	0.0
8.1	0.0
8.2	0.0
8.3	0.0
8.4	0.0
8.5	0.0
8.6	0.0
8.7	0.0
8.8	0.0
8.9	0.0
9.0	0.0
#Run 29
5.0	0.0
5.1	0.0
5.2	0.0
5.3	0.0
5.4	0.0
5.5	0.0
5.6	0.0
5.7	0.0
5.8	1.573880212656553E-5
5.9	7.63002409146912E-5
6.0	2.1339564212500992E-4
6.1	4.3557656545701364E-4
6.2	5.82427236324147E-4
6.3	6.231420031054657E-4
6.4	6.555968817552361E-4
6.5	0.0030230123898464393
6.6	0.0038190466221195464
6.7	0.003329955967933933
6.8	0.00291308230157401
6.9	0.0027310830703570605
7.0	0.0022767096861667606
7.1	0.0016572288990575402
7.2	0.0011982402325192508
7.300000000000001	7.16456280337744E-4
7.4	3.7940965849140646E-4
7.5	1.7158627202317533E-4
7.6	4.807107466707876E-5
7.7	1.1987831386893473E-5
7.800000000000001	0.0
7.9	0.0
8.0	0.0
8.1	0.0
8.2	0.0
8.3	0.0
8.4	0.0
8.5	0.0
8.6	0.0
8.7	0.0
8.8	0.0
8.9	0.0
9.0	0.0
#Run 30
5.0	0.0
5.1	0.0
5.2	0.0
5.3	0.0
5.4	0.0
5.5	0.0
5.6	0.0
5.7	0.0
5.8	1.573880212656553E-5
5.9	7.63002409146912E-5
6.0	2.1339564212500992E-4
6.1	4.3557656545701364E-4
6.2	5.82427236324147E-4
6.3	6.231420031054657E-4
6.4	6.555968817552361E-4
6.5	0.0030230123898464393
6.6	0.0038190466221195464
6.7	0.003329955967933933
6.8	0.00291308230157401
6.9	0.0027310830703570605
7.0	0.0022767096861667606
7.1	0.0016572288990575402
7.2	0.0011982402325192508
7.300000000000001	7.16456280337744E-4
7.4	3.7940965849140646E-4
7.5	1.7158627202317533E-4
7.6	4.807107466707876E-5
7.7	1.1987831386893473E-5
7.800000000000001	0.0
7.9	0.0
8.0	0.0
8.1	0.0
8.2	0.0
8.3	0.0
8.4	0.0
8.5	0.0
8.6	0.0
8.7	0.0
8.8	0.0
8.9	0.0
9.0	0.0
#Run 31
5.0	0.0
5.1	0.0
5.2	0.0
5.3	0.0
5.4	0.0
5.5	0.0
5.6	0.0
5.7	0.0
5.8	1.573880212656553E-5
5.9	7.63002409146912E-5
6.0	2.1339564212500992E-4
6.1	4.3557656545701364E-4
6.2	5.82427236324147E-4
6.3	6.231420031054657E-4
6.4	6.555968817552361E-4
6.5	0.0030230123898464393
6.6	0.0038190466221195464
6.7	0.003329955967933933
6.8	0.00291308230157401
6.9	0.0027310830703570605
7.0	0.0022767096861667606
7.1	0.0016572288990575402
7.2	0.0011982402325192508
7.300000000000001	7.16456280337744E-4
7.4	3.7940965849140646E-4
7.5	1.7158627202317533E-4
7.6	4.807107466707876E-5
7.7	1.1987831386893473E-5
7.800000000000001	0.0
7.9	0.0
8.0	0.0
8.1	0.0
8.2	0.0
8.3	0.0
8.4	0.0
8.5	0.0
8.6	0.0
8.7	0.0
8.8	0.0
8.9	0.0
9.0	0.0
#Run 32
5.0	0.0
5.1	0.0
5.2	0.0
5.3	0.0
5.4	0.0
5.5	0.0
5.6	0.0
5.7	0.0
5.8	1.573880212656553E-5
5.9	7.63002409146912E-5
6.0	2.1339564212500992E-4
6.1	4.3557656545701364E-4
6.2	5.82427236324147E-4
6.3	6.231420031054657E-4
6.4	6.555968817552361E-4
6.5	0.0030230123898464393
6.6	0.0038190466221195464
6.7	0.003329955967933933
6.8	0.00291308230157401
6.9	0.0027310830703570605
7.0	0.0022767096861667606
7.1	0.0016572288990575402
7.2	0.0011982402325192508
7.300000000000001	7.16456280337744E-4
7.4	3.7940965849140646E-4
7.5	1.7158627202317533E-4
7.6	4.807107466707876E-5
7.7	1.1987831386893473E-5
7.800000000000001	0.0
7.9	0.0
8.0	0.0
8.1	0.0
8.2	0.0
8.3	0.0
8.4	0.0
8.5	0.0
8.6	0.0
8.7	0.0
8.8	0.0
8.9	0.0
9.0	0.0
#Run 33
5.0	0.0
5.1	0.0
5.2	0.0
5.3	0.0
5.4	0.0
5.5	0.0
5.6	0.0
5.7	0.0
5.8	1.573880212656553E-5
5.9	7.63002409146912E-5
6.0	2.1339564212500992E-4
6.1	4.3557656545701364E-4
6.2	5.82427236324147E-4
6.3	6.231420031054657E-4
6.4	6.555968817552361E-4
6.5	0.0030230123898464393
6.6	0.0038190466221195464
6.7	0.003329955967933933
6.8	0.00291308230157401
6.9	0.0027310830703570605
7.0	0.0022767096861667606
7.1	0.0016572288990575402
7.2	0.0011982402325192508
7.300000000000001	7.16456280337744E-4
7.4	3.7940965849140646E-4
7.5	1.7158627202317533E-4
7.6	4.807107466707876E-5
7.7	1.1987831386893473E-5
7.800000000000001	0.0
7.9	0.0
8.0	0.0
8.1	0.0
8.2	0.0
8.3	0.0
8.4	0.0
8.5	0.0
8.6	0.0
8.7	0.0
8.8	0.0
8.9	0.0
9.0	0.0
#Run 34
5.0	0.0
5.1	0.0
5.2	0.0
5.3	0.0
5.4	0.0
5.5	0.0
5.6	0.0
5.7	0.0
5.8	1.573880212656553E-5
5.9	7.63002409146912E-5
6.0	2.1339564212500992E-4
6.1	4.3557656545701364E-4
6.2	5.82427236324147E-4
6.3	6.231420031054657E-4
6.4	6.555968817552361E-4
6.5	0.0030230123898464393
6.6	0.0038190466221195464
6.7	0.003329955967933933
6.8	0.00291308230157401
6.9	0.0027310830703570605
7.0	0.0022767096861667606
7.1	0.0016572288990575402
7.2	0.0011982402325192508
7.300000000000001	7.16456280337744E-4
7.4	3.7940965849140646E-4
7.5	1.7158627202317533E-4
7.6	4.807107466707876E-5
7.7	1.1987831386893473E-5
7.800000000000001	0.0
7.9	0.0
8.0	0.0
8.1	0.0
8.2	0.0
8.3	0.0
8.4	0.0
8.5	0.0
8.6	0.0
8.7	0.0
8.8	0.0
8.9	0.0
9.0	0.0
#Run 35
5.0	0.0
5.1	0.0
5.2	0.0
5.3	0.0
5.4	0.0
5.5	0.0
5.6	0.0
5.7	0.0
5.8	1.573880212656553E-5
5.9	7.63002409146912E-5
6.0	2.1339564212500992E-4
6.1	4.3557656545701364E-4
6.2	5.82427236324147E-4
6.3	6.231420031054657E-4
6.4	6.555968817552361E-4
6.5	0.0030230123898464393
6.6	0.0038190466221195464
6.7	0.003329955967933933
6.8	0.00291308230157401
6.9	0.0027310830703570605
7.0	0.0022767096861667606
7.1	0.0016572288990575402
7.2	0.0011982402325192508
7.300000000000001	7.16456280337744E-4
7.4	3.7940965849140646E-4
7.5	1.7158627202317533E-4
7.6	4.807107466707876E-5
7.7	1.1987831386893473E-5
7.800000000000001	0.0
7.9	0.0
8.0	0.0
8.1	0.0
8.2	0.0
8.3	0.0
8.4	0.0
8.5	0.0
8.6	0.0
8.7	0.0
8.8	0.0
8.9	0.0
9.0	0.0
#Run 36
5.0	0.0
5.1	0.0
5.2	0.0
5.3	0.0
5.4	0.0
5.5	0.0
5.6	0.0
5.7	0.0
5.8	1.573880212656553E-5
5.9	7.63002409146912E-5
6.0	2.1339564212500992E-4
6.1	4.3557656545701364E-4
6.2	5.82427236324147E-4
6.3	6.231420031054657E-4
6.4	6.555968817552361E-4
6.5	0.0030230123898464393
6.6	0.0038190466221195464
6.7	0.003329955967933933
6.8	0.00291308230157401
6.9	0.0027310830703570605
7.0	0.0022767096861667606
7.1	0.0016572288990575402
7.2	0.0011982402325192508
7.300000000000001	7.16456280337744E-4
7.4	3.7940965849140646E-4
7.5	1.7158627202317533E-4
7.6	4.807107466707876E-5
7.7	1.1987831386893473E-5
7.800000000000001	0.0
7.9	0.0
8.0	0.0
8.1	0.0
8.2	0.0
8.3	0.0
8.4	0.0
8.5	0.0
8.6	0.0
8.7	0.0
8.8	0.0
8.9	0.0
9.0	0.0
#Run 37
5.0	0.0
5.1	0.0
5.2	0.0
5.3	0.0
5.4	0.0
5.5	0.0
5.6	0.0
5.7	0.0
5.8	1.573880212656553E-5
5.9	7.63002409146912E-5
6.0	2.1339564212500992E-4
6.1	4.3557656545701364E-4
6.2	5.82427236324147E-4
6.3	6.231420031054657E-4
6.4	6.555968817552361E-4
6.5	0.0030230123898464393
6.6	0.0038190466221195464
6.7	0.003329955967933933
6.8	0.00291308230157401
6.9	0.0027310830703570605
7.0	0.0022767096861667606
7.1	0.0016572288990575402
7.2	0.0011982402325192508
7.300000000000001	7.16456280337744E-4
7.4	3.7940965849140646E-4
7.5	1.7158627202317533E-4
7.6	4.807107466707876E-5
7.7	1.1987831386893473E-5
7.800000000000001	0.0
7.9	0.0
8.0	0.0
8.1	0.0
8.2	0.0
8.3	0.0
8.4	0.0
8.5	0.0
8.6	0.0
8.7	0.0
8.8	0.0
8.9	0.0
9.0	0.0
#Run 38
5.0	0.0
5.1	0.0
5.2	0.0
5.3	0.0
5.4	0.0
5.5	0.0
5.6	0.0
5.7	0.0
5.8	1.573880212656553E-5
5.9	7.63002409146912E-5
6.0	2.1339564212500992E-4
6.1	4.3557656545701364E-4
6.2	5.82427236324147E-4
6.3	6.231420031054657E-4
6.4	6.555968817552361E-4
6.5	0.0030230123898464393
6.6	0.0038190466221195464
6.7	0.003329955967933933
6.8	0.00291308230157401
6.9	0.0027310830703570605
7.0	0.0022767096861667606
7.1	0.0016572288990575402
7.2	0.0011982402325192508
7.300000000000001	7.16456280337744E-4
7.4	3.7940965849140646E-4
7.5	1.7158627202317533E-4
7.6	4.807107466707876E-5
7.7	1.1987831386893473E-5
7.800000000000001	0.0
7.9	0.0
8.0	0.0
8.1	0.0
8.2	0.0
8.3	0.0
8.4	0.0
8.5	0.0
8.6	0.0
8.7	0.0
8.8	0.0
8.9	0.0
9.0	0.0
#Run 39
5.0	0.0
5.1	0.0
5.2	0.0
5.3	0.0
5.4	0.0
5.5	0.0
5.6	0.0
5.7	0.0
5.8	1.573880212656553E-5
5.9	7.63002409146912E-5
6.0	2.1339564212500992E-4
6.1	4.3557656545701364E-4
6.2	5.82427236324147E-4
6.3	6.231420031054657E-4
6.4	6.555968817552361E-4
6.5	0.0030230123898464393
6.6	0.0038190466221195464
6.7	0.003329955967933933
6.8	0.00291308230157401
6.9	0.0027310830703570605
7.0	0.0022767096861667606
7.1	0.0016572288990575402
7.2	0.0011982402325192508
7.300000000000001	7.16456280337744E-4
7.4	3.7940965849140646E-4
7.5	1.7158627202317533E-4
7.6	4.807107466707876E-5
7.7	1.1987831386893473E-5
7.800000000000001	0.0
7.9	0.0
8.0	0.0
8.1	0.0
8.2	0.0
8.3	0.0
8.4	0.0
8.5	0.0
8.6	0.0
8.7	0.0
8.8	0.0
8.9	0.0
9.0	0.0
#Run 40
5.0	0.0
5.1	0.0
5.2	0.0
5.3	0.0
5.4	0.0
5.5	0.0
5.6	0.0
5.7	0.0
5.8	1.573880212656553E-5
5.9	7.63002409146912E-5
6.0	2.1339564212500992E-4
6.1	4.3557656545701364E-4
6.2	5.82427236324147E-4
6.3	6.231420031054657E-4
6.4	6.555968817552361E-4
6.5	0.0030230123898464393
6.6	0.0038190466221195464
6.7	0.003329955967933933
6.8	0.00291308230157401
6.9	0.0027310830703570605
7.0	0.0022767096861667606
7.1	0.0016572288990575402
7.2	0.0011982402325192508
7.300000000000001	7.16456280337744E-4
7.4	3.7940965849140646E-4
7.5	1.7158627202317533E-4
7.6	4.807107466707876E-5
7.7	1.1987831386893473E-5
7.800000000000001	0.0
7.9	0.0
8.0	0.0
8.1	0.0
8.2	0.0
8.3	0.0
8.4	0.0
8.5	0.0
8.6	0.0
8.7	0.0
8.8	0.0
8.9	0.0
9.0	0.0
#Run 41
5.0	0.0
5.1	0.0
5.2	0.0
5.3	0.0
5.4	0.0
5.5	0.0
5.6	0.0
5.7	0.0
5.8	1.573880212656553E-5
5.9	7.63002409146912E-5
6.0	2.1339564212500992E-4
6.1	4.3557656545701364E-4
6.2	5.82427236324147E-4
6.3	6.231420031054657E-4
6.4	6.555968817552361E-4
6.5	0.0030230123898464393
6.6	0.0038190466221195464
6.7	0.003329955967933933
6.8	0.00291308230157401
6.9	0.0027310830703570605
7.0	0.0022767096861667606
7.1	0.0016572288990575402
7.2	0.0011982402325192508
7.300000000000001	7.16456280337744E-4
7.4	3.7940965849140646E-4
7.5	1.7158627202317533E-4
7.6	4.807107466707876E-5
7.7	1.1987831386893473E-5
7.800000000000001	0.0
7.9	0.0
8.0	0.0
8.1	0.0
8.2	0.0
8.3	0.0
8.4	0.0
8.5	0.0
8.6	0.0
8.7	0.0
8.8	0.0
8.9	0.0
9.0	0.0
#Run 42
5.0	0.0
5.1	0.0
5.2	0.0
5.3	0.0
5.4	0.0
5.5	0.0
5.6	0.0
5.7	0.0
5.8	1.573880212656553E-5
5.9	7.63002409146912E-5
6.0	2.1339564212500992E-4
6.1	4.3557656545701364E-4
6.2	5.82427236324147E-4
6.3	6.231420031054657E-4
6.4	6.555968817552361E-4
6.5	0.0030230123898464393
6.6	0.0038190466221195464
6.7	0.003329955967933933
6.8	0.00291308230157401
6.9	0.0027310830703570605
7.0	0.0022767096861667606
7.1	0.0016572288990575402
7.2	0.0011982402325192508
7.300000000000001	7.16456280337744E-4
7.4	3.7940965849140646E-4
7.5	1.7158627202317533E-4
7.6	4.807107466707876E-5
7.7	1.1987831386893473E-5
7.800000000000001	0.0
7.9	0.0
8.0	0.0
8.1	0.0
8.2	0.0
8.3	0.0
8.4	0.0
8.5	0.0
8.6	0.0
8.7	0.0
8.8	0.0
8.9	0.0
9.0	0.0
#Run 43
5.0	0.0
5.1	0.0
5.2	0.0
5.3	0.0
5.4	0.0
5.5	0.0
5.6	0.0
5.7	0.0
5.8	1.573880212656553E-5
5.9	7.63002409146912E-5
6.0	2.1339564212500992E-4
6.1	4.3557656545701364E-4
6.2	5.82427236324147E-4
6.3	6.231420031054657E-4
6.4	6.555968817552361E-4
6.5	0.0030230123898464393
6.6	0.0038190466221195464
6.7	0.003329955967933933
6.8	0.00291308230157401
6.9	0.0027310830703570605
7.0	0.0022767096861667606
7.1	0.0016572288990575402
7.2	0.0011982402325192508
7.300000000000001	7.16456280337744E-4
7.4	3.7940965849140646E-4
7.5	1.7158627202317533E-4
7.6	4.807107466707876E-5
7.7	1.1987831386893473E-5
7.800000000000001	0.0
7.9	0.0
8.0	0.0
8.1	0.0
8.2	0.0
8.3	0.0
8.4	0.0
8.5	0.0
8.6	0.0
8.7	0.0
8.8	0.0
8.9	0.0
9.0	0.0
#Run 44
5.0	0.0
5.1	0.0
5.2	0.0
5.3	0.0
5.4	0.0
5.5	0.0
5.6	0.0
5.7	0.0
5.8	1.573880212656553E-5
5.9	7.63002409146912E-5
6.0	2.1339564212500992E-4
6.1	4.3557656545701364E-4
6.2	5.82427236324147E-4
6.3	6.231420031054657E-4
6.4	6.555968817552361E-4
6.5	0.0030230123898464393
6.6	0.0038190466221195464
6.7	0.003329955967933933
6.8	0.00291308230157401
6.9	0.0027310830703570605
7.0	0.0022767096861667606
7.1	0.0016572288990575402
7.2	0.0011982402325192508
7.300000000000001	7.16456280337744E-4
7.4	3.7940965849140646E-4
7.5	1.7158627202317533E-4
7.6	4.807107466707876E-5
7.7	1.1987831386893473E-5
7.800000000000001	0.0
7.9	0.0
8.0	0.0
8.1	0.0
8.2	0.0
8.3	0.0
8.4	0.0
8.5	0.0
8.6	0.0
8.7	0.0
8.8	0.0
8.9	0.0
9.0	0.0
#Run 45
5.0	0.0
5.1	0.0
5.2	0.0
5.3	0.0
5.4	0.0
5.5	0.0
5.6	0.0
5.7	0.0
5.8	1.573880212656553E-5
5.9	7.63002409146912E-5
6.0	2.1339564212500992E-4
6.1	4.3557656545701364E-4
6.2	5.82427236324147E-4
6.3	6.231420031054657E-4
6.4	6.555968817552361E-4
6.5	0.0030230123898464393
6.6	0.0038190466221195464
6.7	0.003329955967933933
6.8	0.00291308230157401
6.9	0.0027310830703570605
7.0	0.0022767096861667606
7.1	0.0016572288990575402
7.2	0.0011982402325192508
7.300000000000001	7.16456280337744E-4
7.4	3.7940965849140646E-4
7.5	1.7158627202317533E-4
7.6	4.807107466707876E-5
7.7	1.1987831386893473E-5
7.800000000000001	0.0
7.9	0.0
8.0	0.0
8.1	0.0
8.2	0.0
8.3	0.0
8.4	0.0
8.5	0.0
8.6	0.0
8.7	0.0
8.8	0.0
8.9	0.0
9.0	0.0
#Run 46
5.0	0.0
5.1	0.0
5.2	0.0
5.3	0.0
5.4	0.0
5.5	0.0
5.6	0.0
5.7	0.0
5.8	1.573880212656553E-5
5.9	7.63002409146912E-5
6.0	2.1339564212500992E-4
6.1	4.3557656545701364E-4
6.2	5.82427236324147E-4
6.3	6.231420031054657E-4
6.4	6.555968817552361E-4
6.5	0.0030230123898464393
6.6	0.0038190466221195464
6.7	0.003329955967933933
6.8	0.00291308230157401
6.9	0.0027310830703570605
7.0	0.0022767096861667606
7.1	0.0016572288990575402
7.2	0.0011982402325192508
7.300000000000001	7.16456280337744E-4
7.4	3.7940965849140646E-4
7.5	1.7158627202317533E-4
7.6	4.807107466707876E-5
7.7	1.1987831386893473E-5
7.800000000000001	0.0
7.9	0.0
8.0	0.0
8.1	0.0
8.2	0.0
8.3	0.0
8.4	0.0
8.5	0.0
8.6	0.0
8.7	0.0
8.8	0.0
8.9	0.0
9.0	0.0
#Run 47
5.0	0.0
5.1	0.0
5.2	0.0
5.3	0.0
5.4	0.0
5.5	0.0
5.6	0.0
5.7	0.0
5.8	1.573880212656553E-5
5.9	7.63002409146912E-5
6.0	2.1339564212500992E-4
6.1	4.3557656545701364E-4
6.2	5.82427236324147E-4
6.3	6.231420031054657E-4
6.4	6.555968817552361E-4
6.5	0.0030230123898464393
6.6	0.0038190466221195464
6.7	0.003329955967933933
6.8	0.00291308230157401
6.9	0.0027310830703570605
7.0	0.0022767096861667606
7.1	0.0016572288990575402
7.2	0.0011982402325192508
7.300000000000001	7.16456280337744E-4
7.4	3.7940965849140646E-4
7.5	1.7158627202317533E-4
7.6	4.807107466707876E-5
7.7	1.1987831386893473E-5
7.800000000000001	0.0
7.9	0.0
8.0	0.0
8.1	0.0
8.2	0.0
8.3	0.0
8.4	0.0
8.5	0.0
8.6	0.0
8.7	0.0
8.8	0.0
8.9	0.0
9.0	0.0
#Run 48
5.0	0.0
5.1	0.0
5.2	0.0
5.3	0.0
5.4	0.0
5.5	0.0
5.6	0.0
5.7	0.0
5.8	1.573880212656553E-5
5.9	7.63002409146912E-5
6.0	2.1339564212500992E-4
6.1	4.3557656545701364E-4
6.2	5.82427236324147E-4
6.3	6.231420031054657E-4
6.4	6.555968817552361E-4
6.5	0.0030230123898464393
6.6	0.0038190466221195464
6.7	0.003329955967933933
6.8	0.00291308230157401
6.9	0.0027310830703570605
7.0	0.0022767096861667606
7.1	0.0016572288990575402
7.2	0.0011982402325192508
7.300000000000001	7.16456280337744E-4
7.4	3.7940965849140646E-4
7.5	1.7158627202317533E-4
7.6	4.807107466707876E-5
7.7	1.1987831386893473E-5
7.800000000000001	0.0
7.9	0.0
8.0	0.0
8.1	0.0
8.2	0.0
8.3	0.0
8.4	0.0
8.5	0.0
8.6	0.0
8.7	0.0
8.8	0.0
8.9	0.0
9.0	0.0
#Run 49
5.0	0.0
5.1	0.0
5.2	0.0
5.3	0.0
5.4	0.0
5.5	0.0
5.6	0.0
5.7	0.0
5.8	1.573880212656553E-5
5.9	7.63002409146912E-5
6.0	2.1339564212500992E-4
6.1	4.3557656545701364E-4
6.2	5.82427236324147E-4
6.3	6.231420031054657E-4
6.4	6.555968817552361E-4
6.5	0.0030230123898464393
6.6	0.0038190466221195464
6.7	0.003329955967933933
6.8	0.00291308230157401
6.9	0.0027310830703570605
7.0	0.0022767096861667606
7.1	0.0016572288990575402
7.2	0.0011982402325192508
7.300000000000001	7.16456280337744E-4
7.4	3.7940965849140646E-4
7.5	1.7158627202317533E-4
7.6	4.807107466707876E-5
7.7	1.1987831386893473E-5
7.800000000000001	0.0
7.9	0.0
8.0	0.0
8.1	0.0
8.2	0.0
8.3	0.0
8.4	0.0
8.5	0.0
8.6	0.0
8.7	0.0
8.8	0.0
8.9	0.0
9.0	0.0
#Run 50
5.0	0.0
5.1	0.0
5.2	0.0
5.3	0.0
5.4	0.0
5.5	0.0
5.6	0.0
5.7	0.0
5.8	1.573880212656553E-5
5.9	7.63002409146912E-5
6.0	2.1339564212500992E-4
6.1	4.3557656545701364E-4
6.2	5.82427236324147E-4
6.3	6.231420031054657E-4
6.4	6.555968817552361E-4
6.5	0.0030230123898464393
6.6	0.0038190466221195464
6.7	0.003329955967933933
6.8	0.00291308230157401
6.9	0.0027310830703570605
7.0	0.0022767096861667606
7.1	0.0016572288990575402
7.2	0.0011982402325192508
7.300000000000001	7.16456280337744E-4
7.4	3.7940965849140646E-4
7.5	1.7158627202317533E-4
7.6	4.807107466707876E-5
7.7	1.1987831386893473E-5
7.800000000000001	0.0
7.9	0.0
8.0	0.0
8.1	0.0
8.2	0.0
8.3	0.0
8.4	0.0
8.5	0.0
8.6	0.0
8.7	0.0
8.8	0.0
8.9	0.0
9.0	0.0
#Run 51
5.0	0.0
5.1	0.0
5.2	0.0
5.3	0.0
5.4	0.0
5.5	0.0
5.6	0.0
5.7	0.0
5.8	1.573880212656553E-5
5.9	7.63002409146912E-5
6.0	2.1339564212500992E-4
6.1	4.3557656545701364E-4
6.2	5.82427236324147E-4
6.3	6.231420031054657E-4
6.4	6.555968817552361E-4
6.5	0.0030230123898464393
6.6	0.0038190466221195464
6.7	0.003329955967933933
6.8	0.00291308230157401
6.9	0.0027310830703570605
7.0	0.0022767096861667606
7.1	0.0016572288990575402
7.2	0.0011982402325192508
7.300000000000001	7.16456280337744E-4
7.4	3.7940965849140646E-4
7.5	1.7158627202317533E-4
7.6	4.807107466707876E-5
7.7	1.1987831386893473E-5
7.800000000000001	0.0
7.9	0.0
8.0	0.0
8.1	0.0
8.2	0.0
8.3	0.0
8.4	0.0
8.5	0.0
8.6	0.0
8.7	0.0
8.8	0.0
8.9	0.0
9.0	0.0
#Run 52
5.0	0.0
5.1	0.0
5.2	0.0
5.3	0.0
5.4	0.0
5.5	0.0
5.6	0.0
5.7	0.0
5.8	1.573880212656553E-5
5.9	7.63002409146912E-5
6.0	2.1339564212500992E-4
6.1	4.3557656545701364E-4
6.2	5.82427236324147E-4
6.3	6.231420031054657E-4
6.4	6.555968817552361E-4
6.5	0.0030230123898464393
6.6	0.0038190466221195464
6.7	0.003329955967933933
6.8	0.00291308230157401
6.9	0.0027310830703570605
7.0	0.0022767096861667606
7.1	0.0016572288990575402
7.2	0.0011982402325192508
7.300000000000001	7.16456280337744E-4
7.4	3.7940965849140646E-4
7.5	1.7158627202317533E-4
7.6	4.807107466707876E-5
7.7	1.1987831386893473E-5
7.800000000000001	0.0
7.9	0.0
8.0	0.0
8.1	0.0
8.2	0.0
8.3	0.0
8.4	0.0
8.5	0.0
8.6	0.0
8.7	0.0
8.8	0.0
8.9	0.0
9.0	0.0
#Run 53
5.0	0.0
5.1	0.0
5.2	0.0
5.3	0.0
5.4	0.0
5.5	0.0
5.6	0.0
5.7	0.0
5.8	1.573880212656553E-5
5.9	7.63002409146912E-5
6.0	2.1339564212500992E-4
6.1	4.3557656545701364E-4
6.2	5.82427236324147E-4
6.3	6.231420031054657E-4
6.4	6.555968817552361E-4
6.5	0.0030230123898464393
6.6	0.0038190466221195464
6.7	0.003329955967933933
6.8	0.00291308230157401
6.9	0.0027310830703570605
7.0	0.0022767096861667606
7.1	0.0016572288990575402
7.2	0.0011982402325192508
7.300000000000001	7.16456280337744E-4
7.4	3.7940965849140646E-4
7.5	1.7158627202317533E-4
7.6	4.807107466707876E-5
7.7	1.1987831386893473E-5
7.800000000000001	0.0
7.9	0.0
8.0	0.0
8.1	0.0
8.2	0.0
8.3	0.0
8.4	0.0
8.5	0.0
8.6	0.0
8.7	0.0
8.8	0.0
8.9	0.0
9.0	0.0
#Run 54
5.0	0.0
5.1	0.0
5.2	0.0
5.3	0.0
5.4	0.0
5.5	0.0
5.6	0.0
5.7	0.0
5.8	1.573880212656553E-5
5.9	7.63002409146912E-5
6.0	2.1339564212500992E-4
6.1	4.3557656545701364E-4
6.2	5.82427236324147E-4
6.3	6.231420031054657E-4
6.4	6.555968817552361E-4
6.5	0.0030230123898464393
6.6	0.0038190466221195464
6.7	0.003329955967933933
6.8	0.00291308230157401
6.9	0.0027310830703570605
7.0	0.0022767096861667606
7.1	0.0016572288990575402
7.2	0.0011982402325192508
7.300000000000001	7.16456280337744E-4
7.4	3.7940965849140646E-4
7.5	1.7158627202317533E-4
7.6	4.807107466707876E-5
7.7	1.1987831386893473E-5
7.800000000000001	0.0
7.9	0.0
8.0	0.0
8.1	0.0
8.2	0.0
8.3	0.0
8.4	0.0
8.5	0.0
8.6	0.0
8.7	0.0
8.8	0.0
8.9	0.0
9.0	0.0
#Run 55
5.0	0.0
5.1	0.0
5.2	0.0
5.3	0.0
5.4	0.0
5.5	0.0
5.6	0.0
5.7	0.0
5.8	1.573880212656553E-5
5.9	7.63002409146912E-5
6.0	2.1339564212500992E-4
6.1	4.3557656545701364E-4
6.2	5.82427236324147E-4
6.3	6.231420031054657E-4
6.4	6.555968817552361E-4
6.5	0.0030230123898464393
6.6	0.0038190466221195464
6.7	0.003329955967933933
6.8	0.00291308230157401
6.9	0.0027310830703570605
7.0	0.0022767096861667606
7.1	0.0016572288990575402
7.2	0.0011982402325192508
7.300000000000001	7.16456280337744E-4
7.4	3.7940965849140646E-4
7.5	1.7158627202317533E-4
7.6	4.807107466707876E-5
7.7	1.1987831386893473E-5
7.800000000000001	0.0
7.9	0.0
8.0	0.0
8.1	0.0
8.2	0.0
8.3	0.0
8.4	0.0
8.5	0.0
8.6	0.0
8.7	0.0
8.8	0.0
8.9	0.0
9.0	0.0
#Run 56
5.0	0.0
5.1	0.0
5.2	0.0
5.3	0.0
5.4	0.0
5.5	0.0
5.6	0.0
5.7	0.0
5.8	1.573880212656553E-5
5.9	7.63002409146912E-5
6.0	2.1339564212500992E-4
6.1	4.3557656545701364E-4
6.2	5.82427236324147E-4
6.3	6.231420031054657E-4
6.4	6.555968817552361E-4
6.5	0.0030230123898464393
6.6	0.0038190466221195464
6.7	0.003329955967933933
6.8	0.00291308230157401
6.9	0.0027310830703570605
7.0	0.0022767096861667606
7.1	0.0016572288990575402
7.2	0.0011982402325192508
7.300000000000001	7.16456280337744E-4
7.4	3.7940965849140646E-4
7.5	1.7158627202317533E-4
7.6	4.807107466707876E-5
7.7	1.1987831386893473E-5
7.800000000000001	0.0
7.9	0.0
8.0	0.0
8.1	0.0
8.2	0.0
8.3	0.0
8.4	0.0
8.5	0.0
8.6	0.0
8.7	0.0
8.8	0.0
8.9	0.0
9.0	0.0
#Run 57
5.0	0.0
5.1	0.0
5.2	0.0
5.3	0.0
5.4	0.0
5.5	0.0
5.6	0.0
5.7	0.0
5.8	1.573880212656553E-5
5.9	7.63002409146912E-5
6.0	2.1339564212500992E-4
6.1	4.3557656545701364E-4
6.2	5.82427236324147E-4
6.3	6.231420031054657E-4
6.4	6.555968817552361E-4
6.5	0.0030230123898464393
6.6	0.0038190466221195464
6.7	0.003329955967933933
6.8	0.00291308230157401
6.9	0.0027310830703570605
7.0	0.0022767096861667606
7.1	0.0016572288990575402
7.2	0.0011982402325192508
7.300000000000001	7.16456280337744E-4
7.4	3.7940965849140646E-4
7.5	1.7158627202317533E-4
7.6	4.807107466707876E-5
7.7	1.1987831386893473E-5
7.800000000000001	0.0
7.9	0.0
8.0	0.0
8.1	0.0
8.2	0.0
8.3	0.0
8.4	0.0
8.5	0.0
8.6	0.0
8.7	0.0
8.8	0.0
8.9	0.0
9.0	0.0
#Run 58
5.0	0.0
5.1	0.0
5.2	0.0
5.3	0.0
5.4	0.0
5.5	0.0
5.6	0.0
5.7	0.0
5.8	1.573880212656553E-5
5.9	7.63002409146912E-5
6.0	2.1339564212500992E-4
6.1	4.3557656545701364E-4
6.2	5.82427236324147E-4
6.3	6.231420031054657E-4
6.4	6.555968817552361E-4
6.5	0.0030230123898464393
6.6	0.0038190466221195464
6.7	0.003329955967933933
6.8	0.00291308230157401
6.9	0.0027310830703570605
7.0	0.0022767096861667606
7.1	0.0016572288990575402
7.2	0.0011982402325192508
7.300000000000001	7.16456280337744E-4
7.4	3.7940965849140646E-4
7.5	1.7158627202317533E-4
7.6	4.807107466707876E-5
7.7	1.1987831386893473E-5
7.800000000000001	0.0
7.9	0.0
8.0	0.0
8.1	0.0
8.2	0.0
8.3	0.0
8.4	0.0
8.5	0.0
8.6	0.0
8.7	0.0
8.8	0.0
8.9	0.0
9.0	0.0
#Run 59
5.0	0.0
5.1	0.0
5.2	0.0
5.3	0.0
5.4	0.0
5.5	0.0
5.6	0.0
5.7	0.0
5.8	1.573880212656553E-5
5.9	7.63002409146912E-5
6.0	2.1339564212500992E-4
6.1	4.3557656545701364E-4
6.2	5.82427236324147E-4
6.3	6.231420031054657E-4
6.4	6.555968817552361E-4
6.5	0.0030230123898464393
6.6	0.0038190466221195464
6.7	0.003329955967933933
6.8	0.00291308230157401
6.9	0.0027310830703570605
7.0	0.0022767096861667606
7.1	0.0016572288990575402
7.2	0.0011982402325192508
7.300000000000001	7.16456280337744E-4
7.4	3.7940965849140646E-4
7.5	1.7158627202317533E-4
7.6	4.807107466707876E-5
7.7	1.1987831386893473E-5
7.800000000000001	0.0
7.9	0.0
8.0	0.0
8.1	0.0
8.2	0.0
8.3	0.0
8.4	0.0
8.5	0.0
8.6	0.0
8.7	0.0
8.8	0.0
8.9	0.0
9.0	0.0
#Run 60
5.0	0.0
5.1	0.0
5.2	0.0
5.3	0.0
5.4	0.0
5.5	0.0
5.6	0.0
5.7	0.0
5.8	1.573880212656553E-5
5.9	7.63002409146912E-5
6.0	2.1339564212500992E-4
6.1	4.3557656545701364E-4
6.2	5.82427236324147E-4
6.3	6.231420031054657E-4
6.4	6.555968817552361E-4
6.5	0.0030230123898464393
6.6	0.0038190466221195464
6.7	0.003329955967933933
6.8	0.00291308230157401
6.9	0.0027310830703570605
7.0	0.0022767096861667606
7.1	0.0016572288990575402
7.2	0.0011982402325192508
7.300000000000001	7.16456280337744E-4
7.4	3.7940965849140646E-4
7.5	1.7158627202317533E-4
7.6	4.807107466707876E-5
7.7	1.1987831386893473E-5
7.800000000000001	0.0
7.9	0.0
8.0	0.0
8.1	0.0
8.2	0.0
8.3	0.0
8.4	0.0
8.5	0.0
8.6	0.0
8.7	0.0
8.8	0.0
8.9	0.0
9.0	0.0
#Run 61
5.0	0.0
5.1	0.0
5.2	0.0
5.3	0.0
5.4	0.0
5.5	0.0
5.6	0.0
5.7	0.0
5.8	1.573880212656553E-5
5.9	7.63002409146912E-5
6.0	2.1339564212500992E-4
6.1	4.3557656545701364E-4
6.2	5.82427236324147E-4
6.3	6.231420031054657E-4
6.4	6.555968817552361E-4
6.5	0.0030230123898464393
6.6	0.0038190466221195464
6.7	0.003329955967933933
6.8	0.00291308230157401
6.9	0.0027310830703570605
7.0	0.0022767096861667606
7.1	0.0016572288990575402
7.2	0.0011982402325192508
7.300000000000001	7.16456280337744E-4
7.4	3.7940965849140646E-4
7.5	1.7158627202317533E-4
7.6	4.807107466707876E-5
7.7	1.1987831386893473E-5
7.800000000000001	0.0
7.9	0.0
8.0	0.0
8.1	0.0
8.2	0.0
8.3	0.0
8.4	0.0
8.5	0.0
8.6	0.0
8.7	0.0
8.8	0.0
8.9	0.0
9.0	0.0
#Run 62
5.0	0.0
5.1	0.0
5.2	0.0
5.3	0.0
5.4	0.0
5.5	0.0
5.6	0.0
5.7	0.0
5.8	1.573880212656553E-5
5.9	7.63002409146912E-5
6.0	2.1339564212500992E-4
6.1	4.3557656545701364E-4
6.2	5.82427236324147E-4
6.3	6.231420031054657E-4
6.4	6.555968817552361E-4
6.5	0.0030230123898464393
6.6	0.0038190466221195464
6.7	0.003329955967933933
6.8	0.00291308230157401
6.9	0.0027310830703570605
7.0	0.0022767096861667606
7.1	0.0016572288990575402
7.2	0.0011982402325192508
7.300000000000001	7.16456280337744E-4
7.4	3.7940965849140646E-4
7.5	1.7158627202317533E-4
7.6	4.807107466707876E-5
7.7	1.1987831386893473E-5
7.800000000000001	0.0
7.9	0.0
8.0	0.0
8.1	0.0
8.2	0.0
8.3	0.0
8.4	0.0
8.5	0.0
8.6	0.0
8.7	0.0
8.8	0.0
8.9	0.0
9.0	0.0
#Run 63
5.0	0.0
5.1	0.0
5.2	0.0
5.3	0.0
5.4	0.0
5.5	0.0
5.6	0.0
5.7	0.0
5.8	1.573880212656553E-5
5.9	7.63002409146912E-5
6.0	2.1339564212500992E-4
6.1	4.3557656545701364E-4
6.2	5.82427236324147E-4
6.3	6.231420031054657E-4
6.4	6.555968817552361E-4
6.5	0.0030230123898464393
6.6	0.0038190466221195464
6.7	0.003329955967933933
6.8	0.00291308230157401
6.9	0.0027310830703570605
7.0	0.0022767096861667606
7.1	0.0016572288990575402
7.2	0.0011982402325192508
7.300000000000001	7.16456280337744E-4
7.4	3.7940965849140646E-4
7.5	1.7158627202317533E-4
7.6	4.807107466707876E-5
7.7	1.1987831386893473E-5
7.800000000000001	0.0
7.9	0.0
8.0	0.0
8.1	0.0
8.2	0.0
8.3	0.0
8.4	0.0
8.5	0.0
8.6	0.0
8.7	0.0
8.8	0.0
8.9	0.0
9.0	0.0
#Run 64
5.0	0.0
5.1	0.0
5.2	0.0
5.3	0.0
5.4	0.0
5.5	0.0
5.6	0.0
5.7	0.0
5.8	1.573880212656553E-5
5.9	7.63002409146912E-5
6.0	2.1339564212500992E-4
6.1	4.3557656545701364E-4
6.2	5.82427236324147E-4
6.3	6.231420031054657E-4
6.4	6.555968817552361E-4
6.5	0.0030230123898464393
6.6	0.0038190466221195464
6.7	0.003329955967933933
6.8	0.00291308230157401
6.9	0.0027310830703570605
7.0	0.0022767096861667606
7.1	0.0016572288990575402
7.2	0.0011982402325192508
7.300000000000001	7.16456280337744E-4
7.4	3.7940965849140646E-4
7.5	1.7158627202317533E-4
7.6	4.807107466707876E-5
7.7	1.1987831386893473E-5
7.800000000000001	0.0
7.9	0.0
8.0	0.0
8.1	0.0
8.2	0.0
8.3	0.0
8.4	0.0
8.5	0.0
8.6	0.0
8.7	0.0
8.8	0.0
8.9	0.0
9.0	0.0
#Run 65
5.0	0.0
5.1	0.0
5.2	0.0
5.3	0.0
5.4	0.0
5.5	0.0
5.6	0.0
5.7	0.0
5.8	1.573880212656553E-5
5.9	7.63002409146912E-5
6.0	2.1339564212500992E-4
6.1	4.3557656545701364E-4
6.2	5.82427236324147E-4
6.3	6.231420031054657E-4
6.4	6.555968817552361E-4
6.5	0.0030230123898464393
6.6	0.0038190466221195464
6.7	0.003329955967933933
6.8	0.00291308230157401
6.9	0.0027310830703570605
7.0	0.0022767096861667606
7.1	0.0016572288990575402
7.2	0.0011982402325192508
7.300000000000001	7.16456280337744E-4
7.4	3.7940965849140646E-4
7.5	1.7158627202317533E-4
7.6	4.807107466707876E-5
7.7	1.1987831386893473E-5
7.800000000000001	0.0
7.9	0.0
8.0	0.0
8.1	0.0
8.2	0.0
8.3	0.0
8.4	0.0
8.5	0.0
8.6	0.0
8.7	0.0
8.8	0.0
8.9	0.0
9.0	0.0
#Run 66
5.0	0.0
5.1	0.0
5.2	0.0
5.3	0.0
5.4	0.0
5.5	0.0
5.6	0.0
5.7	0.0
5.8	1.573880212656553E-5
5.9	7.63002409146912E-5
6.0	2.1339564212500992E-4
6.1	4.3557656545701364E-4
6.2	5.82427236324147E-4
6.3	6.231420031054657E-4
6.4	6.555968817552361E-4
6.5	0.0030230123898464393
6.6	0.0038190466221195464
6.7	0.003329955967933933
6.8	0.00291308230157401
6.9	0.0027310830703570605
7.0	0.0022767096861667606
7.1	0.0016572288990575402
7.2	0.0011982402325192508
7.300000000000001	7.16456280337744E-4
7.4	3.7940965849140646E-4
7.5	1.7158627202317533E-4
7.6	4.807107466707876E-5
7.7	1.1987831386893473E-5
7.800000000000001	0.0
7.9	0.0
8.0	0.0
8.1	0.0
8.2	0.0
8.3	0.0
8.4	0.0
8.5	0.0
8.6	0.0
8.7	0.0
8.8	0.0
8.9	0.0
9.0	0.0
#Run 67
5.0	0.0
5.1	0.0
5.2	0.0
5.3	0.0
5.4	0.0
5.5	0.0
5.6	0.0
5.7	0.0
5.8	1.573880212656553E-5
5.9	7.63002409146912E-5
6.0	2.1339564212500992E-4
6.1	4.3557656545701364E-4
6.2	5.82427236324147E-4
6.3	6.231420031054657E-4
6.4	6.555968817552361E-4
6.5	0.0030230123898464393
6.6	0.0038190466221195464
6.7	0.003329955967933933
6.8	0.00291308230157401
6.9	0.0027310830703570605
7.0	0.0022767096861667606
7.1	0.0016572288990575402
7.2	0.0011982402325192508
7.300000000000001	7.16456280337744E-4
7.4	3.7940965849140646E-4
7.5	1.7158627202317533E-4
7.6	4.807107466707876E-5
7.7	1.1987831386893473E-5
7.800000000000001	0.0
7.9	0.0
8.0	0.0
8.1	0.0
8.2	0.0
8.3	0.0
8.4	0.0
8.5	0.0
8.6	0.0
8.7	0.0
8.8	0.0
8.9	0.0
9.0	0.0
#Run 68
5.0	0.0
5.1	0.0
5.2	0.0
5.3	0.0
5.4	0.0
5.5	0.0
5.6	0.0
5.7	0.0
5.8	1.573880212656553E-5
5.9	7.63002409146912E-5
6.0	2.1339564212500992E-4
6.1	4.3557656545701364E-4
6.2	5.82427236324147E-4
6.3	6.231420031054657E-4
6.4	6.555968817552361E-4
6.5	0.0030230123898464393
6.6	0.0038190466221195464
6.7	0.003329955967933933
6.8	0.00291308230157401
6.9	0.0027310830703570605
7.0	0.0022767096861667606
7.1	0.0016572288990575402
7.2	0.0011982402325192508
7.300000000000001	7.16456280337744E-4
7.4	3.7940965849140646E-4
7.5	1.7158627202317533E-4
7.6	4.807107466707876E-5
7.7	1.1987831386893473E-5
7.800000000000001	0.0
7.9	0.0
8.0	0.0
8.1	0.0
8.2	0.0
8.3	0.0
8.4	0.0
8.5	0.0
8.6	0.0
8.7	0.0
8.8	0.0
8.9	0.0
9.0	0.0
#Run 69
5.0	0.0
5.1	0.0
5.2	0.0
5.3	0.0
5.4	0.0
5.5	0.0
5.6	0.0
5.7	0.0
5.8	1.573880212656553E-5
5.9	7.63002409146912E-5
6.0	2.1339564212500992E-4
6.1	4.3557656545701364E-4
6.2	5.82427236324147E-4
6.3	6.231420031054657E-4
6.4	6.555968817552361E-4
6.5	0.0030230123898464393
6.6	0.0038190466221195464
6.7	0.003329955967933933
6.8	0.00291308230157401
6.9	0.0027310830703570605
7.0	0.0022767096861667606
7.1	0.0016572288990575402
7.2	0.0011982402325192508
7.300000000000001	7.16456280337744E-4
7.4	3.7940965849140646E-4
7.5	1.7158627202317533E-4
7.6	4.807107466707876E-5
7.7	1.1987831386893473E-5
7.800000000000001	0.0
7.9	0.0
8.0	0.0
8.1	0.0
8.2	0.0
8.3	0.0
8.4	0.0
8.5	0.0
8.6	0.0
8.7	0.0
8.8	0.0
8.9	0.0
9.0	0.0
#Run 70
5.0	0.0
5.1	0.0
5.2	0.0
5.3	0.0
5.4	0.0
5.5	0.0
5.6	0.0
5.7	0.0
5.8	1.573880212656553E-5
5.9	7.63002409146912E-5
6.0	2.1339564212500992E-4
6.1	4.3557656545701364E-4
6.2	5.82427236324147E-4
6.3	6.231420031054657E-4
6.4	6.555968817552361E-4
6.5	0.0030230123898464393
6.6	0.0038190466221195464
6.7	0.003329955967933933
6.8	0.00291308230157401
6.9	0.0027310830703570605
7.0	0.0022767096861667606
7.1	0.0016572288990575402
7.2	0.0011982402325192508
7.300000000000001	7.16456280337744E-4
7.4	3.7940965849140646E-4
7.5	1.7158627202317533E-4
7.6	4.807107466707876E-5
7.7	1.1987831386893473E-5
7.800000000000001	0.0
7.9	0.0
8.0	0.0
8.1	0.0
8.2	0.0
8.3	0.0
8.4	0.0
8.5	0.0
8.6	0.0
8.7	0.0
8.8	0.0
8.9	0.0
9.0	0.0
#Run 71
5.0	0.0
5.1	0.0
5.2	0.0
5.3	0.0
5.4	0.0
5.5	0.0
5.6	0.0
5.7	0.0
5.8	1.573880212656553E-5
5.9	7.63002409146912E-5
6.0	2.1339564212500992E-4
6.1	4.3557656545701364E-4
6.2	5.82427236324147E-4
6.3	6.231420031054657E-4
6.4	6.555968817552361E-4
6.5	0.0030230123898464393
6.6	0.0038190466221195464
6.7	0.003329955967933933
6.8	0.00291308230157401
6.9	0.0027310830703570605
7.0	0.0022767096861667606
7.1	0.0016572288990575402
7.2	0.0011982402325192508
7.300000000000001	7.16456280337744E-4
7.4	3.7940965849140646E-4
7.5	1.7158627202317533E-4
7.6	4.807107466707876E-5
7.7	1.1987831386893473E-5
7.800000000000001	0.0
7.9	0.0
8.0	0.0
8.1	0.0
8.2	0.0
8.3	0.0
8.4	0.0
8.5	0.0
8.6	0.0
8.7	0.0
8.8	0.0
8.9	0.0
9.0	0.0
#Run 72
5.0	0.0
5.1	0.0
5.2	0.0
5.3	0.0
5.4	0.0
5.5	0.0
5.6	0.0
5.7	0.0
5.8	1.573880212656553E-5
5.9	7.63002409146912E-5
6.0	2.1339564212500992E-4
6.1	4.3557656545701364E-4
6.2	5.82427236324147E-4
6.3	6.231420031054657E-4
6.4	6.555968817552361E-4
6.5	0.0030230123898464393
6.6	0.0038190466221195464
6.7	0.003329955967933933
6.8	0.00291308230157401
6.9	0.0027310830703570605
7.0	0.0022767096861667606
7.1	0.0016572288990575402
7.2	0.0011982402325192508
7.300000000000001	7.16456280337744E-4
7.4	3.7940965849140646E-4
7.5	1.7158627202317533E-4
7.6	4.807107466707876E-5
7.7	1.1987831386893473E-5
7.800000000000001	0.0
7.9	0.0
8.0	0.0
8.1	0.0
8.2	0.0
8.3	0.0
8.4	0.0
8.5	0.0
8.6	0.0
8.7	0.0
8.8	0.0
8.9	0.0
9.0	0.0
#Run 73
5.0	0.0
5.1	0.0
5.2	0.0
5.3	0.0
5.4	0.0
5.5	0.0
5.6	0.0
5.7	0.0
5.8	1.573880212656553E-5
5.9	7.63002409146912E-5
6.0	2.1339564212500992E-4
6.1	4.3557656545701364E-4
6.2	5.82427236324147E-4
6.3	6.231420031054657E-4
6.4	6.555968817552361E-4
6.5	0.0030230123898464393
6.6	0.0038190466221195464
6.7	0.003329955967933933
6.8	0.00291308230157401
6.9	0.0027310830703570605
7.0	0.0022767096861667606
7.1	0.0016572288990575402
7.2	0.0011982402325192508
7.300000000000001	7.16456280337744E-4
7.4	3.7940965849140646E-4
7.5	1.7158627202317533E-4
7.6	4.807107466707876E-5
7.7	1.1987831386893473E-5
7.800000000000001	0.0
7.9	0.0
8.0	0.0
8.1	0.0
8.2	0.0
8.3	0.0
8.4	0.0
8.5	0.0
8.6	0.0
8.7	0.0
8.8	0.0
8.9	0.0
9.0	0.0
#Run 74
5.0	0.0
5.1	0.0
5.2	0.0
5.3	0.0
5.4	0.0
5.5	0.0
5.6	0.0
5.7	0.0
5.8	1.573880212656553E-5
5.9	7.63002409146912E-5
6.0	2.1339564212500992E-4
6.1	4.3557656545701364E-4
6.2	5.82427236324147E-4
6.3	6.231420031054657E-4
6.4	6.555968817552361E-4
6.5	0.0030230123898464393
6.6	0.0038190466221195464
6.7	0.003329955967933933
6.8	0.00291308230157401
6.9	0.0027310830703570605
7.0	0.0022767096861667606
7.1	0.0016572288990575402
7.2	0.0011982402325192508
7.300000000000001	7.16456280337744E-4
7.4	3.7940965849140646E-4
7.5	1.7158627202317533E-4
7.6	4.807107466707876E-5
7.7	1.1987831386893473E-5
7.800000000000001	0.0
7.9	0.0
8.0	0.0
8.1	0.0
8.2	0.0
8.3	0.0
8.4	0.0
8.5	0.0
8.6	0.0
8.7	0.0
8.8	0.0
8.9	0.0
9.0	0.0
#Run 75
5.0	0.0
5.1	0.0
5.2	0.0
5.3	0.0
5.4	0.0
5.5	0.0
5.6	0.0
5.7	0.0
5.8	1.573880212656553E-5
5.9	7.63002409146912E-5
6.0	2.1339564212500992E-4
6.1	4.3557656545701364E-4
6.2	5.82427236324147E-4
6.3	6.231420031054657E-4
6.4	6.555968817552361E-4
6.5	0.0030230123898464393
6.6	0.0038190466221195464
6.7	0.003329955967933933
6.8	0.00291308230157401
6.9	0.0027310830703570605
7.0	0.0022767096861667606
7.1	0.0016572288990575402
7.2	0.0011982402325192508
7.300000000000001	7.16456280337744E-4
7.4	3.7940965849140646E-4
7.5	1.7158627202317533E-4
7.6	4.807107466707876E-5
7.7	1.1987831386893473E-5
7.800000000000001	0.0
7.9	0.0
8.0	0.0
8.1	0.0
8.2	0.0
8.3	0.0
8.4	0.0
8.5	0.0
8.6	0.0
8.7	0.0
8.8	0.0
8.9	0.0
9.0	0.0
#Run 76
5.0	0.0
5.1	0.0
5.2	0.0
5.3	0.0
5.4	0.0
5.5	0.0
5.6	0.0
5.7	0.0
5.8	1.573880212656553E-5
5.9	7.63002409146912E-5
6.0	2.1339564212500992E-4
6.1	4.3557656545701364E-4
6.2	5.82427236324147E-4
6.3	6.231420031054657E-4
6.4	6.555968817552361E-4
6.5	0.0030230123898464393
6.6	0.0038190466221195464
6.7	0.003329955967933933
6.8	0.00291308230157401
6.9	0.0027310830703570605
7.0	0.0022767096861667606
7.1	0.0016572288990575402
7.2	0.0011982402325192508
7.300000000000001	7.16456280337744E-4
7.4	3.7940965849140646E-4
7.5	1.7158627202317533E-4
7.6	4.807107466707876E-5
7.7	1.1987831386893473E-5
7.800000000000001	0.0
7.9	0.0
8.0	0.0
8.1	0.0
8.2	0.0
8.3	0.0
8.4	0.0
8.5	0.0
8.6	0.0
8.7	0.0
8.8	0.0
8.9	0.0
9.0	0.0
#Run 77
5.0	0.0
5.1	0.0
5.2	0.0
5.3	0.0
5.4	0.0
5.5	0.0
5.6	0.0
5.7	0.0
5.8	1.573880212656553E-5
5.9	7.63002409146912E-5
6.0	2.1339564212500992E-4
6.1	4.3557656545701364E-4
6.2	5.82427236324147E-4
6.3	6.231420031054657E-4
6.4	6.555968817552361E-4
6.5	0.0030230123898464393
6.6	0.0038190466221195464
6.7	0.003329955967933933
6.8	0.00291308230157401
6.9	0.0027310830703570605
7.0	0.0022767096861667606
7.1	0.0016572288990575402
7.2	0.0011982402325192508
7.300000000000001	7.16456280337744E-4
7.4	3.7940965849140646E-4
7.5	1.7158627202317533E-4
7.6	4.807107466707876E-5
7.7	1.1987831386893473E-5
7.800000000000001	0.0
7.9	0.0
8.0	0.0
8.1	0.0
8.2	0.0
8.3	0.0
8.4	0.0
8.5	0.0
8.6	0.0
8.7	0.0
8.8	0.0
8.9	0.0
9.0	0.0
#Run 78
5.0	0.0
5.1	0.0
5.2	0.0
5.3	0.0
5.4	0.0
5.5	0.0
5.6	0.0
5.7	0.0
5.8	1.573880212656553E-5
5.9	7.63002409146912E-5
6.0	2.1339564212500992E-4
6.1	4.3557656545701364E-4
6.2	5.82427236324147E-4
6.3	6.231420031054657E-4
6.4	6.555968817552361E-4
6.5	0.0030230123898464393
6.6	0.0038190466221195464
6.7	0.003329955967933933
6.8	0.00291308230157401
6.9	0.0027310830703570605
7.0	0.0022767096861667606
7.1	0.0016572288990575402
7.2	0.0011982402325192508
7.300000000000001	7.16456280337744E-4
7.4	3.7940965849140646E-4
7.5	1.7158627202317533E-4
7.6	4.807107466707876E-5
7.7	1.1987831386893473E-5
7.800000000000001	0.0
7.9	0.0
8.0	0.0
8.1	0.0
8.2	0.0
8.3	0.0
8.4	0.0
8.5	0.0
8.6	0.0
8.7	0.0
8.8	0.0
8.9	0.0
9.0	0.0
#Run 79
5.0	0.0
5.1	0.0
5.2	0.0
5.3	0.0
5.4	0.0
5.5	0.0
5.6	0.0
5.7	0.0
5.8	1.573880212656553E-5
5.9	7.63002409146912E-5
6.0	2.1339564212500992E-4
6.1	4.3557656545701364E-4
6.2	5.82427236324147E-4
6.3	6.231420031054657E-4
6.4	6.555968817552361E-4
6.5	0.0030230123898464393
6.6	0.0038190466221195464
6.7	0.003329955967933933
6.8	0.00291308230157401
6.9	0.0027310830703570605
7.0	0.0022767096861667606
7.1	0.0016572288990575402
7.2	0.0011982402325192508
7.300000000000001	7.16456280337744E-4
7.4	3.7940965849140646E-4
7.5	1.7158627202317533E-4
7.6	4.807107466707876E-5
7.7	1.1987831386893473E-5
7.800000000000001	0.0
7.9	0.0
8.0	0.0
8.1	0.0
8.2	0.0
8.3	0.0
8.4	0.0
8.5	0.0
8.6	0.0
8.7	0.0
8.8	0.0
8.9	0.0
9.0	0.0
#Run 80
5.0	0.0
5.1	0.0
5.2	0.0
5.3	0.0
5.4	0.0
5.5	0.0
5.6	0.0
5.7	0.0
5.8	1.573880212656553E-5
5.9	7.63002409146912E-5
6.0	2.1339564212500992E-4
6.1	4.3557656545701364E-4
6.2	5.82427236324147E-4
6.3	6.231420031054657E-4
6.4	6.555968817552361E-4
6.5	0.0030230123898464393
6.6	0.0038190466221195464
6.7	0.003329955967933933
6.8	0.00291308230157401
6.9	0.0027310830703570605
7.0	0.0022767096861667606
7.1	0.0016572288990575402
7.2	0.0011982402325192508
7.300000000000001	7.16456280337744E-4
7.4	3.7940965849140646E-4
7.5	1.7158627202317533E-4
7.6	4.807107466707876E-5
7.7	1.1987831386893473E-5
7.800000000000001	0.0
7.9	0.0
8.0	0.0
8.1	0.0
8.2	0.0
8.3	0.0
8.4	0.0
8.5	0.0
8.6	0.0
8.7	0.0
8.8	0.0
8.9	0.0
9.0	0.0
#Run 81
5.0	0.0
5.1	0.0
5.2	0.0
5.3	0.0
5.4	0.0
5.5	0.0
5.6	0.0
5.7	0.0
5.8	1.573880212656553E-5
5.9	7.63002409146912E-5
6.0	2.1339564212500992E-4
6.1	4.3557656545701364E-4
6.2	5.82427236324147E-4
6.3	6.231420031054657E-4
6.4	6.555968817552361E-4
6.5	0.0030230123898464393
6.6	0.0038190466221195464
6.7	0.003329955967933933
6.8	0.00291308230157401
6.9	0.0027310830703570605
7.0	0.0022767096861667606
7.1	0.0016572288990575402
7.2	0.0011982402325192508
7.300000000000001	7.16456280337744E-4
7.4	3.7940965849140646E-4
7.5	1.7158627202317533E-4
7.6	4.807107466707876E-5
7.7	1.1987831386893473E-5
7.800000000000001	0.0
7.9	0.0
8.0	0.0
8.1	0.0
8.2	0.0
8.3	0.0
8.4	0.0
8.5	0.0
8.6	0.0
8.7	0.0
8.8	0.0
8.9	0.0
9.0	0.0
#Run 82
5.0	0.0
5.1	0.0
5.2	0.0
5.3	0.0
5.4	0.0
5.5	0.0
5.6	0.0
5.7	0.0
5.8	1.573880212656553E-5
5.9	7.63002409146912E-5
6.0	2.1339564212500992E-4
6.1	4.3557656545701364E-4
6.2	5.82427236324147E-4
6.3	6.231420031054657E-4
6.4	6.555968817552361E-4
6.5	0.0030230123898464393
6.6	0.0038190466221195464
6.7	0.003329955967933933
6.8	0.00291308230157401
6.9	0.0027310830703570605
7.0	0.0022767096861667606
7.1	0.0016572288990575402
7.2	0.0011982402325192508
7.300000000000001	7.16456280337744E-4
7.4	3.7940965849140646E-4
7.5	1.7158627202317533E-4
7.6	4.807107466707876E-5
7.7	1.1987831386893473E-5
7.800000000000001	0.0
7.9	0.0
8.0	0.0
8.1	0.0
8.2	0.0
8.3	0.0
8.4	0.0
8.5	0.0
8.6	0.0
8.7	0.0
8.8	0.0
8.9	0.0
9.0	0.0
#Run 83
5.0	0.0
5.1	0.0
5.2	0.0
5.3	0.0
5.4	0.0
5.5	0.0
5.6	0.0
5.7	0.0
5.8	1.573880212656553E-5
5.9	7.63002409146912E-5
6.0	2.1339564212500992E-4
6.1	4.3557656545701364E-4
6.2	5.82427236324147E-4
6.3	6.231420031054657E-4
6.4	6.555968817552361E-4
6.5	0.0030230123898464393
6.6	0.0038190466221195464
6.7	0.003329955967933933
6.8	0.00291308230157401
6.9	0.0027310830703570605
7.0	0.0022767096861667606
7.1	0.0016572288990575402
7.2	0.0011982402325192508
7.300000000000001	7.16456280337744E-4
7.4	3.7940965849140646E-4
7.5	1.7158627202317533E-4
7.6	4.807107466707876E-5
7.7	1.1987831386893473E-5
7.800000000000001	0.0
7.9	0.0
8.0	0.0
8.1	0.0
8.2	0.0
8.3	0.0
8.4	0.0
8.5	0.0
8.6	0.0
8.7	0.0
8.8	0.0
8.9	0.0
9.0	0.0
#Run 84
5.0	0.0
5.1	0.0
5.2	0.0
5.3	0.0
5.4	0.0
5.5	0.0
5.6	0.0
5.7	0.0
5.8	1.573880212656553E-5
5.9	7.63002409146912E-5
6.0	2.1339564212500992E-4
6.1	4.3557656545701364E-4
6.2	5.82427236324147E-4
6.3	6.231420031054657E-4
6.4	6.555968817552361E-4
6.5	0.0030230123898464393
6.6	0.0038190466221195464
6.7	0.003329955967933933
6.8	0.00291308230157401
6.9	0.0027310830703570605
7.0	0.0022767096861667606
7.1	0.0016572288990575402
7.2	0.0011982402325192508
7.300000000000001	7.16456280337744E-4
7.4	3.7940965849140646E-4
7.5	1.7158627202317533E-4
7.6	4.807107466707876E-5
7.7	1.1987831386893473E-5
7.800000000000001	0.0
7.9	0.0
8.0	0.0
8.1	0.0
8.2	0.0
8.3	0.0
8.4	0.0
8.5	0.0
8.6	0.0
8.7	0.0
8.8	0.0
8.9	0.0
9.0	0.0
#Run 85
5.0	0.0
5.1	0.0
5.2	0.0
5.3	0.0
5.4	0.0
5.5	0.0
5.6	0.0
5.7	0.0
5.8	1.573880212656553E-5
5.9	7.63002409146912E-5
6.0	2.1339564212500992E-4
6.1	4.3557656545701364E-4
6.2	5.82427236324147E-4
6.3	6.231420031054657E-4
6.4	6.555968817552361E-4
6.5	0.0030230123898464393
6.6	0.0038190466221195464
6.7	0.003329955967933933
6.8	0.00291308230157401
6.9	0.0027310830703570605
7.0	0.0022767096861667606
7.1	0.0016572288990575402
7.2	0.0011982402325192508
7.300000000000001	7.16456280337744E-4
7.4	3.7940965849140646E-4
7.5	1.7158627202317533E-4
7.6	4.807107466707876E-5
7.7	1.1987831386893473E-5
7.800000000000001	0.0
7.9	0.0
8.0	0.0
8.1	0.0
8.2	0.0
8.3	0.0
8.4	0.0
8.5	0.0
8.6	0.0
8.7	0.0
8.8	0.0
8.9	0.0
9.0	0.0
#Run 86
5.0	0.0
5.1	0.0
5.2	0.0
5.3	0.0
5.4	0.0
5.5	0.0
5.6	0.0
5.7	0.0
5.8	1.573880212656553E-5
5.9	7.63002409146912E-5
6.0	2.1339564212500992E-4
6.1	4.3557656545701364E-4
6.2	5.82427236324147E-4
6.3	6.231420031054657E-4
6.4	6.555968817552361E-4
6.5	0.0030230123898464393
6.6	0.0038190466221195464
6.7	0.003329955967933933
6.8	0.00291308230157401
6.9	0.0027310830703570605
7.0	0.0022767096861667606
7.1	0.0016572288990575402
7.2	0.0011982402325192508
7.300000000000001	7.16456280337744E-4
7.4	3.7940965849140646E-4
7.5	1.7158627202317533E-4
7.6	4.807107466707876E-5
7.7	1.1987831386893473E-5
7.800000000000001	0.0
7.9	0.0
8.0	0.0
8.1	0.0
8.2	0.0
8.3	0.0
8.4	0.0
8.5	0.0
8.6	0.0
8.7	0.0
8.8	0.0
8.9	0.0
9.0	0.0
#Run 87
5.0	0.0
5.1	0.0
5.2	0.0
5.3	0.0
5.4	0.0
5.5	0.0
5.6	0.0
5.7	0.0
5.8	1.573880212656553E-5
5.9	7.63002409146912E-5
6.0	2.1339564212500992E-4
6.1	4.3557656545701364E-4
6.2	5.82427236324147E-4
6.3	6.231420031054657E-4
6.4	6.555968817552361E-4
6.5	0.0030230123898464393
6.6	0.0038190466221195464
6.7	0.003329955967933933
6.8	0.00291308230157401
6.9	0.0027310830703570605
7.0	0.0022767096861667606
7.1	0.0016572288990575402
7.2	0.0011982402325192508
7.300000000000001	7.16456280337744E-4
7.4	3.7940965849140646E-4
7.5	1.7158627202317533E-4
7.6	4.807107466707876E-5
7.7	1.1987831386893473E-5
7.800000000000001	0.0
7.9	0.0
8.0	0.0
8.1	0.0
8.2	0.0
8.3	0.0
8.4	0.0
8.5	0.0
8.6	0.0
8.7	0.0
8.8	0.0
8.9	0.0
9.0	0.0
#Run 88
5.0	0.0
5.1	0.0
5.2	0.0
5.3	0.0
5.4	0.0
5.5	0.0
5.6	0.0
5.7	0.0
5.8	1.573880212656553E-5
5.9	7.63002409146912E-5
6.0	2.1339564212500992E-4
6.1	4.3557656545701364E-4
6.2	5.82427236324147E-4
6.3	6.231420031054657E-4
6.4	6.555968817552361E-4
6.5	0.0030230123898464393
6.6	0.0038190466221195464
6.7	0.003329955967933933
6.8	0.00291308230157401
6.9	0.0027310830703570605
7.0	0.0022767096861667606
7.1	0.0016572288990575402
7.2	0.0011982402325192508
7.300000000000001	7.16456280337744E-4
7.4	3.7940965849140646E-4
7.5	1.7158627202317533E-4
7.6	4.807107466707876E-5
7.7	1.1987831386893473E-5
7.800000000000001	0.0
7.9	0.0
8.0	0.0
8.1	0.0
8.2	0.0
8.3	0.0
8.4	0.0
8.5	0.0
8.6	0.0
8.7	0.0
8.8	0.0
8.9	0.0
9.0	0.0
#Run 89
5.0	0.0
5.1	0.0
5.2	0.0
5.3	0.0
5.4	0.0
5.5	0.0
5.6	0.0
5.7	0.0
5.8	1.573880212656553E-5
5.9	7.63002409146912E-5
6.0	2.1339564212500992E-4
6.1	4.3557656545701364E-4
6.2	5.82427236324147E-4
6.3	6.231420031054657E-4
6.4	6.555968817552361E-4
6.5	0.0030230123898464393
6.6	0.0038190466221195464
6.7	0.003329955967933933
6.8	0.00291308230157401
6.9	0.0027310830703570605
7.0	0.0022767096861667606
7.1	0.0016572288990575402
7.2	0.0011982402325192508
7.300000000000001	7.16456280337744E-4
7.4	3.7940965849140646E-4
7.5	1.7158627202317533E-4
7.6	4.807107466707876E-5
7.7	1.1987831386893473E-5
7.800000000000001	0.0
7.9	0.0
8.0	0.0
8.1	0.0
8.2	0.0
8.3	0.0
8.4	0.0
8.5	0.0
8.6	0.0
8.7	0.0
8.8	0.0
8.9	0.0
9.0	0.0
#Run 90
5.0	0.0
5.1	0.0
5.2	0.0
5.3	0.0
5.4	0.0
5.5	0.0
5.6	0.0
5.7	0.0
5.8	1.573880212656553E-5
5.9	7.63002409146912E-5
6.0	2.1339564212500992E-4
6.1	4.3557656545701364E-4
6.2	5.82427236324147E-4
6.3	6.231420031054657E-4
6.4	6.555968817552361E-4
6.5	0.0030230123898464393
6.6	0.0038190466221195464
6.7	0.003329955967933933
6.8	0.00291308230157401
6.9	0.0027310830703570605
7.0	0.0022767096861667606
7.1	0.0016572288990575402
7.2	0.0011982402325192508
7.300000000000001	7.16456280337744E-4
7.4	3.7940965849140646E-4
7.5	1.7158627202317533E-4
7.6	4.807107466707876E-5
7.7	1.1987831386893473E-5
7.800000000000001	0.0
7.9	0.0
8.0	0.0
8.1	0.0
8.2	0.0
8.3	0.0
8.4	0.0
8.5	0.0
8.6	0.0
8.7	0.0
8.8	0.0
8.9	0.0
9.0	0.0
#Run 91
5.0	0.0
5.1	0.0
5.2	0.0
5.3	0.0
5.4	0.0
5.5	0.0
5.6	0.0
5.7	0.0
5.8	1.573880212656553E-5
5.9	7.63002409146912E-5
6.0	2.1339564212500992E-4
6.1	4.3557656545701364E-4
6.2	5.82427236324147E-4
6.3	6.231420031054657E-4
6.4	6.555968817552361E-4
6.5	0.0030230123898464393
6.6	0.0038190466221195464
6.7	0.003329955967933933
6.8	0.00291308230157401
6.9	0.0027310830703570605
7.0	0.0022767096861667606
7.1	0.0016572288990575402
7.2	0.0011982402325192508
7.300000000000001	7.16456280337744E-4
7.4	3.7940965849140646E-4
7.5	1.7158627202317533E-4
7.6	4.807107466707876E-5
7.7	1.1987831386893473E-5
7.800000000000001	0.0
7.9	0.0
8.0	0.0
8.1	0.0
8.2	0.0
8.3	0.0
8.4	0.0
8.5	0.0
8.6	0.0
8.7	0.0
8.8	0.0
8.9	0.0
9.0	0.0
#Run 92
5.0	0.0
5.1	0.0
5.2	0.0
5.3	0.0
5.4	0.0
5.5	0.0
5.6	0.0
5.7	0.0
5.8	1.573880212656553E-5
5.9	7.63002409146912E-5
6.0	2.1339564212500992E-4
6.1	4.3557656545701364E-4
6.2	5.82427236324147E-4
6.3	6.231420031054657E-4
6.4	6.555968817552361E-4
6.5	0.0030230123898464393
6.6	0.0038190466221195464
6.7	0.003329955967933933
6.8	0.00291308230157401
6.9	0.0027310830703570605
7.0	0.0022767096861667606
7.1	0.0016572288990575402
7.2	0.0011982402325192508
7.300000000000001	7.16456280337744E-4
7.4	3.7940965849140646E-4
7.5	1.7158627202317533E-4
7.6	4.807107466707876E-5
7.7	1.1987831386893473E-5
7.800000000000001	0.0
7.9	0.0
8.0	0.0
8.1	0.0
8.2	0.0
8.3	0.0
8.4	0.0
8.5	0.0
8.6	0.0
8.7	0.0
8.8	0.0
8.9	0.0
9.0	0.0
#Run 93
5.0	0.0
5.1	0.0
5.2	0.0
5.3	0.0
5.4	0.0
5.5	0.0
5.6	0.0
5.7	0.0
5.8	1.573880212656553E-5
5.9	7.63002409146912E-5
6.0	2.1339564212500992E-4
6.1	4.3557656545701364E-4
6.2	5.82427236324147E-4
6.3	6.231420031054657E-4
6.4	6.555968817552361E-4
6.5	0.0030230123898464393
6.6	0.0038190466221195464
6.7	0.003329955967933933
6.8	0.00291308230157401
6.9	0.0027310830703570605
7.0	0.0022767096861667606
7.1	0.0016572288990575402
7.2	0.0011982402325192508
7.300000000000001	7.16456280337744E-4
7.4	3.7940965849140646E-4
7.5	1.7158627202317533E-4
7.6	4.807107466707876E-5
7.7	1.1987831386893473E-5
7.800000000000001	0.0
7.9	0.0
8.0	0.0
8.1	0.0
8.2	0.0
8.3	0.0
8.4	0.0
8.5	0.0
8.6	0.0
8.7	0.0
8.8	0.0
8.9	0.0
9.0	0.0
#Run 94
5.0	0.0
5.1	0.0
5.2	0.0
5.3	0.0
5.4	0.0
5.5	0.0
5.6	0.0
5.7	0.0
5.8	1.573880212656553E-5
5.9	7.63002409146912E-5
6.0	2.1339564212500992E-4
6.1	4.3557656545701364E-4
6.2	5.82427236324147E-4
6.3	6.231420031054657E-4
6.4	6.555968817552361E-4
6.5	0.0030230123898464393
6.6	0.0038190466221195464
6.7	0.003329955967933933
6.8	0.00291308230157401
6.9	0.0027310830703570605
7.0	0.0022767096861667606
7.1	0.0016572288990575402
7.2	0.0011982402325192508
7.300000000000001	7.16456280337744E-4
7.4	3.7940965849140646E-4
7.5	1.7158627202317533E-4
7.6	4.807107466707876E-5
7.7	1.1987831386893473E-5
7.800000000000001	0.0
7.9	0.0
8.0	0.0
8.1	0.0
8.2	0.0
8.3	0.0
8.4	0.0
8.5	0.0
8.6	0.0
8.7	0.0
8.8	0.0
8.9	0.0
9.0	0.0
#Run 95
5.0	0.0
5.1	0.0
5.2	0.0
5.3	0.0
5.4	0.0
5.5	0.0
5.6	0.0
5.7	0.0
5.8	1.573880212656553E-5
5.9	7.63002409146912E-5
6.0	2.1339564212500992E-4
6.1	4.3557656545701364E-4
6.2	5.82427236324147E-4
6.3	6.231420031054657E-4
6.4	6.555968817552361E-4
6.5	0.0030230123898464393
6.6	0.0038190466221195464
6.7	0.003329955967933933
6.8	0.00291308230157401
6.9	0.0027310830703570605
7.0	0.0022767096861667606
7.1	0.0016572288990575402
7.2	0.0011982402325192508
7.300000000000001	7.16456280337744E-4
7.4	3.7940965849140646E-4
7.5	1.7158627202317533E-4
7.6	4.807107466707876E-5
7.7	1.1987831386893473E-5
7.800000000000001	0.0
7.9	0.0
8.0	0.0
8.1	0.0
8.2	0.0
8.3	0.0
8.4	0.0
8.5	0.0
8.6	0.0
8.7	0.0
8.8	0.0
8.9	0.0
9.0	0.0
#Run 96
5.0	0.0
5.1	0.0
5.2	0.0
5.3	0.0
5.4	0.0
5.5	0.0
5.6	0.0
5.7	0.0
5.8	1.573880212656553E-5
5.9	7.63002409146912E-5
6.0	2.1339564212500992E-4
6.1	4.3557656545701364E-4
6.2	5.82427236324147E-4
6.3	6.231420031054657E-4
6.4	6.555968817552361E-4
6.5	0.0030230123898464393
6.6	0.0038190466221195464
6.7	0.003329955967933933
6.8	0.00291308230157401
6.9	0.0027310830703570605
7.0	0.0022767096861667606
7.1	0.0016572288990575402
7.2	0.0011982402325192508
7.300000000000001	7.16456280337744E-4
7.4	3.7940965849140646E-4
7.5	1.7158627202317533E-4
7.6	4.807107466707876E-5
7.7	1.1987831386893473E-5
7.800000000000001	0.0
7.9	0.0
8.0	0.0
8.1	0.0
8.2	0.0
8.3	0.0
8.4	0.0
8.5	0.0
8.6	0.0
8.7	0.0
8.8	0.0
8.9	0.0
9.0	0.0
