#Run 1
5.0	0.5796954795504226
5.1	0.48170532923224063
5.2	0.4002875879655706
5.3	0.332637908182465
5.4	0.2764267800410067
5.5	0.22971907661082433
5.6	0.1919757129592403
5.7	0.1623495852199288
5.8	0.13824758842716883
5.9	0.11738576069515319
6.0	0.10248458588115376
6.1	0.08454291409441521
6.2	0.06954888878740981
6.3	0.056851356783715036
6.4	0.04822721417617974
6.5	0.05157161471529782
6.6	0.04089299324766903
6.7	0.03671158605189952
6.8	0.03238481143373093
6.9	0.029292973082049832
7.0	0.027311675480968918
7.1	0.02050546584912107
7.2	0.015951377281876258
7.300000000000001	0.011875577113964355
7.4	0.0092987448109251
7.5	0.0075535326049754785
7.6	0.006146249718551928
7.7	0.0047009751639019715
7.800000000000001	0.0035466569250977168
7.9	0.002110688571687673
8.0	9.15792275239547E-4
8.1	2.651758999951915E-4
8.2	4.905015458651305E-5
8.3	2.447522633396496E-6
8.4	0.0
8.5	0.0
8.6	0.0
8.7	0.0
8.8	0.0
8.9	0.0
9.0	0.0
#Run 2
5.0	0.5796954795504226
5.1	0.48170532923224063
5.2	0.4002875879655706
5.3	0.332637908182465
5.4	0.2764267800410067
5.5	0.22971907661082433
5.6	0.1919757129592403
5.7	0.1623495852199288
5.8	0.13824758842716883
5.9	0.11738576069515319
6.0	0.10248458588115376
6.1	0.08454291409441521
6.2	0.06954888878740981
6.3	0.056851356783715036
6.4	0.04827057699074755
6.5	0.05472925907327146
6.6	0.04374398094925934
6.7	0.039239081414086746
6.8	0.034677044154531315
6.9	0.031662911474958685
7.0	0.029627655949673246
7.1	0.02303095656948103
7.2	0.018448074358415202
7.300000000000001	0.013498354935320846
7.4	0.009820323808084145
7.5	0.007250583241091689
7.6	0.0056234764393640144
7.7	0.004197969287002253
7.800000000000001	0.003184324313143117
7.9	0.0019426355788341124
8.0	8.678303420416879E-4
8.1	2.651758999951915E-4
8.2	4.905015458651305E-5
8.3	2.447522633396496E-6
8.4	0.0
8.5	0.0
8.6	0.0
8.7	0.0
8.8	0.0
8.9	0.0
9.0	0.0
#Run 3
5.0	0.5796954795504226
5.1	0.48170532923224063
5.2	0.4002875879655706
5.3	0.332637908182465
5.4	0.2764267800410067
5.5	0.22971907661082433
5.6	0.1914789889563463
5.7	0.16063237464404778
5.8	0.1352831763618814
5.9	0.11574749119166196
6.0	0.10384807254938919
6.1	0.08761068909828018
6.2	0.07184049301225054
6.3	0.0577407112748665
6.4	0.048405008588921536
6.5	0.05170275741199803
6.6	0.041431724640318704
6.7	0.03806297826136575
6.8	0.03454784213864145
6.9	0.031169118230295143
7.0	0.02827434870050985
7.1	0.02062261980792829
7.2	0.016157972886120375
7.300000000000001	0.012680758799657986
7.4	0.010098687576033468
7.5	0.0076609490047467544
7.6	0.0054179663197873
7.7	0.003893505678714586
7.800000000000001	0.0034879831506747965
7.9	0.0027753649335786105
8.0	0.001569412187327593
8.1	5.491338753858381E-4
8.2	1.0568950849405323E-4
8.3	2.9562678266824688E-6
8.4	0.0
8.5	0.0
8.6	0.0
8.7	0.0
8.8	0.0
8.9	0.0
9.0	0.0
#Run 4
5.0	0.5796954795504226
5.1	0.48170532923224063
5.2	0.4002875879655706
5.3	0.332637908182465
5.4	0.2764267800410067
5.5	0.22971907661082433
5.6	0.1914789889563463
5.7	0.16063237464404778
5.8	0.1352831763618814
5.9	0.11574749119166196
6.0	0.10384807254938919
6.1	0.08761068909828018
6.2	0.07184049301225054
6.3	0.0577407112748665
6.4	0.04844837140348934
6.5	0.054860401769971666
6.6	0.04428271234190903
6.7	0.04059047362355299
6.8	0.036840074859441824
6.9	0.033539056623204
7.0	0.03059032916921418
7.1	0.02314811052828825
7.2	0.01865466996265932
7.300000000000001	0.014303536621014478
7.4	0.01062026657319251
7.5	0.007357999640862963
7.6	0.004895193040599386
7.7	0.003390499801814867
7.800000000000001	0.0031256505387201967
7.9	0.0026073119407250497
8.0	0.001521450254129734
8.1	5.491338753858381E-4
8.2	1.0568950849405323E-4
8.3	2.9562678266824688E-6
8.4	0.0
8.5	0.0
8.6	0.0
8.7	0.0
8.8	0.0
8.9	0.0
9.0	0.0
#Run 5
5.0	0.5796954795504226
5.1	0.48170532923224063
5.2	0.4002875879655706
5.3	0.332637908182465
5.4	0.2764267800410067
5.5	0.22971907661082433
5.6	0.19090724114220933
5.7	0.15865580136099192
5.8	0.13187102774684656
5.9	0.10950103745354235
6.0	0.09370433349943166
6.1	0.07543115586145392
6.2	0.06312853851772264
6.3	0.0528673576366715
6.4	0.044816236100893664
6.5	0.08205704020883536
6.6	0.06618186159490644
6.7	0.0574452068542404
6.8	0.048299241525117984
6.9	0.04011052179784114
7.0	0.03313502798973253
7.1	0.02300557406695053
7.2	0.01899024671063732
7.300000000000001	0.015272490430958352
7.4	0.010832965730111383
7.5	0.007788883141042505
7.6	0.00547057515850255
7.7	0.003617756291611256
7.800000000000001	0.0022659147809303546
7.9	0.0016435701049226212
8.0	7.349737999199416E-4
8.1	0.0
8.2	0.0
8.3	0.0
8.4	0.0
8.5	0.0
8.6	0.0
8.7	0.0
8.8	0.0
8.9	0.0
9.0	0.0
#Run 6
5.0	0.5796954795504226
5.1	0.48170532923224063
5.2	0.4002875879655706
5.3	0.332637908182465
5.4	0.2764267800410067
5.5	0.22971907661082433
5.6	0.19090724114220933
5.7	0.15865580136099192
5.8	0.13187102774684656
5.9	0.10950103745354235
6.0	0.09370433349943166
6.1	0.07543115586145392
6.2	0.06312853851772264
6.3	0.0528673576366715
6.4	0.044859598915461485
6.5	0.085214684566809
6.6	0.06903284929649675
6.7	0.05997270221642764
6.8	0.05059147424591836
6.9	0.04248046019074998
7.0	0.035451008458436864
7.1	0.025531064787310487
7.2	0.02148694378717626
7.300000000000001	0.016895268252314844
7.4	0.011354544727270427
7.5	0.007485933777158713
7.6	0.004947801879314636
7.7	0.003114750414711537
7.800000000000001	0.0019035821689757548
7.9	0.0014755171120690606
8.0	6.870118667220825E-4
8.1	0.0
8.2	0.0
8.3	0.0
8.4	0.0
8.5	0.0
8.6	0.0
8.7	0.0
8.8	0.0
8.9	0.0
9.0	0.0
#Run 7
5.0	0.5796954795504226
5.1	0.48170532923224063
5.2	0.4002875879655706
5.3	0.332637908182465
5.4	0.2764267800410067
5.5	0.22971907661082433
5.6	0.19090724114220933
5.7	0.15865580136099192
5.8	0.13187102774684656
5.9	0.10950103745354235
6.0	0.09370433349943166
6.1	0.07543115586145392
6.2	0.06312853851772264
6.3	0.0528673576366715
6.4	0.044816236100893664
6.5	0.08205704020883536
6.6	0.06618186159490644
6.7	0.0574452068542404
6.8	0.048299241525117984
6.9	0.04011052179784114
7.0	0.03313502798973253
7.1	0.02300557406695053
7.2	0.01899024671063732
7.300000000000001	0.015272490430958352
7.4	0.010832965730111383
7.5	0.007788883141042505
7.6	0.00547057515850255
7.7	0.003617756291611256
7.800000000000001	0.0022659147809303546
7.9	0.0016435701049226212
8.0	7.349737999199416E-4
8.1	0.0
8.2	0.0
8.3	0.0
8.4	0.0
8.5	0.0
8.6	0.0
8.7	0.0
8.8	0.0
8.9	0.0
9.0	0.0
#Run 8
5.0	0.5796954795504226
5.1	0.48170532923224063
5.2	0.4002875879655706
5.3	0.332637908182465
5.4	0.2764267800410067
5.5	0.22971907661082433
5.6	0.19090724114220933
5.7	0.15865580136099192
5.8	0.13187102774684656
5.9	0.10950103745354235
6.0	0.09370433349943166
6.1	0.07543115586145392
6.2	0.06312853851772264
6.3	0.0528673576366715
6.4	0.044859598915461485
6.5	0.085214684566809
6.6	0.06903284929649675
6.7	0.05997270221642764
6.8	0.05059147424591836
6.9	0.04248046019074998
7.0	0.035451008458436864
7.1	0.025531064787310487
7.2	0.02148694378717626
7.300000000000001	0.016895268252314844
7.4	0.011354544727270427
7.5	0.007485933777158713
7.6	0.004947801879314636
7.7	0.003114750414711537
7.800000000000001	0.0019035821689757548
7.9	0.0014755171120690606
8.0	6.870118667220825E-4
8.1	0.0
8.2	0.0
8.3	0.0
8.4	0.0
8.5	0.0
8.6	0.0
8.7	0.0
8.8	0.0
8.9	0.0
9.0	0.0
#Run 9
5.0	0.5796954795504226
5.1	0.48170532923224063
5.2	0.4002875879655706
5.3	0.332637908182465
5.4	0.2796854357064004
5.5	0.2395236387161869
5.6	0.2070067694277891
5.7	0.17611549423338035
5.8	0.15099164739208437
5.9	0.12737037446500452
6.0	0.10625101723185525
6.1	0.08501884207875456
6.2	0.07382929352870643
6.3	0.06625839588617223
6.4	0.06135029021432105
6.5	0.07406642633723007
6.6	0.06239118153867042
6.7	0.051044947366077176
6.8	0.044421550500727644
6.9	0.036904437357194626
7.0	0.027799890482535655
7.1	0.016889344222170588
7.2	0.012526964539840126
7.300000000000001	0.009808490091366341
7.4	0.007997767087066347
7.5	0.006239072206047073
7.6	0.0049277060356908275
7.7	0.003727452914778537
7.800000000000001	0.003138205480723634
7.9	0.0021704617163939783
8.0	0.0011357232276703892
8.1	4.382737332552344E-4
8.2	1.5058074175437587E-4
8.3	3.809309576921382E-5
8.4	5.495168039590687E-6
8.5	0.0
8.6	0.0
8.7	0.0
8.8	0.0
8.9	0.0
9.0	0.0
#Run 10
5.0	0.5796954795504226
5.1	0.48170532923224063
5.2	0.4002875879655706
5.3	0.332637908182465
5.4	0.2796854357064004
5.5	0.2395236387161869
5.6	0.2070067694277891
5.7	0.17611549423338035
5.8	0.15099164739208437
5.9	0.12737037446500452
6.0	0.10625101723185525
6.1	0.08501884207875456
6.2	0.0739584281403156
6.3	0.06685175414639578
6.4	0.06251260484470694
6.5	0.0801280097784356
6.6	0.06801982535960208
6.7	0.05625759820086037
6.8	0.04830062047597142
6.9	0.04032603541030475
7.0	0.03163604473573217
7.1	0.020572586507254638
7.2	0.014771731447421546
7.300000000000001	0.010820940583720157
7.4	0.007881306222204381
7.5	0.005725708974562813
7.6	0.00437888674158837
7.7	0.0033360731204509445
7.800000000000001	0.002880028652721063
7.9	0.001967950830592124
8.0	0.0010394984834899334
8.1	4.043192848368965E-4
8.2	1.5058074175437587E-4
8.3	3.809309576921382E-5
8.4	5.495168039590687E-6
8.5	0.0
8.6	0.0
8.7	0.0
8.8	0.0
8.9	0.0
9.0	0.0
#Run 11
5.0	0.5796954795504226
5.1	0.48170532923224063
5.2	0.4002875879655706
5.3	0.332637908182465
5.4	0.2772355343222063
5.5	0.23215243637393435
5.6	0.19545642529753515
5.7	0.16558028536154948
5.8	0.1426740968578849
5.9	0.12111221676234231
6.0	0.1017695966302045
6.1	0.08155796796005105
6.2	0.07039630878056136
6.3	0.0632306341387788
6.4	0.0594910098850204
6.5	0.07330802432216141
6.6	0.061846137467118714
6.7	0.04910922676128117
6.8	0.040411166201553654
6.9	0.03208946254621524
7.0	0.024573438330415805
7.1	0.015982663504744997
7.2	0.013038899196982884
7.300000000000001	0.010485960749503465
7.4	0.008087512351454771
7.5	0.005699056603191436
7.6	0.00391274479722101
7.7	0.002716595771264785
7.800000000000001	0.0027372295532278623
7.9	0.002730354390170044
8.0	0.002285063496220793
8.1	0.0014336557429812469
8.2	5.939367355871077E-4
8.3	1.433346269001312E-4
8.4	7.91978960324822E-6
8.5	0.0
8.6	0.0
8.7	0.0
8.8	0.0
8.9	0.0
9.0	0.0
#Run 12
5.0	0.5796954795504226
5.1	0.48170532923224063
5.2	0.4002875879655706
5.3	0.332637908182465
5.4	0.2772355343222063
5.5	0.23215243637393435
5.6	0.19545642529753515
5.7	0.16558028536154948
5.8	0.1426740968578849
5.9	0.12111221676234231
6.0	0.1017695966302045
6.1	0.08155796796005105
6.2	0.07052544339217053
6.3	0.06382399239900235
6.4	0.060653324515406296
6.5	0.07936960776336693
6.6	0.06747478128805037
6.7	0.05432187759606436
6.8	0.04429023617679743
6.9	0.035511060599325364
7.0	0.028409592583612323
7.1	0.01966590578982905
7.2	0.015283666104564305
7.300000000000001	0.011498411241857279
7.4	0.007971051486592806
7.5	0.005185693371707176
7.6	0.003363925503118551
7.7	0.002325215976937193
7.800000000000001	0.0024790527252252915
7.9	0.0025278435043681897
8.0	0.0021888387520403374
8.1	0.001399701294562909
8.2	5.939367355871077E-4
8.3	1.433346269001312E-4
8.4	7.91978960324822E-6
8.5	0.0
8.6	0.0
8.7	0.0
8.8	0.0
8.9	0.0
9.0	0.0
#Run 13
5.0	0.5796954795504226
5.1	0.48170532923224063
5.2	0.4002875879655706
5.3	0.332637908182465
5.4	0.2764267800410067
5.5	0.22971907661082433
5.6	0.19090724114220933
5.7	0.15865580136099192
5.8	0.13187102774684656
5.9	0.10950103745354235
6.0	0.09412429499176869
6.1	0.07707469581384105
6.2	0.0667649251353783
6.3	0.05961969819615147
6.4	0.05592959893649674
6.5	0.10122679590810077
6.6	0.08319755585304046
6.7	0.06507059233468847
6.8	0.051452136285105546
6.9	0.037778571250718755
7.0	0.03020608503715291
7.1	0.021687714769218745
7.2	0.017613033080589546
7.300000000000001	0.012553899903803848
7.4	0.008846613682179337
7.5	0.00620871858152659
7.6	0.004486901674484048
7.7	0.002904881162257806
7.800000000000001	0.0017464093753454405
7.9	0.0013325552302554781
8.0	0.0010361546896364476
8.1	4.387634422391457E-4
8.2	3.367054552766736E-4
8.3	0.0
8.4	0.0
8.5	0.0
8.6	0.0
8.7	0.0
8.8	0.0
8.9	0.0
9.0	0.0
#Run 14
5.0	0.5796954795504226
5.1	0.48170532923224063
5.2	0.4002875879655706
5.3	0.332637908182465
5.4	0.2764267800410067
5.5	0.22971907661082433
5.6	0.19090724114220933
5.7	0.15865580136099192
5.8	0.13187102774684656
5.9	0.10950103745354235
6.0	0.09412429499176869
6.1	0.07707469581384105
6.2	0.06689405974698746
6.3	0.06021305645637502
6.4	0.05709191356688263
6.5	0.1072883793493063
6.6	0.08882619967397211
6.7	0.07028324316947167
6.8	0.05533120626034932
6.9	0.041200169303828874
7.0	0.03404223929034943
7.1	0.025370957054302798
7.2	0.019857799988170964
7.300000000000001	0.013566350396157662
7.4	0.008730152817317373
7.5	0.00569535535004233
7.6	0.00393808238038159
7.7	0.0025135013679302137
7.800000000000001	0.0014882325473428697
7.9	0.0011300443444536238
8.0	9.399299454559919E-4
8.1	4.048089938208078E-4
8.2	3.367054552766736E-4
8.3	0.0
8.4	0.0
8.5	0.0
8.6	0.0
8.7	0.0
8.8	0.0
8.9	0.0
9.0	0.0
#Run 15
5.0	0.5796954795504226
5.1	0.48170532923224063
5.2	0.4002875879655706
5.3	0.332637908182465
5.4	0.2764267800410067
5.5	0.22971907661082433
5.6	0.19090724114220933
5.7	0.15865580136099192
5.8	0.13187102774684656
5.9	0.10950103745354235
6.0	0.09412429499176869
6.1	0.07707469581384105
6.2	0.0667649251353783
6.3	0.05961969819615147
6.4	0.05592959893649674
6.5	0.10122679590810077
6.6	0.08319755585304046
6.7	0.06507059233468847
6.8	0.051452136285105546
6.9	0.037778571250718755
7.0	0.03020608503715291
7.1	0.021687714769218745
7.2	0.017613033080589546
7.300000000000001	0.012553899903803848
7.4	0.008846613682179337
7.5	0.00620871858152659
7.6	0.004486901674484048
7.7	0.002904881162257806
7.800000000000001	0.0017464093753454405
7.9	0.0013325552302554781
8.0	0.0010361546896364476
8.1	4.387634422391457E-4
8.2	3.367054552766736E-4
8.3	0.0
8.4	0.0
8.5	0.0
8.6	0.0
8.7	0.0
8.8	0.0
8.9	0.0
9.0	0.0
#Run 16
5.0	0.5796954795504226
5.1	0.48170532923224063
5.2	0.4002875879655706
5.3	0.332637908182465
5.4	0.2764267800410067
5.5	0.22971907661082433
5.6	0.19090724114220933
5.7	0.15865580136099192
5.8	0.13187102774684656
5.9	0.10950103745354235
6.0	0.09412429499176869
6.1	0.07707469581384105
6.2	0.06689405974698746
6.3	0.06021305645637502
6.4	0.05709191356688263
6.5	0.1072883793493063
6.6	0.08882619967397211
6.7	0.07028324316947167
6.8	0.05533120626034932
6.9	0.041200169303828874
7.0	0.03404223929034943
7.1	0.025370957054302798
7.2	0.019857799988170964
7.300000000000001	0.013566350396157662
7.4	0.008730152817317373
7.5	0.00569535535004233
7.6	0.00393808238038159
7.7	0.0025135013679302137
7.800000000000001	0.0014882325473428697
7.9	0.0011300443444536238
8.0	9.399299454559919E-4
8.1	4.048089938208078E-4
8.2	3.367054552766736E-4
8.3	0.0
8.4	0.0
8.5	0.0
8.6	0.0
8.7	0.0
8.8	0.0
8.9	0.0
9.0	0.0
#Run 17
5.0	0.5796954795504226
5.1	0.48170532923224063
5.2	0.4002875879655706
5.3	0.332637908182465
5.4	0.2764267800410067
5.5	0.22971907661082433
5.6	0.1919757129592403
5.7	0.1623495852199288
5.8	0.13824758842716883
5.9	0.1173865318151349
6.0	0.10248665714532913
6.1	0.08454569224409136
6.2	0.06955074951328286
6.3	0.056851979106586736
6.4	0.04822721417617974
6.5	0.05157161471529782
6.6	0.040892902194958655
6.7	0.03671072436863116
6.8	0.032425214619223396
6.9	0.029466041000489787
7.0	0.027642853211284426
7.1	0.020798701827772704
7.2	0.016036580466848308
7.300000000000001	0.011933562288641415
7.4	0.009456464821854908
7.5	0.007741297716357784
7.6	0.006176289919589728
7.7	0.004603522006233704
7.800000000000001	0.0034383193201220994
7.9	0.002071855971859943
8.0	9.056473959176226E-4
8.1	2.619463154326549E-4
8.2	4.646183835800738E-5
8.3	1.9639506153669866E-6
8.4	0.0
8.5	0.0
8.6	0.0
8.7	0.0
8.8	0.0
8.9	0.0
9.0	0.0
#Run 18
5.0	0.5796954795504226
5.1	0.48170532923224063
5.2	0.4002875879655706
5.3	0.332637908182465
5.4	0.2764267800410067
5.5	0.22971907661082433
5.6	0.1919757129592403
5.7	0.1623495852199288
5.8	0.13824758842716883
5.9	0.1173865318151349
6.0	0.10248665714532913
6.1	0.08454569224409136
6.2	0.06955074951328286
6.3	0.056851979106586736
6.4	0.04827057699074755
6.5	0.05472925907327146
6.6	0.04374388989654898
6.7	0.03923821973081839
6.8	0.03471744734002378
6.9	0.03183597939339864
7.0	0.029958833679988757
7.1	0.023324192548132665
7.2	0.018533277543387253
7.300000000000001	0.013556340109997907
7.4	0.009978043819013951
7.5	0.0074383483524739944
7.6	0.005653516640401814
7.7	0.004100516129333986
7.800000000000001	0.0030759867081674996
7.9	0.001903802979006382
8.0	8.576854627197635E-4
8.1	2.619463154326549E-4
8.2	4.646183835800738E-5
8.3	1.9639506153669866E-6
8.4	0.0
8.5	0.0
8.6	0.0
8.7	0.0
8.8	0.0
8.9	0.0
9.0	0.0
#Run 19
5.0	0.5796954795504226
5.1	0.48170532923224063
5.2	0.4002875879655706
5.3	0.332637908182465
5.4	0.2764267800410067
5.5	0.22971907661082433
5.6	0.1914789889563463
5.7	0.16063237464404778
5.8	0.1352831763618814
5.9	0.11574749119166196
6.0	0.10384807254938919
6.1	0.08761068909828018
6.2	0.07184049301225054
6.3	0.0577407112748665
6.4	0.048405008588921536
6.5	0.05170275741199803
6.6	0.041431724640318704
6.7	0.03806297826136575
6.8	0.03454784213864145
6.9	0.031169118230295143
7.0	0.02827434870050985
7.1	0.02062261980792829
7.2	0.016157972886120375
7.300000000000001	0.012680758799657986
7.4	0.010098687576033468
7.5	0.0076609490047467544
7.6	0.0054179663197873
7.7	0.003893505678714586
7.800000000000001	0.0034879831506747965
7.9	0.0027753649335786105
8.0	0.001569412187327593
8.1	5.491338753858381E-4
8.2	1.0568950849405323E-4
8.3	2.9562678266824688E-6
8.4	0.0
8.5	0.0
8.6	0.0
8.7	0.0
8.8	0.0
8.9	0.0
9.0	0.0
#Run 20
5.0	0.5796954795504226
5.1	0.48170532923224063
5.2	0.4002875879655706
5.3	0.332637908182465
5.4	0.2764267800410067
5.5	0.22971907661082433
5.6	0.1914789889563463
5.7	0.16063237464404778
5.8	0.1352831763618814
5.9	0.11574749119166196
6.0	0.10384807254938919
6.1	0.08761068909828018
6.2	0.07184049301225054
6.3	0.0577407112748665
6.4	0.04844837140348934
6.5	0.054860401769971666
6.6	0.04428271234190903
6.7	0.04059047362355299
6.8	0.036840074859441824
6.9	0.033539056623204
7.0	0.03059032916921418
7.1	0.02314811052828825
7.2	0.01865466996265932
7.300000000000001	0.014303536621014478
7.4	0.01062026657319251
7.5	0.007357999640862963
7.6	0.004895193040599386
7.7	0.003390499801814867
7.800000000000001	0.0031256505387201967
7.9	0.0026073119407250497
8.0	0.001521450254129734
8.1	5.491338753858381E-4
8.2	1.0568950849405323E-4
8.3	2.9562678266824688E-6
8.4	0.0
8.5	0.0
8.6	0.0
8.7	0.0
8.8	0.0
8.9	0.0
9.0	0.0
#Run 21
5.0	0.5796954795504226
5.1	0.48170532923224063
5.2	0.4002875879655706
5.3	0.332637908182465
5.4	0.2764267800410067
5.5	0.22971907661082433
5.6	0.19090724114220933
5.7	0.15865580136099192
5.8	0.13187102774684656
5.9	0.10950103745354235
6.0	0.09370433349943166
6.1	0.07543115586145392
6.2	0.06312853851772264
6.3	0.0528673576366715
6.4	0.044816236100893664
6.5	0.08256800271821438
6.6	0.0666068616985996
6.7	0.05779870654320726
6.8	0.04859326975949667
6.9	0.040355083830878616
7.0	0.03333844582860032
7.1	0.02317476965571676
7.2	0.019130977471603455
7.300000000000001	0.015389545179409693
7.4	0.010930327629108746
7.5	0.007869865241314269
7.6	0.005537933135616407
7.7	0.0036737822166693257
7.800000000000001	0.002197956785106242
7.9	0.0015870451060393776
8.0	6.879583536872409E-4
8.1	0.0
8.2	0.0
8.3	0.0
8.4	0.0
8.5	0.0
8.6	0.0
8.7	0.0
8.8	0.0
8.9	0.0
9.0	0.0
#Run 22
5.0	0.5796954795504226
5.1	0.48170532923224063
5.2	0.4002875879655706
5.3	0.332637908182465
5.4	0.2764267800410067
5.5	0.22971907661082433
5.6	0.19090724114220933
5.7	0.15865580136099192
5.8	0.13187102774684656
5.9	0.10950103745354235
6.0	0.09370433349943166
6.1	0.07543115586145392
6.2	0.06312853851772264
6.3	0.0528673576366715
6.4	0.044859598915461485
6.5	0.08572564707618802
6.6	0.06945784940018992
6.7	0.06032620190539449
6.8	0.05088550248029705
6.9	0.04272502222378746
7.0	0.035654426297304656
7.1	0.02570026037607672
7.2	0.021627674548142396
7.300000000000001	0.017012323000766185
7.4	0.011451906626267789
7.5	0.007566915877430477
7.6	0.005015159856428493
7.7	0.0031707763397696067
7.800000000000001	0.0018356241731516424
7.9	0.001418992113185817
8.0	6.399964204893818E-4
8.1	0.0
8.2	0.0
8.3	0.0
8.4	0.0
8.5	0.0
8.6	0.0
8.7	0.0
8.8	0.0
8.9	0.0
9.0	0.0
#Run 23
5.0	0.5796954795504226
5.1	0.48170532923224063
5.2	0.4002875879655706
5.3	0.332637908182465
5.4	0.2764267800410067
5.5	0.22971907661082433
5.6	0.19090724114220933
5.7	0.15865580136099192
5.8	0.13187102774684656
5.9	0.10950103745354235
6.0	0.09370433349943166
6.1	0.07543115586145392
6.2	0.06312853851772264
6.3	0.0528673576366715
6.4	0.044816236100893664
6.5	0.08256800271821438
6.6	0.0666068616985996
6.7	0.05779870654320726
6.8	0.04859326975949667
6.9	0.040355083830878616
7.0	0.03333844582860032
7.1	0.02317476965571676
7.2	0.019130977471603455
7.300000000000001	0.015389545179409693
7.4	0.010930327629108746
7.5	0.007869865241314269
7.6	0.005537933135616407
7.7	0.0036737822166693257
7.800000000000001	0.002197956785106242
7.9	0.0015870451060393776
8.0	6.879583536872409E-4
8.1	0.0
8.2	0.0
8.3	0.0
8.4	0.0
8.5	0.0
8.6	0.0
8.7	0.0
8.8	0.0
8.9	0.0
9.0	0.0
#Run 24
5.0	0.5796954795504226
5.1	0.48170532923224063
5.2	0.4002875879655706
5.3	0.332637908182465
5.4	0.2764267800410067
5.5	0.22971907661082433
5.6	0.19090724114220933
5.7	0.15865580136099192
5.8	0.13187102774684656
5.9	0.10950103745354235
6.0	0.09370433349943166
6.1	0.07543115586145392
6.2	0.06312853851772264
6.3	0.0528673576366715
6.4	0.044859598915461485
6.5	0.08572564707618802
6.6	0.06945784940018992
6.7	0.06032620190539449
6.8	0.05088550248029705
6.9	0.04272502222378746
7.0	0.035654426297304656
7.1	0.02570026037607672
7.2	0.021627674548142396
7.300000000000001	0.017012323000766185
7.4	0.011451906626267789
7.5	0.007566915877430477
7.6	0.005015159856428493
7.7	0.0031707763397696067
7.800000000000001	0.0018356241731516424
7.9	0.001418992113185817
8.0	6.399964204893818E-4
8.1	0.0
8.2	0.0
8.3	0.0
8.4	0.0
8.5	0.0
8.6	0.0
8.7	0.0
8.8	0.0
8.9	0.0
9.0	0.0
#Run 25
5.0	0.5796954795504226
5.1	0.48170532923224063
5.2	0.4002875879655706
5.3	0.332637908182465
5.4	0.2796854357064004
5.5	0.2395236387161869
5.6	0.20700789175049922
5.7	0.1761207484261179
5.8	0.15100393029045447
5.9	0.12738471291898934
6.0	0.1062593753865549
6.1	0.08502127498343107
6.2	0.07382929352870643
6.3	0.06625839588617223
6.4	0.06134909881047583
6.5	0.07406145272107956
6.6	0.06241813954739488
6.7	0.05121920032228426
6.8	0.04486948486851358
6.9	0.037439516744299524
7.0	0.028071744695238633
7.1	0.016939344885531445
7.2	0.012629575516007914
7.300000000000001	0.010102035137955014
7.4	0.008406322026862837
7.5	0.006548354940352852
7.6	0.004983492517306738
7.7	0.0036111909182991574
7.800000000000001	0.0030050402403642776
7.9	0.002106432498234713
8.0	0.001126566947880759
8.1	4.349492261335072E-4
8.2	1.4088160197468568E-4
8.3	2.970260200044878E-5
8.4	3.103707214246735E-6
8.5	0.0
8.6	0.0
8.7	0.0
8.8	0.0
8.9	0.0
9.0	0.0
#Run 26
5.0	0.5796954795504226
5.1	0.48170532923224063
5.2	0.4002875879655706
5.3	0.332637908182465
5.4	0.2796854357064004
5.5	0.2395236387161869
5.6	0.20700789175049922
5.7	0.1761207484261179
5.8	0.15100393029045447
5.9	0.12738471291898934
6.0	0.1062593753865549
6.1	0.08502127498343107
6.2	0.0739584281403156
6.3	0.06685175414639578
6.4	0.06251141344086172
6.5	0.08012303616228508
6.6	0.06804678336832654
6.7	0.05643185115706746
6.8	0.048748554843757355
6.9	0.04086111479740964
7.0	0.031907898948435154
7.1	0.020622587170615495
7.2	0.014874342423589334
7.300000000000001	0.01111448563030883
7.4	0.008289861162000874
7.5	0.006034991708868591
7.6	0.004434673223204281
7.7	0.003219811123971565
7.800000000000001	0.002746863412361707
7.9	0.001903921612432859
8.0	0.0010303422037003032
8.1	4.0099477771516934E-4
8.2	1.4088160197468568E-4
8.3	2.970260200044878E-5
8.4	3.103707214246735E-6
8.5	0.0
8.6	0.0
8.7	0.0
8.8	0.0
8.9	0.0
9.0	0.0
#Run 27
5.0	0.5796954795504226
5.1	0.48170532923224063
5.2	0.4002875879655706
5.3	0.332637908182465
5.4	0.2772355343222063
5.5	0.23215243637393435
5.6	0.19545642529753515
5.7	0.16558028536154948
5.8	0.1426740968578849
5.9	0.12111221676234231
6.0	0.1017695966302045
6.1	0.08155796796005105
6.2	0.07039630878056136
6.3	0.0632306341387788
6.4	0.0594910098850204
6.5	0.07330802432216141
6.6	0.061846137467118714
6.7	0.04910922676128117
6.8	0.040411166201553654
6.9	0.03208946254621524
7.0	0.024573438330415805
7.1	0.015982663504744997
7.2	0.013038899196982884
7.300000000000001	0.010485960749503465
7.4	0.008087512351454771
7.5	0.005699056603191436
7.6	0.00391274479722101
7.7	0.002716595771264785
7.800000000000001	0.0027372295532278627
7.9	0.002730354390170044
8.0	0.002285063496220793
8.1	0.0014336557429812469
8.2	5.939367355871077E-4
8.3	1.433346269001312E-4
8.4	7.91978960324822E-6
8.5	0.0
8.6	0.0
8.7	0.0
8.8	0.0
8.9	0.0
9.0	0.0
#Run 28
5.0	0.5796954795504226
5.1	0.48170532923224063
5.2	0.4002875879655706
5.3	0.332637908182465
5.4	0.2772355343222063
5.5	0.23215243637393435
5.6	0.19545642529753515
5.7	0.16558028536154948
5.8	0.1426740968578849
5.9	0.12111221676234231
6.0	0.1017695966302045
6.1	0.08155796796005105
6.2	0.07052544339217053
6.3	0.06382399239900235
6.4	0.060653324515406296
6.5	0.07936960776336693
6.6	0.06747478128805037
6.7	0.05432187759606436
6.8	0.04429023617679743
6.9	0.035511060599325364
7.0	0.028409592583612323
7.1	0.01966590578982905
7.2	0.015283666104564305
7.300000000000001	0.011498411241857279
7.4	0.007971051486592806
7.5	0.005185693371707176
7.6	0.003363925503118551
7.7	0.002325215976937193
7.800000000000001	0.002479052725225292
7.9	0.0025278435043681897
8.0	0.0021888387520403374
8.1	0.001399701294562909
8.2	5.939367355871077E-4
8.3	1.433346269001312E-4
8.4	7.91978960324822E-6
8.5	0.0
8.6	0.0
8.7	0.0
8.8	0.0
8.9	0.0
9.0	0.0
#Run 29
5.0	0.5796954795504226
5.1	0.48170532923224063
5.2	0.4002875879655706
5.3	0.332637908182465
5.4	0.2764267800410067
5.5	0.22971907661082433
5.6	0.19090724114220933
5.7	0.15865580136099192
5.8	0.13187102774684656
5.9	0.10950103745354235
6.0	0.09412429499176869
6.1	0.07707469581384105
6.2	0.0667649251353783
6.3	0.05961969819615147
6.4	0.05592959893649674
6.5	0.10195503363704622
6.6	0.08380327761272736
6.7	0.06557440974976458
6.8	0.05187119335821646
6.9	0.038127127742156736
7.0	0.030496001698913682
7.1	0.021928856945110382
7.2	0.017813606406181078
7.300000000000001	0.012720729529480463
7.4	0.008985376520763767
7.5	0.006324136483436487
7.6	0.0045829021038293815
7.7	0.0029847308413975563
7.800000000000001	0.00169826711505813
7.9	0.0012925122422894986
8.0	0.0010028483829596455
8.1	4.1106046299614667E-4
8.2	3.136631207907376E-4
8.3	0.0
8.4	0.0
8.5	0.0
8.6	0.0
8.7	0.0
8.8	0.0
8.9	0.0
9.0	0.0
#Run 30
5.0	0.5796954795504226
5.1	0.48170532923224063
5.2	0.4002875879655706
5.3	0.332637908182465
5.4	0.2764267800410067
5.5	0.22971907661082433
5.6	0.19090724114220933
5.7	0.15865580136099192
5.8	0.13187102774684656
5.9	0.10950103745354235
6.0	0.09412429499176869
6.1	0.07707469581384105
6.2	0.06689405974698746
6.3	0.06021305645637502
6.4	0.05709191356688263
6.5	0.10801661707825175
6.6	0.08943192143365902
6.7	0.0707870605845478
6.8	0.05575026333346023
6.9	0.04154872579526686
7.0	0.0343321559521102
7.1	0.025612099230194432
7.2	0.020058373313762496
7.300000000000001	0.013733180021834279
7.4	0.008868915655901803
7.5	0.005810773251952227
7.6	0.004034082809726923
7.7	0.002593351047069964
7.800000000000001	0.0014400902870555592
7.9	0.0010900013564876443
8.0	9.066236387791898E-4
8.1	3.771060145778088E-4
8.2	3.136631207907376E-4
8.3	0.0
8.4	0.0
8.5	0.0
8.6	0.0
8.7	0.0
8.8	0.0
8.9	0.0
9.0	0.0
#Run 31
5.0	0.5796954795504226
5.1	0.48170532923224063
5.2	0.4002875879655706
5.3	0.332637908182465
5.4	0.2764267800410067
5.5	0.22971907661082433
5.6	0.19090724114220933
5.7	0.15865580136099192
5.8	0.13187102774684656
5.9	0.10950103745354235
6.0	0.09412429499176869
6.1	0.07707469581384105
6.2	0.0667649251353783
6.3	0.05961969819615147
6.4	0.05592959893649674
6.5	0.10195503363704622
6.6	0.08380327761272736
6.7	0.06557440974976458
6.8	0.05187119335821646
6.9	0.038127127742156736
7.0	0.030496001698913682
7.1	0.021928856945110382
7.2	0.017813606406181078
7.300000000000001	0.012720729529480463
7.4	0.008985376520763767
7.5	0.006324136483436487
7.6	0.0045829021038293815
7.7	0.0029847308413975563
7.800000000000001	0.00169826711505813
7.9	0.0012925122422894986
8.0	0.0010028483829596455
8.1	4.1106046299614667E-4
8.2	3.136631207907376E-4
8.3	0.0
8.4	0.0
8.5	0.0
8.6	0.0
8.7	0.0
8.8	0.0
8.9	0.0
9.0	0.0
#Run 32
5.0	0.5796954795504226
5.1	0.48170532923224063
5.2	0.4002875879655706
5.3	0.332637908182465
5.4	0.2764267800410067
5.5	0.22971907661082433
5.6	0.19090724114220933
5.7	0.15865580136099192
5.8	0.13187102774684656
5.9	0.10950103745354235
6.0	0.09412429499176869
6.1	0.07707469581384105
6.2	0.06689405974698746
6.3	0.06021305645637502
6.4	0.05709191356688263
6.5	0.10801661707825175
6.6	0.08943192143365902
6.7	0.0707870605845478
6.8	0.05575026333346023
6.9	0.04154872579526686
7.0	0.0343321559521102
7.1	0.025612099230194432
7.2	0.020058373313762496
7.300000000000001	0.013733180021834279
7.4	0.008868915655901803
7.5	0.005810773251952227
7.6	0.004034082809726923
7.7	0.002593351047069964
7.800000000000001	0.0014400902870555592
7.9	0.0010900013564876443
8.0	9.066236387791898E-4
8.1	3.771060145778088E-4
8.2	3.136631207907376E-4
8.3	0.0
8.4	0.0
8.5	0.0
8.6	0.0
8.7	0.0
8.8	0.0
8.9	0.0
9.0	0.0
#Run 33
5.0	0.5796954795504226
5.1	0.48170532923224063
5.2	0.4002875879655706
5.3	0.332637908182465
5.4	0.2764267800410067
5.5	0.22971907661082433
5.6	0.1919757129592403
5.7	0.1623495852199288
5.8	0.13824758842716883
5.9	0.11737772207476574
6.0	0.10246299377250316
6.1	0.0845139529843992
6.2	0.06952949145717188
6.3	0.05684486931426464
6.4	0.04822721417617974
6.5	0.05167246347961693
6.6	0.04099840329407395
6.7	0.03687157402372995
6.8	0.032687922473413636
6.9	0.029757704973512215
7.0	0.02788567933909862
7.1	0.02088469776161843
7.2	0.015908661920633633
7.300000000000001	0.011543149121842573
7.4	0.009189437886591748
7.5	0.007700172802739752
7.6	0.0064937628073194215
7.7	0.004898411381910362
7.800000000000001	0.0036046892052040837
7.9	0.002100679088538994
8.0	9.261972027772222E-4
8.1	2.752822860384689E-4
8.2	5.105010358549558E-5
8.3	2.76926787827579E-6
8.4	0.0
8.5	0.0
8.6	0.0
8.7	0.0
8.8	0.0
8.9	0.0
9.0	0.0
#Run 34
5.0	0.5796954795504226
5.1	0.48170532923224063
5.2	0.4002875879655706
5.3	0.332637908182465
5.4	0.2764267800410067
5.5	0.22971907661082433
5.6	0.1919757129592403
5.7	0.1623495852199288
5.8	0.13824758842716883
5.9	0.11737772207476574
6.0	0.10246299377250316
6.1	0.0845139529843992
6.2	0.06952949145717188
6.3	0.05684486931426464
6.4	0.04827057699074755
6.5	0.05483010783759057
6.6	0.043849390995664275
6.7	0.03939906938591719
6.8	0.03498015519421401
6.9	0.03212764336642107
7.0	0.03020165980780295
7.1	0.02341018848197839
7.2	0.018405358997172574
7.300000000000001	0.013165926943199065
7.4	0.009711016883750792
7.5	0.007397223438855962
7.6	0.005970989528131508
7.7	0.0043954055050106425
7.800000000000001	0.003242356593249484
7.9	0.0019326260956854333
8.0	8.782352695793632E-4
8.1	2.752822860384689E-4
8.2	5.105010358549558E-5
8.3	2.76926787827579E-6
8.4	0.0
8.5	0.0
8.6	0.0
8.7	0.0
8.8	0.0
8.9	0.0
9.0	0.0
#Run 35
5.0	0.5796954795504226
5.1	0.48170532923224063
5.2	0.4002875879655706
5.3	0.332637908182465
5.4	0.2764267800410067
5.5	0.22971907661082433
5.6	0.1914789889563463
5.7	0.16063237464404778
5.8	0.1352831763618814
5.9	0.11574749119166196
6.0	0.10384807254938919
6.1	0.08761068909828018
6.2	0.07184049301225054
6.3	0.0577407112748665
6.4	0.048405008588921536
6.5	0.05180360617631713
6.6	0.04151560698883981
6.7	0.03813274855990062
6.8	0.03460587454526176
6.9	0.03121738748367182
7.0	0.028314497316726746
7.1	0.020550373378572434
7.2	0.015886370227965144
7.300000000000001	0.012280201768415815
7.4	0.01000417072582357
7.5	0.007886518575746213
7.6	0.00582624121669246
7.7	0.004121126013391978
7.800000000000001	0.0035683026462327593
7.9	0.0027753649335786105
8.0	0.001569412187327593
8.1	5.491338753858381E-4
8.2	1.0568950849405323E-4
8.3	2.9562678266824688E-6
8.4	0.0
8.5	0.0
8.6	0.0
8.7	0.0
8.8	0.0
8.9	0.0
9.0	0.0
#Run 36
5.0	0.5796954795504226
5.1	0.48170532923224063
5.2	0.4002875879655706
5.3	0.332637908182465
5.4	0.2764267800410067
5.5	0.22971907661082433
5.6	0.1914789889563463
5.7	0.16063237464404778
5.8	0.1352831763618814
5.9	0.11574749119166196
6.0	0.10384807254938919
6.1	0.08761068909828018
6.2	0.07184049301225054
6.3	0.0577407112748665
6.4	0.04844837140348934
6.5	0.054961250534290775
6.6	0.044366594690430125
6.7	0.040660243922087856
6.8	0.03689810726606214
6.9	0.03358732587658068
7.0	0.030630477785431078
7.1	0.02307586409893239
7.2	0.018383067304504085
7.300000000000001	0.013902979589772307
7.4	0.010525749722982614
7.5	0.007583569211862422
7.6	0.005303467937504547
7.7	0.003618120136492259
7.800000000000001	0.0032059700342781596
7.9	0.0026073119407250497
8.0	0.001521450254129734
8.1	5.491338753858381E-4
8.2	1.0568950849405323E-4
8.3	2.9562678266824688E-6
8.4	0.0
8.5	0.0
8.6	0.0
8.7	0.0
8.8	0.0
8.9	0.0
9.0	0.0
#Run 37
5.0	0.5796954795504226
5.1	0.48170532923224063
5.2	0.4002875879655706
5.3	0.332637908182465
5.4	0.2764267800410067
5.5	0.22971907661082433
5.6	0.19090724114220933
5.7	0.15865580136099192
5.8	0.13187102774684656
5.9	0.10950103745354235
6.0	0.09370433349943166
6.1	0.07543115586145392
6.2	0.06312853851772264
6.3	0.0528673576366715
6.4	0.044816236100893664
6.5	0.08128345099812588
6.6	0.06553841811572238
6.7	0.05691001387950285
6.8	0.047854087398182615
6.9	0.03974025872249946
7.0	0.03282705657788627
7.1	0.02264377401025649
7.2	0.018477803835470822
7.300000000000001	0.014671611232581705
7.4	0.010571828158730255
7.5	0.007875863632656735
7.6	0.005763576680104606
7.7	0.0037494964089388036
7.800000000000001	0.0023740936759667442
7.9	0.0016667425440934534
8.0	7.542477953103203E-4
8.1	0.0
8.2	0.0
8.3	0.0
8.4	0.0
8.5	0.0
8.6	0.0
8.7	0.0
8.8	0.0
8.9	0.0
9.0	0.0
#Run 38
5.0	0.5796954795504226
5.1	0.48170532923224063
5.2	0.4002875879655706
5.3	0.332637908182465
5.4	0.2764267800410067
5.5	0.22971907661082433
5.6	0.19090724114220933
5.7	0.15865580136099192
5.8	0.13187102774684656
5.9	0.10950103745354235
6.0	0.09370433349943166
6.1	0.07543115586145392
6.2	0.06312853851772264
6.3	0.0528673576366715
6.4	0.044859598915461485
6.5	0.08444109535609952
6.6	0.06838940581731269
6.7	0.059437509241690084
6.8	0.05014632011898299
6.9	0.04211019711540831
7.0	0.03514303704659061
7.1	0.02516926473061645
7.2	0.020974500912009763
7.300000000000001	0.016294389053938197
7.4	0.0110934071558893
7.5	0.007572914268772943
7.6	0.005240803400916692
7.7	0.003246490532039085
7.800000000000001	0.0020117610640121445
7.9	0.0014986895512398928
8.0	7.062858621124612E-4
8.1	0.0
8.2	0.0
8.3	0.0
8.4	0.0
8.5	0.0
8.6	0.0
8.7	0.0
8.8	0.0
8.9	0.0
9.0	0.0
#Run 39
5.0	0.5796954795504226
5.1	0.48170532923224063
5.2	0.4002875879655706
5.3	0.332637908182465
5.4	0.2764267800410067
5.5	0.22971907661082433
5.6	0.19090724114220933
5.7	0.15865580136099192
5.8	0.13187102774684656
5.9	0.10950103745354235
6.0	0.09370433349943166
6.1	0.07543115586145392
6.2	0.06312853851772264
6.3	0.0528673576366715
6.4	0.044816236100893664
6.5	0.08128345099812588
6.6	0.06553841811572238
6.7	0.05691001387950285
6.8	0.047854087398182615
6.9	0.03974025872249946
7.0	0.03282705657788627
7.1	0.02264377401025649
7.2	0.018477803835470822
7.300000000000001	0.014671611232581705
7.4	0.010571828158730255
7.5	0.007875863632656735
7.6	0.005763576680104606
7.7	0.0037494964089388036
7.800000000000001	0.0023740936759667442
7.9	0.0016667425440934534
8.0	7.542477953103203E-4
8.1	0.0
8.2	0.0
8.3	0.0
8.4	0.0
8.5	0.0
8.6	0.0
8.7	0.0
8.8	0.0
8.9	0.0
9.0	0.0
#Run 40
5.0	0.5796954795504226
5.1	0.48170532923224063
5.2	0.4002875879655706
5.3	0.332637908182465
5.4	0.2764267800410067
5.5	0.22971907661082433
5.6	0.19090724114220933
5.7	0.15865580136099192
5.8	0.13187102774684656
5.9	0.10950103745354235
6.0	0.09370433349943166
6.1	0.07543115586145392
6.2	0.06312853851772264
6.3	0.0528673576366715
6.4	0.044859598915461485
6.5	0.08444109535609952
6.6	0.06838940581731269
6.7	0.059437509241690084
6.8	0.05014632011898299
6.9	0.04211019711540831
7.0	0.03514303704659061
7.1	0.02516926473061645
7.2	0.020974500912009763
7.300000000000001	0.016294389053938197
7.4	0.0110934071558893
7.5	0.007572914268772943
7.6	0.005240803400916692
7.7	0.003246490532039085
7.800000000000001	0.0020117610640121445
7.9	0.0014986895512398928
8.0	7.062858621124612E-4
8.1	0.0
8.2	0.0
8.3	0.0
8.4	0.0
8.5	0.0
8.6	0.0
8.7	0.0
8.8	0.0
8.9	0.0
9.0	0.0
#Run 41
5.0	0.5796954795504226
5.1	0.48170532923224063
5.2	0.4002875879655706
5.3	0.332637908182465
5.4	0.2796854357064004
5.5	0.2395236387161869
5.6	0.20698593448644667
5.7	0.17601795473203988
5.8	0.1507636261066324
5.9	0.12710419358403438
6.0	0.10609585538640175
6.1	0.08497367732732519
6.2	0.07382929352870643
6.3	0.06625839588617223
6.4	0.0613706852076521
6.5	0.0741083516190234
6.6	0.06257411190074971
6.7	0.05146363651748935
6.8	0.045140295625446275
6.9	0.03764763932647759
7.0	0.028056164946592837
7.1	0.016587375765170893
7.2	0.011960125753685585
7.300000000000001	0.00960204614417933
7.4	0.008035435673683294
7.5	0.006463127384641826
7.6	0.005287655561953815
7.7	0.003956924069336313
7.800000000000001	0.003175026806893816
7.9	0.002085410947748982
8.0	0.0011160886543503626
8.1	4.69906430179089E-4
8.2	1.7616737483282355E-4
8.3	4.388513184895112E-5
8.4	6.996719673869566E-6
8.5	0.0
8.6	0.0
8.7	0.0
8.8	0.0
8.9	0.0
9.0	0.0
#Run 42
5.0	0.5796954795504226
5.1	0.48170532923224063
5.2	0.4002875879655706
5.3	0.332637908182465
5.4	0.2796854357064004
5.5	0.2395236387161869
5.6	0.20698593448644667
5.7	0.17601795473203988
5.8	0.1507636261066324
5.9	0.12710419358403438
6.0	0.10609585538640175
6.1	0.08497367732732519
6.2	0.0739584281403156
6.3	0.06685175414639578
6.4	0.06253299983803799
6.5	0.08016993506022893
6.6	0.06820275572168137
6.7	0.056676287352272536
6.8	0.04901936560069005
6.9	0.04106923737958771
7.0	0.031892319199789354
7.1	0.020270618050254943
7.2	0.014204892661267005
7.300000000000001	0.010614496636533143
7.4	0.00791897480882133
7.5	0.005949764153157566
7.6	0.004738836267851356
7.7	0.0035655442750087206
7.800000000000001	0.0029168499788912454
7.9	0.0018829000619471278
8.0	0.0010198639101699069
8.1	4.359519817607511E-4
8.2	1.7616737483282355E-4
8.3	4.388513184895112E-5
8.4	6.996719673869566E-6
8.5	0.0
8.6	0.0
8.7	0.0
8.8	0.0
8.9	0.0
9.0	0.0
#Run 43
5.0	0.5796954795504226
5.1	0.48170532923224063
5.2	0.4002875879655706
5.3	0.332637908182465
5.4	0.2772355343222063
5.5	0.23215243637393435
5.6	0.19545642529753515
5.7	0.16558028536154948
5.8	0.1426740968578849
5.9	0.12111221676234231
6.0	0.1017695966302045
6.1	0.08155796796005105
6.2	0.07039630878056136
6.3	0.0632306341387788
6.4	0.0594910098850204
6.5	0.07327544881447617
6.6	0.06181904234000085
6.7	0.049086690016171115
6.8	0.04039242095345253
6.9	0.0320738709279644
7.0	0.024411248482264367
7.1	0.015548993066351692
7.2	0.012431491291318583
7.300000000000001	0.010212809935784375
7.4	0.008143152910580972
7.5	0.006030266767975874
7.6	0.00432101969412617
7.7	0.0029442161059421773
7.800000000000001	0.002817549048785825
7.9	0.002730354390170044
8.0	0.002285063496220793
8.1	0.0014336557429812469
8.2	5.939367355871077E-4
8.3	1.433346269001312E-4
8.4	7.91978960324822E-6
8.5	0.0
8.6	0.0
8.7	0.0
8.8	0.0
8.9	0.0
9.0	0.0
#Run 44
5.0	0.5796954795504226
5.1	0.48170532923224063
5.2	0.4002875879655706
5.3	0.332637908182465
5.4	0.2772355343222063
5.5	0.23215243637393435
5.6	0.19545642529753515
5.7	0.16558028536154948
5.8	0.1426740968578849
5.9	0.12111221676234231
6.0	0.1017695966302045
6.1	0.08155796796005105
6.2	0.07052544339217053
6.3	0.06382399239900235
6.4	0.060653324515406296
6.5	0.0793370322556817
6.6	0.06744768616093252
6.7	0.0542993408509543
6.8	0.04427149092869631
6.9	0.03549546898107452
7.0	0.028247402735460884
7.1	0.01923223535143574
7.2	0.014676258198900003
7.300000000000001	0.011225260428138189
7.4	0.008026692045719009
7.5	0.005516903536491614
7.6	0.0037722004000237124
7.7	0.0025528363116145846
7.800000000000001	0.0025593722207832544
7.9	0.0025278435043681897
8.0	0.0021888387520403374
8.1	0.001399701294562909
8.2	5.939367355871077E-4
8.3	1.433346269001312E-4
8.4	7.91978960324822E-6
8.5	0.0
8.6	0.0
8.7	0.0
8.8	0.0
8.9	0.0
9.0	0.0
#Run 45
5.0	0.5796954795504226
5.1	0.48170532923224063
5.2	0.4002875879655706
5.3	0.332637908182465
5.4	0.2764267800410067
5.5	0.22971907661082433
5.6	0.19090724114220933
5.7	0.15865580136099192
5.8	0.13187102774684656
5.9	0.10950103745354235
6.0	0.09412429499176869
6.1	0.07707469581384105
6.2	0.0667649251353783
6.3	0.05961969819615147
6.4	0.05592959893649674
6.5	0.10023071038809012
6.6	0.08236904800457562
6.7	0.06438146952226119
6.8	0.05087894889588815
6.9	0.037301814746314804
7.0	0.02966031494419463
7.1	0.02093499617988441
7.2	0.0167402524817352
7.300000000000001	0.012060021698049336
7.4	0.0087186611933205
7.5	0.0063872227003707585
7.6	0.0047681612147477525
7.7	0.0030268547249071493
7.800000000000001	0.0018464648040320067
7.9	0.0013489708644207558
8.0	0.0010498086194148006
8.1	4.501202863619596E-4
8.2	3.461516667720905E-4
8.3	0.0
8.4	0.0
8.5	0.0
8.6	0.0
8.7	0.0
8.8	0.0
8.9	0.0
9.0	0.0
#Run 46
5.0	0.5796954795504226
5.1	0.48170532923224063
5.2	0.4002875879655706
5.3	0.332637908182465
5.4	0.2764267800410067
5.5	0.22971907661082433
5.6	0.19090724114220933
5.7	0.15865580136099192
5.8	0.13187102774684656
5.9	0.10950103745354235
6.0	0.09412429499176869
6.1	0.07707469581384105
6.2	0.06689405974698746
6.3	0.06021305645637502
6.4	0.05709191356688263
6.5	0.10629229382929564
6.6	0.08799769182550728
6.7	0.06959412035704439
6.8	0.05475801887113193
6.9	0.04072341279942493
7.0	0.033496469197391146
7.1	0.024618238464968457
7.2	0.018985019389316623
7.300000000000001	0.01307247219040315
7.4	0.008602200328458535
7.5	0.005873859468886499
7.6	0.004219341920645294
7.7	0.0026354749305795566
7.800000000000001	0.0015882879760294357
7.9	0.0011464599786189015
8.0	9.535838752343449E-4
8.1	4.1616583794362174E-4
8.2	3.461516667720905E-4
8.3	0.0
8.4	0.0
8.5	0.0
8.6	0.0
8.7	0.0
8.8	0.0
8.9	0.0
9.0	0.0
#Run 47
5.0	0.5796954795504226
5.1	0.48170532923224063
5.2	0.4002875879655706
5.3	0.332637908182465
5.4	0.2764267800410067
5.5	0.22971907661082433
5.6	0.19090724114220933
5.7	0.15865580136099192
5.8	0.13187102774684656
5.9	0.10950103745354235
6.0	0.09412429499176869
6.1	0.07707469581384105
6.2	0.0667649251353783
6.3	0.05961969819615147
6.4	0.05592959893649674
6.5	0.10023071038809012
6.6	0.08236904800457562
6.7	0.06438146952226119
6.8	0.05087894889588815
6.9	0.037301814746314804
7.0	0.02966031494419463
7.1	0.02093499617988441
7.2	0.0167402524817352
7.300000000000001	0.012060021698049336
7.4	0.0087186611933205
7.5	0.0063872227003707585
7.6	0.0047681612147477525
7.7	0.0030268547249071493
7.800000000000001	0.0018464648040320067
7.9	0.0013489708644207558
8.0	0.0010498086194148006
8.1	4.501202863619596E-4
8.2	3.461516667720905E-4
8.3	0.0
8.4	0.0
8.5	0.0
8.6	0.0
8.7	0.0
8.8	0.0
8.9	0.0
9.0	0.0
#Run 48
5.0	0.5796954795504226
5.1	0.48170532923224063
5.2	0.4002875879655706
5.3	0.332637908182465
5.4	0.2764267800410067
5.5	0.22971907661082433
5.6	0.19090724114220933
5.7	0.15865580136099192
5.8	0.13187102774684656
5.9	0.10950103745354235
6.0	0.09412429499176869
6.1	0.07707469581384105
6.2	0.06689405974698746
6.3	0.06021305645637502
6.4	0.05709191356688263
6.5	0.10629229382929564
6.6	0.08799769182550728
6.7	0.06959412035704439
6.8	0.05475801887113193
6.9	0.04072341279942493
7.0	0.033496469197391146
7.1	0.024618238464968457
7.2	0.018985019389316623
7.300000000000001	0.01307247219040315
7.4	0.008602200328458535
7.5	0.005873859468886499
7.6	0.004219341920645294
7.7	0.0026354749305795566
7.800000000000001	0.0015882879760294357
7.9	0.0011464599786189015
8.0	9.535838752343449E-4
8.1	4.1616583794362174E-4
8.2	3.461516667720905E-4
8.3	0.0
8.4	0.0
8.5	0.0
8.6	0.0
8.7	0.0
8.8	0.0
8.9	0.0
9.0	0.0
#Run 49
5.0	0.5796954795504226
5.1	0.48170532923224063
5.2	0.4002875879655706
5.3	0.332637908182465
5.4	0.2764267800410067
5.5	0.22971907661082433
5.6	0.1919757129592403
5.7	0.1623495852199288
5.8	0.13824758842716883
5.9	0.11738090255367821
6.0	0.10247153668694979
6.1	0.08452541144309586
6.2	0.06953716600787915
6.3	0.056847436080548874
6.4	0.04822721417617974
6.5	0.05063832566189741
6.6	0.04014278080323622
6.7	0.03608907825773166
6.8	0.03188512134660335
6.9	0.028760892410065204
7.0	0.02706279092832902
7.1	0.020036451644460437
7.2	0.015265227869286102
7.300000000000001	0.011379261282024903
7.4	0.009360033477109266
7.5	0.007665719745389827
7.6	0.006168317324718048
7.7	0.00461593167811133
7.800000000000001	0.003476637477073337
7.9	0.0020837981344472524
8.0	9.171545354618263E-4
8.1	2.7014076327227545E-4
8.2	4.906964912541775E-5
8.3	2.4167840630987376E-6
8.4	0.0
8.5	0.0
8.6	0.0
8.7	0.0
8.8	0.0
8.9	0.0
9.0	0.0
#Run 50
5.0	0.5796954795504226
5.1	0.48170532923224063
5.2	0.4002875879655706
5.3	0.332637908182465
5.4	0.2764267800410067
5.5	0.22971907661082433
5.6	0.1919757129592403
5.7	0.1623495852199288
5.8	0.13824758842716883
5.9	0.11738090255367821
6.0	0.10247153668694979
6.1	0.08452541144309586
6.2	0.06953716600787915
6.3	0.056847436080548874
6.4	0.04822721417617974
6.5	0.054035386900149814
6.6	0.0431556438083945
6.7	0.03898784713209752
6.8	0.034750522247811395
6.9	0.031807722200451444
7.0	0.030081902994447577
7.1	0.023101855109180364
7.2	0.01816085746526106
7.300000000000001	0.013008121541063252
7.4	0.009575823728695181
7.5	0.007133099199912952
7.6	0.0055517480382347405
7.7	0.004112843608670077
7.800000000000001	0.003114304865118737
7.9	0.0019157451415936916
8.0	8.691926022639673E-4
8.1	2.7014076327227545E-4
8.2	4.906964912541775E-5
8.3	2.4167840630987376E-6
8.4	0.0
8.5	0.0
8.6	0.0
8.7	0.0
8.8	0.0
8.9	0.0
9.0	0.0
#Run 51
5.0	0.5796954795504226
5.1	0.48170532923224063
5.2	0.4002875879655706
5.3	0.332637908182465
5.4	0.2764267800410067
5.5	0.22971907661082433
5.6	0.1914789889563463
5.7	0.16063237464404778
5.8	0.1352831763618814
5.9	0.11574749119166196
6.0	0.10384807254938919
6.1	0.08761068909828018
6.2	0.07184049301225054
6.3	0.0577407112748665
6.4	0.048405008588921536
6.5	0.050769468358597615
6.6	0.04066744489791152
6.7	0.037376537701011105
6.8	0.033861447900863456
6.9	0.03029419348690016
7.0	0.027594528555379007
7.1	0.019831105981942487
7.2	0.015351887234334586
7.300000000000001	0.01215465322899509
7.4	0.010144424571786796
7.5	0.007801143248064794
7.6	0.005511762327082693
7.7	0.003893587871256121
7.800000000000001	0.0034879831506747965
7.9	0.0027753649335786105
8.0	0.001569412187327593
8.1	5.491338753858381E-4
8.2	1.0568950849405323E-4
8.3	2.9562678266824688E-6
8.4	0.0
8.5	0.0
8.6	0.0
8.7	0.0
8.8	0.0
8.9	0.0
9.0	0.0
#Run 52
5.0	0.5796954795504226
5.1	0.48170532923224063
5.2	0.4002875879655706
5.3	0.332637908182465
5.4	0.2764267800410067
5.5	0.22971907661082433
5.6	0.1914789889563463
5.7	0.16063237464404778
5.8	0.1352831763618814
5.9	0.11574749119166196
6.0	0.10384807254938919
6.1	0.08761068909828018
6.2	0.07184049301225054
6.3	0.0577407112748665
6.4	0.048405008588921536
6.5	0.05416652959685002
6.6	0.0436803079030698
6.7	0.040275306575376965
6.8	0.0367268488020715
6.9	0.0333410232772864
7.0	0.030613640621497566
7.1	0.022896509446662418
7.2	0.01824751683030954
7.300000000000001	0.013783513488033439
7.4	0.010360214823372712
7.5	0.00726852270258792
7.6	0.004895193040599386
7.7	0.003390499801814867
7.800000000000001	0.0031256505387201967
7.9	0.0026073119407250497
8.0	0.001521450254129734
8.1	5.491338753858381E-4
8.2	1.0568950849405323E-4
8.3	2.9562678266824688E-6
8.4	0.0
8.5	0.0
8.6	0.0
8.7	0.0
8.8	0.0
8.9	0.0
9.0	0.0
#Run 53
5.0	0.5796954795504226
5.1	0.48170532923224063
5.2	0.4002875879655706
5.3	0.332637908182465
5.4	0.2764267800410067
5.5	0.22971907661082433
5.6	0.19090724114220933
5.7	0.15865580136099192
5.8	0.13187102774684656
5.9	0.10950103745354235
6.0	0.09370433349943166
6.1	0.07543115586145392
6.2	0.06312853851772264
6.3	0.0528673576366715
6.4	0.044816236100893664
6.5	0.0809888130672944
6.6	0.06530534523944208
6.7	0.05665098797067072
6.8	0.04749977881070755
6.9	0.039115434597882456
7.0	0.03239125892835651
7.1	0.022215474619882283
7.2	0.01818442997493285
7.300000000000001	0.014734170275672333
7.4	0.010852990803233823
7.5	0.007907691138630777
7.6	0.005546582861400024
7.7	0.0036030428170052554
7.800000000000001	0.0022536082810277404
7.9	0.001634409625104425
8.0	7.273544446812488E-4
8.1	0.0
8.2	0.0
8.3	0.0
8.4	0.0
8.5	0.0
8.6	0.0
8.7	0.0
8.8	0.0
8.9	0.0
9.0	0.0
#Run 54
5.0	0.5796954795504226
5.1	0.48170532923224063
5.2	0.4002875879655706
5.3	0.332637908182465
5.4	0.2764267800410067
5.5	0.22971907661082433
5.6	0.19090724114220933
5.7	0.15865580136099192
5.8	0.13187102774684656
5.9	0.10950103745354235
6.0	0.09370433349943166
6.1	0.07543115586145392
6.2	0.06312853851772264
6.3	0.0528673576366715
6.4	0.044816236100893664
6.5	0.0843858743055468
6.6	0.06831820824460036
6.7	0.05954975684503658
6.8	0.05036517971191559
6.9	0.0421622643882687
7.0	0.03541037099447507
7.1	0.025280878084602214
7.2	0.021080059570907805
7.300000000000001	0.016363030534710683
7.4	0.011068781054819739
7.5	0.007375070593153902
7.6	0.004930013574916716
7.7	0.0030999547475640014
7.800000000000001	0.0018912756690731404
7.9	0.0014663566322508643
8.0	6.793925114833897E-4
8.1	0.0
8.2	0.0
8.3	0.0
8.4	0.0
8.5	0.0
8.6	0.0
8.7	0.0
8.8	0.0
8.9	0.0
9.0	0.0
#Run 55
5.0	0.5796954795504226
5.1	0.48170532923224063
5.2	0.4002875879655706
5.3	0.332637908182465
5.4	0.2764267800410067
5.5	0.22971907661082433
5.6	0.19090724114220933
5.7	0.15865580136099192
5.8	0.13187102774684656
5.9	0.10950103745354235
6.0	0.09370433349943166
6.1	0.07543115586145392
6.2	0.06312853851772264
6.3	0.0528673576366715
6.4	0.044816236100893664
6.5	0.0809888130672944
6.6	0.06530534523944208
6.7	0.05665098797067072
6.8	0.04749977881070755
6.9	0.039115434597882456
7.0	0.03239125892835651
7.1	0.022215474619882283
7.2	0.01818442997493285
7.300000000000001	0.014734170275672333
7.4	0.010852990803233823
7.5	0.007907691138630777
7.6	0.005546582861400024
7.7	0.0036030428170052554
7.800000000000001	0.0022536082810277404
7.9	0.001634409625104425
8.0	7.273544446812488E-4
8.1	0.0
8.2	0.0
8.3	0.0
8.4	0.0
8.5	0.0
8.6	0.0
8.7	0.0
8.8	0.0
8.9	0.0
9.0	0.0
#Run 56
5.0	0.5796954795504226
5.1	0.48170532923224063
5.2	0.4002875879655706
5.3	0.332637908182465
5.4	0.2764267800410067
5.5	0.22971907661082433
5.6	0.19090724114220933
5.7	0.15865580136099192
5.8	0.13187102774684656
5.9	0.10950103745354235
6.0	0.09370433349943166
6.1	0.07543115586145392
6.2	0.06312853851772264
6.3	0.0528673576366715
6.4	0.044816236100893664
6.5	0.0843858743055468
6.6	0.06831820824460036
6.7	0.05954975684503658
6.8	0.05036517971191559
6.9	0.0421622643882687
7.0	0.03541037099447507
7.1	0.025280878084602214
7.2	0.021080059570907805
7.300000000000001	0.016363030534710683
7.4	0.011068781054819739
7.5	0.007375070593153902
7.6	0.004930013574916716
7.7	0.0030999547475640014
7.800000000000001	0.0018912756690731404
7.9	0.0014663566322508643
8.0	6.793925114833897E-4
8.1	0.0
8.2	0.0
8.3	0.0
8.4	0.0
8.5	0.0
8.6	0.0
8.7	0.0
8.8	0.0
8.9	0.0
9.0	0.0
#Run 57
5.0	0.5796954795504226
5.1	0.48170532923224063
5.2	0.4002875879655706
5.3	0.332637908182465
5.4	0.2796854357064004
5.5	0.2395236387161869
5.6	0.20700020096514246
5.7	0.1760847437474253
5.8	0.15091976097438303
5.9	0.12728645778171943
6.0	0.10620210061772656
6.1	0.0850046033545925
6.2	0.0737885919018758
6.3	0.06611175838645791
6.4	0.06126418991109207
6.5	0.07290258318901188
6.6	0.06128227668573333
6.7	0.04946510116814907
6.8	0.04393403200076268
6.9	0.036565487831370105
7.0	0.027126972984922837
7.1	0.015891295059801774
7.2	0.012061023181978908
7.300000000000001	0.009991109992987796
7.4	0.008267426521561616
7.5	0.006330277280664002
7.6	0.004881793807350541
7.7	0.0036550102300249945
7.800000000000001	0.0030395043077463798
7.9	0.002079264046218706
8.0	0.0011165155891176785
8.1	4.578471547302276E-4
8.2	1.6269485783471E-4
8.3	3.8115618038053024E-5
8.4	5.395309429990259E-6
8.5	0.0
8.6	0.0
8.7	0.0
8.8	0.0
8.9	0.0
9.0	0.0
#Run 58
5.0	0.5796954795504226
5.1	0.48170532923224063
5.2	0.4002875879655706
5.3	0.332637908182465
5.4	0.2796854357064004
5.5	0.2395236387161869
5.6	0.20700020096514246
5.7	0.1760847437474253
5.8	0.15091976097438303
5.9	0.12728645778171943
6.0	0.10620210061772656
6.1	0.0850046033545925
6.2	0.0737885919018758
6.3	0.06633915738226226
6.4	0.06205012549570782
6.5	0.08050361023503785
6.6	0.06904586108608807
6.7	0.05653085984492796
6.8	0.04876864388930028
6.9	0.040356829482776496
7.0	0.03118115624906304
7.1	0.019751807446078063
7.2	0.014172996650906586
7.300000000000001	0.010660810536967314
7.4	0.007924146001481724
7.5	0.005736577342788976
7.6	0.004332741584820404
7.7	0.0032635482431558668
7.800000000000001	0.002781327479743809
7.9	0.0018767531604168516
8.0	0.0010202908449372227
8.1	4.238927063118897E-4
8.2	1.6269485783471E-4
8.3	3.8115618038053024E-5
8.4	5.395309429990259E-6
8.5	0.0
8.6	0.0
8.7	0.0
8.8	0.0
8.9	0.0
9.0	0.0
#Run 59
5.0	0.5796954795504226
5.1	0.48170532923224063
5.2	0.4002875879655706
5.3	0.332637908182465
5.4	0.2772355343222063
5.5	0.23215243637393435
5.6	0.19545642529753515
5.7	0.16558028536154948
5.8	0.1426740968578849
5.9	0.12111221676234231
6.0	0.1017695966302045
6.1	0.08155796796005105
6.2	0.07035560715373072
6.3	0.06308399663906447
6.4	0.05939672475396937
6.5	0.07210271680923282
6.6	0.06058141750935332
6.7	0.047132113704549165
6.8	0.039277996603976156
6.9	0.031159458858046777
7.0	0.023624422087306154
7.1	0.014928767142592479
7.2	0.012528264889189643
7.300000000000001	0.010543151220647522
7.4	0.008245472691550638
7.5	0.005779393309582202
7.6	0.0039129777256486885
7.7	0.0027166779638063206
7.800000000000001	0.0027372295532278627
7.9	0.002730354390170044
8.0	0.002285063496220793
8.1	0.0014336557429812469
8.2	5.939367355871077E-4
8.3	1.433346269001312E-4
8.4	7.91978960324822E-6
8.5	0.0
8.6	0.0
8.7	0.0
8.8	0.0
8.9	0.0
9.0	0.0
#Run 60
5.0	0.5796954795504226
5.1	0.48170532923224063
5.2	0.4002875879655706
5.3	0.332637908182465
5.4	0.2772355343222063
5.5	0.23215243637393435
5.6	0.19545642529753515
5.7	0.16558028536154948
5.8	0.1426740968578849
5.9	0.12111221676234231
6.0	0.1017695966302045
6.1	0.08155796796005105
6.2	0.07035560715373072
6.3	0.06331139563486883
6.4	0.06018266033858512
6.5	0.07970374385525879
6.6	0.06834500190970806
6.7	0.054197872381328054
6.8	0.044112608492513763
6.9	0.03495080050945317
7.0	0.027678605351446357
7.1	0.018789279528868767
7.2	0.01464023835811732
7.300000000000001	0.01121285176462704
7.4	0.007902192171470744
7.5	0.005185693371707176
7.6	0.003363925503118551
7.7	0.002325215976937193
7.800000000000001	0.002479052725225292
7.9	0.0025278435043681897
8.0	0.0021888387520403374
8.1	0.001399701294562909
8.2	5.939367355871077E-4
8.3	1.433346269001312E-4
8.4	7.91978960324822E-6
8.5	0.0
8.6	0.0
8.7	0.0
8.8	0.0
8.9	0.0
9.0	0.0
#Run 61
5.0	0.5796954795504226
5.1	0.48170532923224063
5.2	0.4002875879655706
5.3	0.332637908182465
5.4	0.2764267800410067
5.5	0.22971907661082433
5.6	0.19090724114220933
5.7	0.15865580136099192
5.8	0.13187102774684656
5.9	0.10950103745354235
6.0	0.09412429499176869
6.1	0.07707469581384105
6.2	0.06672422350854766
6.3	0.05947306069643714
6.4	0.05583531380544571
6.5	0.0999069033527504
6.6	0.0818057250959576
6.7	0.06295219800693136
6.8	0.05024521166839701
6.9	0.03686160607530988
7.0	0.029270174240456068
7.1	0.020624623875815172
7.2	0.01707493186402524
7.300000000000001	0.012588244395327951
7.4	0.008985571564111977
7.5	0.00627324973165529
7.6	0.004473988113830815
7.7	0.0028940285814646424
7.800000000000001	0.0017373142270404182
7.9	0.0013260658363524317
8.0	0.0010307570468914792
8.1	4.342738785545257E-4
8.2	3.329711988557484E-4
8.3	0.0
8.4	0.0
8.5	0.0
8.6	0.0
8.7	0.0
8.8	0.0
8.9	0.0
9.0	0.0
#Run 62
5.0	0.5796954795504226
5.1	0.48170532923224063
5.2	0.4002875879655706
5.3	0.332637908182465
5.4	0.2764267800410067
5.5	0.22971907661082433
5.6	0.19090724114220933
5.7	0.15865580136099192
5.8	0.13187102774684656
5.9	0.10950103745354235
6.0	0.09412429499176869
6.1	0.07707469581384105
6.2	0.06672422350854766
6.3	0.0597004596922415
6.4	0.056621249390061454
6.5	0.10750793039877637
6.6	0.08956930949631234
6.7	0.07001795668371026
6.8	0.05507982355693461
6.9	0.04065294772671627
7.0	0.033324357504596266
7.1	0.024485136262091464
7.2	0.019186905332952916
7.300000000000001	0.01325794493930747
7.4	0.008642291044032085
7.5	0.005679549793780264
7.6	0.003924935891300678
7.7	0.0025025665945955147
7.800000000000001	0.0014791373990378474
7.9	0.0011235549505505774
8.0	9.345323027110233E-4
8.1	4.003194301361878E-4
8.2	3.329711988557484E-4
8.3	0.0
8.4	0.0
8.5	0.0
8.6	0.0
8.7	0.0
8.8	0.0
8.9	0.0
9.0	0.0
#Run 63
5.0	0.5796954795504226
5.1	0.48170532923224063
5.2	0.4002875879655706
5.3	0.332637908182465
5.4	0.2764267800410067
5.5	0.22971907661082433
5.6	0.19090724114220933
5.7	0.15865580136099192
5.8	0.13187102774684656
5.9	0.10950103745354235
6.0	0.09412429499176869
6.1	0.07707469581384105
6.2	0.06672422350854766
6.3	0.05947306069643714
6.4	0.05583531380544571
6.5	0.0999069033527504
6.6	0.0818057250959576
6.7	0.06295219800693136
6.8	0.05024521166839701
6.9	0.03686160607530988
7.0	0.029270174240456068
7.1	0.020624623875815172
7.2	0.01707493186402524
7.300000000000001	0.012588244395327951
7.4	0.008985571564111977
7.5	0.00627324973165529
7.6	0.004473988113830815
7.7	0.0028940285814646424
7.800000000000001	0.0017373142270404182
7.9	0.0013260658363524317
8.0	0.0010307570468914792
8.1	4.342738785545257E-4
8.2	3.329711988557484E-4
8.3	0.0
8.4	0.0
8.5	0.0
8.6	0.0
8.7	0.0
8.8	0.0
8.9	0.0
9.0	0.0
#Run 64
5.0	0.5796954795504226
5.1	0.48170532923224063
5.2	0.4002875879655706
5.3	0.332637908182465
5.4	0.2764267800410067
5.5	0.22971907661082433
5.6	0.19090724114220933
5.7	0.15865580136099192
5.8	0.13187102774684656
5.9	0.10950103745354235
6.0	0.09412429499176869
6.1	0.07707469581384105
6.2	0.06672422350854766
6.3	0.0597004596922415
6.4	0.056621249390061454
6.5	0.10750793039877637
6.6	0.08956930949631234
6.7	0.07001795668371026
6.8	0.05507982355693461
6.9	0.04065294772671627
7.0	0.033324357504596266
7.1	0.024485136262091464
7.2	0.019186905332952916
7.300000000000001	0.01325794493930747
7.4	0.008642291044032085
7.5	0.005679549793780264
7.6	0.003924935891300678
7.7	0.0025025665945955147
7.800000000000001	0.0014791373990378474
7.9	0.0011235549505505774
8.0	9.345323027110233E-4
8.1	4.003194301361878E-4
8.2	3.329711988557484E-4
8.3	0.0
8.4	0.0
8.5	0.0
8.6	0.0
8.7	0.0
8.8	0.0
8.9	0.0
9.0	0.0
#Run 65
5.0	0.5796954795504226
5.1	0.48170532923224063
5.2	0.4002875879655706
5.3	0.332637908182465
5.4	0.2764267800410067
5.5	0.22971907661082433
5.6	0.1919757129592403
5.7	0.1623495852199288
5.8	0.13824758842716883
5.9	0.11738653181511767
6.0	0.10248665714528285
6.1	0.08454569224402927
6.2	0.06955074951324126
6.3	0.05685197910657283
6.4	0.04822721417617974
6.5	0.05063832566189741
6.6	0.04012868098502374
6.7	0.036029743031368536
6.8	0.03175509862347942
6.9	0.028621840415926966
7.0	0.026984805217802527
7.1	0.0200067374512148
7.2	0.015224545885782799
7.300000000000001	0.011402101086693296
7.4	0.009501487075614937
7.5	0.007880849882339502
7.6	0.006270067641227666
7.7	0.004603839609237705
7.800000000000001	0.003438065700805481
7.9	0.002071295143368678
8.0	9.053721143588945E-4
8.1	2.619463154562387E-4
8.2	4.646183836178954E-5
8.3	1.9639506161654E-6
8.4	0.0
8.5	0.0
8.6	0.0
8.7	0.0
8.8	0.0
8.9	0.0
9.0	0.0
#Run 66
5.0	0.5796954795504226
5.1	0.48170532923224063
5.2	0.4002875879655706
5.3	0.332637908182465
5.4	0.2764267800410067
5.5	0.22971907661082433
5.6	0.1919757129592403
5.7	0.1623495852199288
5.8	0.13824758842716883
5.9	0.11738653181511767
6.0	0.10248665714528285
6.1	0.08454569224402927
6.2	0.06955074951324126
6.3	0.05685197910657283
6.4	0.04822721417617974
6.5	0.054035386900149814
6.6	0.04314154399018204
6.7	0.03892851190573439
6.8	0.034620499524687466
6.9	0.031668670206313206
7.0	0.030003917283921083
7.1	0.02307214091593473
7.2	0.018120175481757757
7.300000000000001	0.013030961345731645
7.4	0.009717277327200853
7.5	0.007348229336862628
7.6	0.005653498354744359
7.7	0.004100751539796451
7.800000000000001	0.0030757330888508813
7.9	0.0019032421505151174
8.0	8.574101811610355E-4
8.1	2.619463154562387E-4
8.2	4.646183836178954E-5
8.3	1.9639506161654E-6
8.4	0.0
8.5	0.0
8.6	0.0
8.7	0.0
8.8	0.0
8.9	0.0
9.0	0.0
#Run 67
5.0	0.5796954795504226
5.1	0.48170532923224063
5.2	0.4002875879655706
5.3	0.332637908182465
5.4	0.2764267800410067
5.5	0.22971907661082433
5.6	0.1914789889563463
5.7	0.16063237464404778
5.8	0.1352831763618814
5.9	0.11574749119166196
6.0	0.10384807254938919
6.1	0.08761068909828018
6.2	0.07184049301225054
6.3	0.0577407112748665
6.4	0.048405008588921536
6.5	0.050769468358597615
6.6	0.04066744489791152
6.7	0.037376537701011105
6.8	0.033861447900863456
6.9	0.03029419348690016
7.0	0.027594528555379007
7.1	0.019831105981942487
7.2	0.015351887234334586
7.300000000000001	0.01215465322899509
7.4	0.010144424571786796
7.5	0.007801143248064794
7.6	0.005511762327082693
7.7	0.003893587871256121
7.800000000000001	0.0034879831506747965
7.9	0.0027753649335786105
8.0	0.001569412187327593
8.1	5.491338753858381E-4
8.2	1.0568950849405323E-4
8.3	2.9562678266824688E-6
8.4	0.0
8.5	0.0
8.6	0.0
8.7	0.0
8.8	0.0
8.9	0.0
9.0	0.0
#Run 68
5.0	0.5796954795504226
5.1	0.48170532923224063
5.2	0.4002875879655706
5.3	0.332637908182465
5.4	0.2764267800410067
5.5	0.22971907661082433
5.6	0.1914789889563463
5.7	0.16063237464404778
5.8	0.1352831763618814
5.9	0.11574749119166196
6.0	0.10384807254938919
6.1	0.08761068909828018
6.2	0.07184049301225054
6.3	0.0577407112748665
6.4	0.048405008588921536
6.5	0.05416652959685002
6.6	0.0436803079030698
6.7	0.040275306575376965
6.8	0.0367268488020715
6.9	0.0333410232772864
7.0	0.030613640621497566
7.1	0.022896509446662418
7.2	0.01824751683030954
7.300000000000001	0.013783513488033439
7.4	0.010360214823372712
7.5	0.00726852270258792
7.6	0.004895193040599386
7.7	0.003390499801814867
7.800000000000001	0.0031256505387201967
7.9	0.0026073119407250497
8.0	0.001521450254129734
8.1	5.491338753858381E-4
8.2	1.0568950849405323E-4
8.3	2.9562678266824688E-6
8.4	0.0
8.5	0.0
8.6	0.0
8.7	0.0
8.8	0.0
8.9	0.0
9.0	0.0
#Run 69
5.0	0.5796954795504226
5.1	0.48170532923224063
5.2	0.4002875879655706
5.3	0.332637908182465
5.4	0.2764267800410067
5.5	0.22971907661082433
5.6	0.19090724114220933
5.7	0.15865580136099192
5.8	0.13187102774684656
5.9	0.10950103745354235
6.0	0.09370433349943166
6.1	0.07543115586145392
6.2	0.06312853851772264
6.3	0.0528673576366715
6.4	0.044816236100893664
6.5	0.08162053421916088
6.6	0.06583078800700386
6.7	0.057088032228516536
6.8	0.047863296390752166
6.9	0.03941779535112247
7.0	0.032642751648704865
7.1	0.022424657153364107
7.2	0.018358420427830497
7.300000000000001	0.014878889230910346
7.4	0.01097336278719263
7.5	0.008007812193943465
7.6	0.005629859927933684
7.7	0.003672309663911661
7.800000000000001	0.002196663604293076
7.9	0.0015870451060393776
8.0	6.879583536872409E-4
8.1	0.0
8.2	0.0
8.3	0.0
8.4	0.0
8.5	0.0
8.6	0.0
8.7	0.0
8.8	0.0
8.9	0.0
9.0	0.0
#Run 70
5.0	0.5796954795504226
5.1	0.48170532923224063
5.2	0.4002875879655706
5.3	0.332637908182465
5.4	0.2764267800410067
5.5	0.22971907661082433
5.6	0.19090724114220933
5.7	0.15865580136099192
5.8	0.13187102774684656
5.9	0.10950103745354235
6.0	0.09370433349943166
6.1	0.07543115586145392
6.2	0.06312853851772264
6.3	0.0528673576366715
6.4	0.044816236100893664
6.5	0.08501759545741328
6.6	0.06884365101216215
6.7	0.05998680110288239
6.8	0.05072869729196021
6.9	0.04246462514150871
7.0	0.035661863714823425
7.1	0.025490060618084037
7.2	0.021254050023805454
7.300000000000001	0.016507749489948695
7.4	0.011189153038778545
7.5	0.00747519164846659
7.6	0.005013290641450376
7.7	0.0031692215944704068
7.800000000000001	0.001834330992338476
7.9	0.001418992113185817
8.0	6.399964204893818E-4
8.1	0.0
8.2	0.0
8.3	0.0
8.4	0.0
8.5	0.0
8.6	0.0
8.7	0.0
8.8	0.0
8.9	0.0
9.0	0.0
#Run 71
5.0	0.5796954795504226
5.1	0.48170532923224063
5.2	0.4002875879655706
5.3	0.332637908182465
5.4	0.2764267800410067
5.5	0.22971907661082433
5.6	0.19090724114220933
5.7	0.15865580136099192
5.8	0.13187102774684656
5.9	0.10950103745354235
6.0	0.09370433349943166
6.1	0.07543115586145392
6.2	0.06312853851772264
6.3	0.0528673576366715
6.4	0.044816236100893664
6.5	0.08162053421916088
6.6	0.06583078800700386
6.7	0.057088032228516536
6.8	0.047863296390752166
6.9	0.03941779535112247
7.0	0.032642751648704865
7.1	0.022424657153364107
7.2	0.018358420427830497
7.300000000000001	0.014878889230910346
7.4	0.01097336278719263
7.5	0.008007812193943465
7.6	0.005629859927933684
7.7	0.003672309663911661
7.800000000000001	0.002196663604293076
7.9	0.0015870451060393776
8.0	6.879583536872409E-4
8.1	0.0
8.2	0.0
8.3	0.0
8.4	0.0
8.5	0.0
8.6	0.0
8.7	0.0
8.8	0.0
8.9	0.0
9.0	0.0
#Run 72
5.0	0.5796954795504226
5.1	0.48170532923224063
5.2	0.4002875879655706
5.3	0.332637908182465
5.4	0.2764267800410067
5.5	0.22971907661082433
5.6	0.19090724114220933
5.7	0.15865580136099192
5.8	0.13187102774684656
5.9	0.10950103745354235
6.0	0.09370433349943166
6.1	0.07543115586145392
6.2	0.06312853851772264
6.3	0.0528673576366715
6.4	0.044816236100893664
6.5	0.08501759545741328
6.6	0.06884365101216215
6.7	0.05998680110288239
6.8	0.05072869729196021
6.9	0.04246462514150871
7.0	0.035661863714823425
7.1	0.025490060618084037
7.2	0.021254050023805454
7.300000000000001	0.016507749489948695
7.4	0.011189153038778545
7.5	0.00747519164846659
7.6	0.005013290641450376
7.7	0.0031692215944704068
7.800000000000001	0.001834330992338476
7.9	0.001418992113185817
8.0	6.399964204893818E-4
8.1	0.0
8.2	0.0
8.3	0.0
8.4	0.0
8.5	0.0
8.6	0.0
8.7	0.0
8.8	0.0
8.9	0.0
9.0	0.0
#Run 73
5.0	0.5796954795504226
5.1	0.48170532923224063
5.2	0.4002875879655706
5.3	0.332637908182465
5.4	0.2796854357064004
5.5	0.2395236387161869
5.6	0.20700789175038325
5.7	0.17612074842557504
5.8	0.15100393028918535
5.9	0.12738471291750783
6.0	0.10625937538569132
6.1	0.08502127498317968
6.2	0.0737885919018758
6.3	0.06611175838645791
6.4	0.06125130619440709
6.5	0.07285514661339548
6.6	0.06116495381417138
6.7	0.04928331703659716
6.8	0.04374448835059468
6.9	0.03645632463552278
7.0	0.0270831928732947
7.1	0.015871665278569886
7.2	0.012121575457266205
7.300000000000001	0.0101617364903429
7.4	0.008570269668056747
7.5	0.006631181391472976
7.6	0.004981663744498602
7.7	0.0036097214799406547
7.800000000000001	0.003005306150983004
7.9	0.002106873668082616
8.0	0.0011266699112897438
8.1	4.3496179535637027E-4
8.2	1.4088160226306E-4
8.3	2.970260208584045E-5
8.4	3.103707238113769E-6
8.5	0.0
8.6	0.0
8.7	0.0
8.8	0.0
8.9	0.0
9.0	0.0
#Run 74
5.0	0.5796954795504226
5.1	0.48170532923224063
5.2	0.4002875879655706
5.3	0.332637908182465
5.4	0.2796854357064004
5.5	0.2395236387161869
5.6	0.20700789175038325
5.7	0.17612074842557504
5.8	0.15100393028918535
5.9	0.12738471291750783
6.0	0.10625937538569132
6.1	0.08502127498317968
6.2	0.0737885919018758
6.3	0.06633915738226226
6.4	0.06203724177902284
6.5	0.08045617365942145
6.6	0.06892853821452612
6.7	0.05634907571337605
6.8	0.048579100239132283
6.9	0.04024766628692917
7.0	0.031137376137434905
7.1	0.019732177664846175
7.2	0.014233548926193882
7.300000000000001	0.010831437034322417
7.4	0.008226989147976855
7.5	0.006037481453597951
7.6	0.004432611521968466
7.7	0.003218259493071527
7.800000000000001	0.0027471293229804333
7.9	0.0019043627822807618
8.0	0.001030445167109288
8.1	4.010073469380324E-4
8.2	1.4088160226306E-4
8.3	2.970260208584045E-5
8.4	3.103707238113769E-6
8.5	0.0
8.6	0.0
8.7	0.0
8.8	0.0
8.9	0.0
9.0	0.0
#Run 75
5.0	0.5796954795504226
5.1	0.48170532923224063
5.2	0.4002875879655706
5.3	0.332637908182465
5.4	0.2772355343222063
5.5	0.23215243637393435
5.6	0.19545642529753515
5.7	0.16558028536154948
5.8	0.1426740968578849
5.9	0.12111221676234231
6.0	0.1017695966302045
6.1	0.08155796796005105
6.2	0.07035560715373072
6.3	0.06308399663906447
6.4	0.05939672475396937
6.5	0.07210271680923282
6.6	0.06058141750935332
6.7	0.047132113704549165
6.8	0.039277996603976156
6.9	0.031159458858046777
7.0	0.023624422087306154
7.1	0.014928767142592479
7.2	0.012528264889189643
7.300000000000001	0.010543151220647522
7.4	0.008245472691550638
7.5	0.005779393309582202
7.6	0.0039129777256486885
7.7	0.0027166779638063206
7.800000000000001	0.0027372295532278623
7.9	0.002730354390170044
8.0	0.002285063496220793
8.1	0.0014336557429812469
8.2	5.939367355871077E-4
8.3	1.433346269001312E-4
8.4	7.91978960324822E-6
8.5	0.0
8.6	0.0
8.7	0.0
8.8	0.0
8.9	0.0
9.0	0.0
#Run 76
5.0	0.5796954795504226
5.1	0.48170532923224063
5.2	0.4002875879655706
5.3	0.332637908182465
5.4	0.2772355343222063
5.5	0.23215243637393435
5.6	0.19545642529753515
5.7	0.16558028536154948
5.8	0.1426740968578849
5.9	0.12111221676234231
6.0	0.1017695966302045
6.1	0.08155796796005105
6.2	0.07035560715373072
6.3	0.06331139563486883
6.4	0.06018266033858512
6.5	0.07970374385525879
6.6	0.06834500190970806
6.7	0.054197872381328054
6.8	0.044112608492513763
6.9	0.03495080050945317
7.0	0.027678605351446357
7.1	0.018789279528868767
7.2	0.01464023835811732
7.300000000000001	0.01121285176462704
7.4	0.007902192171470744
7.5	0.005185693371707176
7.6	0.003363925503118551
7.7	0.002325215976937193
7.800000000000001	0.0024790527252252915
7.9	0.0025278435043681897
8.0	0.0021888387520403374
8.1	0.001399701294562909
8.2	5.939367355871077E-4
8.3	1.433346269001312E-4
8.4	7.91978960324822E-6
8.5	0.0
8.6	0.0
8.7	0.0
8.8	0.0
8.9	0.0
9.0	0.0
#Run 77
5.0	0.5796954795504226
5.1	0.48170532923224063
5.2	0.4002875879655706
5.3	0.332637908182465
5.4	0.2764267800410067
5.5	0.22971907661082433
5.6	0.19090724114220933
5.7	0.15865580136099192
5.8	0.13187102774684656
5.9	0.10950103745354235
6.0	0.09412429499176869
6.1	0.07707469581384105
6.2	0.06672422350854766
6.3	0.05947306069643714
6.4	0.05583531380544571
6.5	0.10072068795411422
6.6	0.08248260164485326
6.7	0.06351519939781178
6.8	0.050713495828411746
6.9	0.037251107874191385
7.0	0.02959414772554502
7.1	0.020894093283510037
7.2	0.01729906675476632
7.300000000000001	0.01277467167728644
7.4	0.00914063502319019
7.5	0.006402225899138409
7.6	0.004581265817278944
7.7	0.002983258288639892
7.800000000000001	0.0016969739342449636
7.9	0.0012925122422894986
8.0	0.0010028483829596455
8.1	4.1106046299614667E-4
8.2	3.136631207907376E-4
8.3	0.0
8.4	0.0
8.5	0.0
8.6	0.0
8.7	0.0
8.8	0.0
8.9	0.0
9.0	0.0
#Run 78
5.0	0.5796954795504226
5.1	0.48170532923224063
5.2	0.4002875879655706
5.3	0.332637908182465
5.4	0.2764267800410067
5.5	0.22971907661082433
5.6	0.19090724114220933
5.7	0.15865580136099192
5.8	0.13187102774684656
5.9	0.10950103745354235
6.0	0.09412429499176869
6.1	0.07707469581384105
6.2	0.06672422350854766
6.3	0.0597004596922415
6.4	0.056621249390061454
6.5	0.10832171500014019
6.6	0.090246186045208
6.7	0.07058095807459067
6.8	0.055548107716949346
6.9	0.04104244952559777
7.0	0.03364833098968523
7.1	0.02475460566978633
7.2	0.019411040223694002
7.300000000000001	0.013444372221265957
7.4	0.008797354503110298
7.5	0.005808525961263382
7.6	0.004032213594748807
7.7	0.002591796301770764
7.800000000000001	0.0014387971062423928
7.9	0.0010900013564876443
8.0	9.066236387791898E-4
8.1	3.771060145778088E-4
8.2	3.136631207907376E-4
8.3	0.0
8.4	0.0
8.5	0.0
8.6	0.0
8.7	0.0
8.8	0.0
8.9	0.0
9.0	0.0
#Run 79
5.0	0.5796954795504226
5.1	0.48170532923224063
5.2	0.4002875879655706
5.3	0.332637908182465
5.4	0.2764267800410067
5.5	0.22971907661082433
5.6	0.19090724114220933
5.7	0.15865580136099192
5.8	0.13187102774684656
5.9	0.10950103745354235
6.0	0.09412429499176869
6.1	0.07707469581384105
6.2	0.06672422350854766
6.3	0.05947306069643714
6.4	0.05583531380544571
6.5	0.10072068795411422
6.6	0.08248260164485326
6.7	0.06351519939781178
6.8	0.050713495828411746
6.9	0.037251107874191385
7.0	0.02959414772554502
7.1	0.020894093283510037
7.2	0.01729906675476632
7.300000000000001	0.01277467167728644
7.4	0.00914063502319019
7.5	0.006402225899138409
7.6	0.004581265817278944
7.7	0.002983258288639892
7.800000000000001	0.0016969739342449636
7.9	0.0012925122422894986
8.0	0.0010028483829596455
8.1	4.1106046299614667E-4
8.2	3.136631207907376E-4
8.3	0.0
8.4	0.0
8.5	0.0
8.6	0.0
8.7	0.0
8.8	0.0
8.9	0.0
9.0	0.0
#Run 80
5.0	0.5796954795504226
5.1	0.48170532923224063
5.2	0.4002875879655706
5.3	0.332637908182465
5.4	0.2764267800410067
5.5	0.22971907661082433
5.6	0.19090724114220933
5.7	0.15865580136099192
5.8	0.13187102774684656
5.9	0.10950103745354235
6.0	0.09412429499176869
6.1	0.07707469581384105
6.2	0.06672422350854766
6.3	0.0597004596922415
6.4	0.056621249390061454
6.5	0.10832171500014019
6.6	0.090246186045208
6.7	0.07058095807459067
6.8	0.055548107716949346
6.9	0.04104244952559777
7.0	0.03364833098968523
7.1	0.02475460566978633
7.2	0.019411040223694002
7.300000000000001	0.013444372221265957
7.4	0.008797354503110298
7.5	0.005808525961263382
7.6	0.004032213594748807
7.7	0.002591796301770764
7.800000000000001	0.0014387971062423928
7.9	0.0010900013564876443
8.0	9.066236387791898E-4
8.1	3.771060145778088E-4
8.2	3.136631207907376E-4
8.3	0.0
8.4	0.0
8.5	0.0
8.6	0.0
8.7	0.0
8.8	0.0
8.9	0.0
9.0	0.0
#Run 81
5.0	0.5796954795504226
5.1	0.48170532923224063
5.2	0.4002875879655706
5.3	0.332637908182465
5.4	0.2764267800410067
5.5	0.22971907661082433
5.6	0.1919757129592403
5.7	0.1623495852199288
5.8	0.13824758842716883
5.9	0.11737772207476574
6.0	0.10246299377250316
6.1	0.0845139529843992
6.2	0.06952949145717188
6.3	0.05684486931426464
6.4	0.04822721417617974
6.5	0.05063832566189741
6.6	0.040150299735571784
6.7	0.03612082238773951
6.8	0.03195977407084517
6.9	0.02886523513583203
7.0	0.027187482730495163
7.1	0.02016497981567363
7.2	0.015368229998390623
7.300000000000001	0.011380477552530369
7.4	0.009241006197577948
7.5	0.007492508239422003
7.6	0.006095267033575036
7.7	0.0046421453049790735
7.800000000000001	0.003524116090345391
7.9	0.0021001182600179445
8.0	9.259219211735034E-4
8.1	2.752822860384689E-4
8.2	5.105010358549558E-5
8.3	2.76926787827579E-6
8.4	0.0
8.5	0.0
8.6	0.0
8.7	0.0
8.8	0.0
8.9	0.0
9.0	0.0
#Run 82
5.0	0.5796954795504226
5.1	0.48170532923224063
5.2	0.4002875879655706
5.3	0.332637908182465
5.4	0.2764267800410067
5.5	0.22971907661082433
5.6	0.1919757129592403
5.7	0.1623495852199288
5.8	0.13824758842716883
5.9	0.11737772207476574
6.0	0.10246299377250316
6.1	0.0845139529843992
6.2	0.06952949145717188
6.3	0.05684486931426464
6.4	0.04822721417617974
6.5	0.054035386900149814
6.6	0.043163162740730066
6.7	0.03901959126210537
6.8	0.034825174972053216
6.9	0.03191206492621827
7.0	0.030206594796613723
7.1	0.023230383280393556
7.2	0.01826385959436558
7.300000000000001	0.013009337811568718
7.4	0.009456796449163864
7.5	0.0069598876939451285
7.6	0.005478697747091728
7.7	0.00413905723553782
7.800000000000001	0.0031617834783907914
7.9	0.0019320652671643839
8.0	8.779599879756443E-4
8.1	2.752822860384689E-4
8.2	5.105010358549558E-5
8.3	2.76926787827579E-6
8.4	0.0
8.5	0.0
8.6	0.0
8.7	0.0
8.8	0.0
8.9	0.0
9.0	0.0
#Run 83
5.0	0.5796954795504226
5.1	0.48170532923224063
5.2	0.4002875879655706
5.3	0.332637908182465
5.4	0.2764267800410067
5.5	0.22971907661082433
5.6	0.1914789889563463
5.7	0.16063237464404778
5.8	0.1352831763618814
5.9	0.11574749119166196
6.0	0.10384807254938919
6.1	0.08761068909828018
6.2	0.07184049301225054
6.3	0.0577407112748665
6.4	0.048405008588921536
6.5	0.050769468358597615
6.6	0.04066744489791152
6.7	0.037376537701011105
6.8	0.033861447900863456
6.9	0.03029419348690016
7.0	0.027594528555379007
7.1	0.019831105981942487
7.2	0.015351887234334586
7.300000000000001	0.01215465322899509
7.4	0.010144424571786796
7.5	0.007801143248064794
7.6	0.005511762327082693
7.7	0.003893587871256121
7.800000000000001	0.0034879831506747965
7.9	0.0027753649335786105
8.0	0.001569412187327593
8.1	5.491338753858381E-4
8.2	1.0568950849405323E-4
8.3	2.9562678266824688E-6
8.4	0.0
8.5	0.0
8.6	0.0
8.7	0.0
8.8	0.0
8.9	0.0
9.0	0.0
#Run 84
5.0	0.5796954795504226
5.1	0.48170532923224063
5.2	0.4002875879655706
5.3	0.332637908182465
5.4	0.2764267800410067
5.5	0.22971907661082433
5.6	0.1914789889563463
5.7	0.16063237464404778
5.8	0.1352831763618814
5.9	0.11574749119166196
6.0	0.10384807254938919
6.1	0.08761068909828018
6.2	0.07184049301225054
6.3	0.0577407112748665
6.4	0.048405008588921536
6.5	0.05416652959685002
6.6	0.0436803079030698
6.7	0.040275306575376965
6.8	0.0367268488020715
6.9	0.0333410232772864
7.0	0.030613640621497566
7.1	0.022896509446662418
7.2	0.01824751683030954
7.300000000000001	0.013783513488033439
7.4	0.010360214823372712
7.5	0.00726852270258792
7.6	0.004895193040599386
7.7	0.003390499801814867
7.800000000000001	0.0031256505387201967
7.9	0.0026073119407250497
8.0	0.001521450254129734
8.1	5.491338753858381E-4
8.2	1.0568950849405323E-4
8.3	2.9562678266824688E-6
8.4	0.0
8.5	0.0
8.6	0.0
8.7	0.0
8.8	0.0
8.9	0.0
9.0	0.0
#Run 85
5.0	0.5796954795504226
5.1	0.48170532923224063
5.2	0.4002875879655706
5.3	0.332637908182465
5.4	0.2764267800410067
5.5	0.22971907661082433
5.6	0.19090724114220933
5.7	0.15865580136099192
5.8	0.13187102774684656
5.9	0.10950103745354235
6.0	0.09370433349943166
6.1	0.07543115586145392
6.2	0.06312853851772264
6.3	0.0528673576366715
6.4	0.044816236100893664
6.5	0.08023513373475327
6.6	0.06467846207560553
6.7	0.05612956926627726
6.8	0.04706608162281778
6.9	0.03875470098936663
7.0	0.03209121378177392
7.1	0.021965907937259693
7.2	0.0179768494498531
7.300000000000001	0.014561512315324529
7.4	0.010709380167024036
7.5	0.007788241014286471
7.6	0.005447228575516721
7.7	0.003520403521503747
7.800000000000001	0.002292480999595615
7.9	0.0016667425440934534
8.0	7.542477953103203E-4
8.1	0.0
8.2	0.0
8.3	0.0
8.4	0.0
8.5	0.0
8.6	0.0
8.7	0.0
8.8	0.0
8.9	0.0
9.0	0.0
#Run 86
5.0	0.5796954795504226
5.1	0.48170532923224063
5.2	0.4002875879655706
5.3	0.332637908182465
5.4	0.2764267800410067
5.5	0.22971907661082433
5.6	0.19090724114220933
5.7	0.15865580136099192
5.8	0.13187102774684656
5.9	0.10950103745354235
6.0	0.09370433349943166
6.1	0.07543115586145392
6.2	0.06312853851772264
6.3	0.0528673576366715
6.4	0.044816236100893664
6.5	0.08363219497300568
6.6	0.06769132508076382
6.7	0.05902833814064312
6.8	0.04993148252402582
6.9	0.04180153077975288
7.0	0.035110325847892476
7.1	0.025031311401979624
7.2	0.020872479045828052
7.300000000000001	0.016190372574362878
7.4	0.010925170418609952
7.5	0.007255620468809596
7.6	0.004830659289033414
7.7	0.003017315452062493
7.800000000000001	0.0019301483876410152
7.9	0.0014986895512398928
8.0	7.062858621124612E-4
8.1	0.0
8.2	0.0
8.3	0.0
8.4	0.0
8.5	0.0
8.6	0.0
8.7	0.0
8.8	0.0
8.9	0.0
9.0	0.0
#Run 87
5.0	0.5796954795504226
5.1	0.48170532923224063
5.2	0.4002875879655706
5.3	0.332637908182465
5.4	0.2764267800410067
5.5	0.22971907661082433
5.6	0.19090724114220933
5.7	0.15865580136099192
5.8	0.13187102774684656
5.9	0.10950103745354235
6.0	0.09370433349943166
6.1	0.07543115586145392
6.2	0.06312853851772264
6.3	0.0528673576366715
6.4	0.044816236100893664
6.5	0.08023513373475327
6.6	0.06467846207560553
6.7	0.05612956926627726
6.8	0.04706608162281778
6.9	0.03875470098936663
7.0	0.03209121378177392
7.1	0.021965907937259693
7.2	0.0179768494498531
7.300000000000001	0.014561512315324529
7.4	0.010709380167024036
7.5	0.007788241014286471
7.6	0.005447228575516721
7.7	0.003520403521503747
7.800000000000001	0.002292480999595615
7.9	0.0016667425440934534
8.0	7.542477953103203E-4
8.1	0.0
8.2	0.0
8.3	0.0
8.4	0.0
8.5	0.0
8.6	0.0
8.7	0.0
8.8	0.0
8.9	0.0
9.0	0.0
#Run 88
5.0	0.5796954795504226
5.1	0.48170532923224063
5.2	0.4002875879655706
5.3	0.332637908182465
5.4	0.2764267800410067
5.5	0.22971907661082433
5.6	0.19090724114220933
5.7	0.15865580136099192
5.8	0.13187102774684656
5.9	0.10950103745354235
6.0	0.09370433349943166
6.1	0.07543115586145392
6.2	0.06312853851772264
6.3	0.0528673576366715
6.4	0.044816236100893664
6.5	0.08363219497300568
6.6	0.06769132508076382
6.7	0.05902833814064312
6.8	0.04993148252402582
6.9	0.04180153077975288
7.0	0.035110325847892476
7.1	0.025031311401979624
7.2	0.020872479045828052
7.300000000000001	0.016190372574362878
7.4	0.010925170418609952
7.5	0.007255620468809596
7.6	0.004830659289033414
7.7	0.003017315452062493
7.800000000000001	0.0019301483876410152
7.9	0.0014986895512398928
8.0	7.062858621124612E-4
8.1	0.0
8.2	0.0
8.3	0.0
8.4	0.0
8.5	0.0
8.6	0.0
8.7	0.0
8.8	0.0
8.9	0.0
9.0	0.0
#Run 89
5.0	0.5796954795504226
5.1	0.48170532923224063
5.2	0.4002875879655706
5.3	0.332637908182465
5.4	0.2796854357064004
5.5	0.2395236387161869
5.6	0.20698593448644667
5.7	0.17601795473203988
5.8	0.1507636261066324
5.9	0.12710419358403438
6.0	0.10609585538640175
6.1	0.08497367732732519
6.2	0.0737885919018758
6.3	0.06611175838645791
6.4	0.061272892591389475
6.5	0.07293462101831455
6.6	0.06134802129398775
6.7	0.04955028997835581
6.8	0.04403404436047432
6.9	0.03668003884115671
7.0	0.02722980297555702
7.1	0.01595336659748084
7.2	0.012050821080368316
7.300000000000001	0.009895969456999804
7.4	0.008056885515650248
7.5	0.006117972264109872
7.6	0.0048237131755179425
7.7	0.0037128771423577396
7.800000000000001	0.003094973222056525
7.9	0.002085852118173924
8.0	0.0011161916178521107
8.1	4.6991899903900576E-4
8.2	1.7616737483282355E-4
8.3	4.388513184895112E-5
8.4	6.996719673869566E-6
8.5	0.0
8.6	0.0
8.7	0.0
8.8	0.0
8.9	0.0
9.0	0.0
#Run 90
5.0	0.5796954795504226
5.1	0.48170532923224063
5.2	0.4002875879655706
5.3	0.332637908182465
5.4	0.2796854357064004
5.5	0.2395236387161869
5.6	0.20698593448644667
5.7	0.17601795473203988
5.8	0.1507636261066324
5.9	0.12710419358403438
6.0	0.10609585538640175
6.1	0.08497367732732519
6.2	0.0737885919018758
6.3	0.06633915738226226
6.4	0.06205882817600522
6.5	0.08053564806434052
6.6	0.06911160569434249
6.7	0.05661604865513469
6.8	0.04886865624901192
6.9	0.0404713804925631
7.0	0.03128398623969722
7.1	0.019813878983757128
7.2	0.014162794549295993
7.300000000000001	0.010565670000979323
7.4	0.007713604995570356
7.5	0.005524272326234846
7.6	0.004274660952987805
7.7	0.003321415155488612
7.800000000000001	0.0028367963940539543
7.9	0.0018833412323720697
8.0	0.001019966873671655
8.1	4.359645506206679E-4
8.2	1.7616737483282355E-4
8.3	4.388513184895112E-5
8.4	6.996719673869566E-6
8.5	0.0
8.6	0.0
8.7	0.0
8.8	0.0
8.9	0.0
9.0	0.0
#Run 91
5.0	0.5796954795504226
5.1	0.48170532923224063
5.2	0.4002875879655706
5.3	0.332637908182465
5.4	0.2772355343222063
5.5	0.23215243637393435
5.6	0.19545642529753515
5.7	0.16558028536154948
5.8	0.1426740968578849
5.9	0.12111221676234231
6.0	0.1017695966302045
6.1	0.08155796796005105
6.2	0.07035560715373072
6.3	0.06308399663906447
6.4	0.05939672475396937
6.5	0.07210271680923282
6.6	0.06058141750935332
6.7	0.047132113704549165
6.8	0.039277996603976156
6.9	0.031159458858046777
7.0	0.023624422087306154
7.1	0.014928767142592479
7.2	0.012528264889189643
7.300000000000001	0.010543151220647522
7.4	0.008245472691550638
7.5	0.005779393309582202
7.6	0.0039129777256486885
7.7	0.0027166779638063206
7.800000000000001	0.0027372295532278623
7.9	0.002730354390170044
8.0	0.002285063496220793
8.1	0.0014336557429812469
8.2	5.939367355871077E-4
8.3	1.433346269001312E-4
8.4	7.91978960324822E-6
8.5	0.0
8.6	0.0
8.7	0.0
8.8	0.0
8.9	0.0
9.0	0.0
#Run 92
5.0	0.5796954795504226
5.1	0.48170532923224063
5.2	0.4002875879655706
5.3	0.332637908182465
5.4	0.2772355343222063
5.5	0.23215243637393435
5.6	0.19545642529753515
5.7	0.16558028536154948
5.8	0.1426740968578849
5.9	0.12111221676234231
6.0	0.1017695966302045
6.1	0.08155796796005105
6.2	0.07035560715373072
6.3	0.06331139563486883
6.4	0.06018266033858512
6.5	0.07970374385525879
6.6	0.06834500190970806
6.7	0.054197872381328054
6.8	0.044112608492513763
6.9	0.03495080050945317
7.0	0.027678605351446357
7.1	0.018789279528868767
7.2	0.01464023835811732
7.300000000000001	0.01121285176462704
7.4	0.007902192171470744
7.5	0.005185693371707176
7.6	0.003363925503118551
7.7	0.002325215976937193
7.800000000000001	0.0024790527252252915
7.9	0.0025278435043681897
8.0	0.0021888387520403374
8.1	0.001399701294562909
8.2	5.939367355871077E-4
8.3	1.433346269001312E-4
8.4	7.91978960324822E-6
8.5	0.0
8.6	0.0
8.7	0.0
8.8	0.0
8.9	0.0
9.0	0.0
#Run 93
5.0	0.5796954795504226
5.1	0.48170532923224063
5.2	0.4002875879655706
5.3	0.332637908182465
5.4	0.2764267800410067
5.5	0.22971907661082433
5.6	0.19090724114220933
5.7	0.15865580136099192
5.8	0.13187102774684656
5.9	0.10950103745354235
6.0	0.09412429499176869
6.1	0.07707469581384105
6.2	0.06672422350854766
6.3	0.05947306069643714
6.4	0.05583531380544571
6.5	0.09902894021284335
6.6	0.08107546716381937
6.7	0.06234479591541843
6.8	0.04973999661418456
6.9	0.036441386496600295
7.0	0.028920650818977406
7.1	0.020333902956677374
7.2	0.01683312073598475
7.300000000000001	0.012387114659574401
7.4	0.008818279136620722
7.5	0.006134101951288242
7.6	0.004358250031292154
7.7	0.0027977618374720927
7.800000000000001	0.0017648521276608774
7.9	0.0013489708644207558
8.0	0.0010498086194148006
8.1	4.501202863619596E-4
8.2	3.461516667720905E-4
8.3	0.0
8.4	0.0
8.5	0.0
8.6	0.0
8.7	0.0
8.8	0.0
8.9	0.0
9.0	0.0
#Run 94
5.0	0.5796954795504226
5.1	0.48170532923224063
5.2	0.4002875879655706
5.3	0.332637908182465
5.4	0.2764267800410067
5.5	0.22971907661082433
5.6	0.19090724114220933
5.7	0.15865580136099192
5.8	0.13187102774684656
5.9	0.10950103745354235
6.0	0.09412429499176869
6.1	0.07707469581384105
6.2	0.06672422350854766
6.3	0.0597004596922415
6.4	0.056621249390061454
6.5	0.10662996725886932
6.6	0.08883905156417411
6.7	0.06941055459219733
6.8	0.054574608502722166
6.9	0.040232728148006686
7.0	0.032974834083117605
7.1	0.024194415342953662
7.2	0.018945094204912426
7.300000000000001	0.01305681520355392
7.4	0.00847499861654083
7.5	0.005540402013413216
7.6	0.0038091978087620164
7.7	0.002406299850602965
7.800000000000001	0.0015066752996583067
7.9	0.0011464599786189015
8.0	9.535838752343449E-4
8.1	4.1616583794362174E-4
8.2	3.461516667720905E-4
8.3	0.0
8.4	0.0
8.5	0.0
8.6	0.0
8.7	0.0
8.8	0.0
8.9	0.0
9.0	0.0
#Run 95
5.0	0.5796954795504226
5.1	0.48170532923224063
5.2	0.4002875879655706
5.3	0.332637908182465
5.4	0.2764267800410067
5.5	0.22971907661082433
5.6	0.19090724114220933
5.7	0.15865580136099192
5.8	0.13187102774684656
5.9	0.10950103745354235
6.0	0.09412429499176869
6.1	0.07707469581384105
6.2	0.06672422350854766
6.3	0.05947306069643714
6.4	0.05583531380544571
6.5	0.09902894021284335
6.6	0.08107546716381937
6.7	0.06234479591541843
6.8	0.04973999661418456
6.9	0.036441386496600295
7.0	0.028920650818977406
7.1	0.020333902956677374
7.2	0.01683312073598475
7.300000000000001	0.012387114659574401
7.4	0.008818279136620722
7.5	0.006134101951288242
7.6	0.004358250031292154
7.7	0.0027977618374720927
7.800000000000001	0.0017648521276608774
7.9	0.0013489708644207558
8.0	0.0010498086194148006
8.1	4.501202863619596E-4
8.2	3.461516667720905E-4
8.3	0.0
8.4	0.0
8.5	0.0
8.6	0.0
8.7	0.0
8.8	0.0
8.9	0.0
9.0	0.0
#Run 96
5.0	0.5796954795504226
5.1	0.48170532923224063
5.2	0.4002875879655706
5.3	0.332637908182465
5.4	0.2764267800410067
5.5	0.22971907661082433
5.6	0.19090724114220933
5.7	0.15865580136099192
5.8	0.13187102774684656
5.9	0.10950103745354235
6.0	0.09412429499176869
6.1	0.07707469581384105
6.2	0.06672422350854766
6.3	0.0597004596922415
6.4	0.056621249390061454
6.5	0.10662996725886932
6.6	0.08883905156417411
6.7	0.06941055459219733
6.8	0.054574608502722166
6.9	0.040232728148006686
7.0	0.032974834083117605
7.1	0.024194415342953662
7.2	0.018945094204912426
7.300000000000001	0.01305681520355392
7.4	0.00847499861654083
7.5	0.005540402013413216
7.6	0.0038091978087620164
7.7	0.002406299850602965
7.800000000000001	0.0015066752996583067
7.9	0.0011464599786189015
8.0	9.535838752343449E-4
8.1	4.1616583794362174E-4
8.2	3.461516667720905E-4
8.3	0.0
8.4	0.0
8.5	0.0
8.6	0.0
8.7	0.0
8.8	0.0
8.9	0.0
9.0	0.0
