#Run 1
5.05	0.0
5.1499999999999995	0.0
5.25	0.0
5.35	0.0
5.45	0.0
5.55	4.505835149244316E-4
5.6499999999999995	0.0022043492382540033
5.75	0.005385079439641437
5.85	0.007660091564893322
5.949999999999999	0.008148330199650302
6.05	0.009088052140143897
6.1499999999999995	0.0077614465794925555
6.25	0.004804654238535643
6.35	0.003618763489398249
6.449999999999999	0.003525547124705857
6.55	0.0031768360162185167
6.6499999999999995	0.002836139243231307
6.75	0.0030481358618092095
6.85	0.0045029112803126325
6.949999999999999	0.006734773252146518
7.05	0.008268676962613509
7.1499999999999995	0.006942611338065289
7.25	0.004509521950679293
7.35	0.0034976777198329856
7.449999999999999	0.0038006294915026505
7.55	0.0041983602547800165
7.6499999999999995	0.004221827764733326
7.75	0.0037419576994302053
7.85	0.0026120516824073015
7.949999999999999	0.001382455428266636
8.049999999999999	4.876133586708041E-4
8.149999999999999	1.1832563917785931E-4
8.25	7.494469853184654E-6
8.35	0.0
8.45	0.0
8.549999999999999	0.0
8.649999999999999	0.0
8.75	0.0
8.85	0.0
8.95	0.0
#Run 2
5.05	0.0
5.1499999999999995	0.0
5.25	0.0
5.35	0.0
5.45	0.0
5.55	4.505835149244316E-4
5.6499999999999995	0.0022043492382540033
5.75	0.005385079439641437
5.85	0.007660091564893322
5.949999999999999	0.008148330199650302
6.05	0.009088052140143897
6.1499999999999995	0.0077614465794925555
6.25	0.004804654238535643
6.35	0.003618763489398249
6.449999999999999	0.003525547124705857
6.55	0.0031768360162185167
6.6499999999999995	0.002836139243231307
6.75	0.0030481358618092095
6.85	0.0045029112803126325
6.949999999999999	0.006734773252146518
7.05	0.008268676962613509
7.1499999999999995	0.006942611338065289
7.25	0.004509521950679293
7.35	0.0034976777198329856
7.449999999999999	0.0038006294915026505
7.55	0.0041983602547800165
7.6499999999999995	0.004221827764733326
7.75	0.0037419576994302053
7.85	0.0026120516824073015
7.949999999999999	0.001382455428266636
8.049999999999999	4.876133586708041E-4
8.149999999999999	1.1832563917785931E-4
8.25	7.494469853184654E-6
8.35	0.0
8.45	0.0
8.549999999999999	0.0
8.649999999999999	0.0
8.75	0.0
8.85	0.0
8.95	0.0
#Run 3
5.05	0.0
5.1499999999999995	0.0
5.25	0.0
5.35	0.0
5.45	0.0
5.55	2.4111084226822175E-4
5.6499999999999995	0.001179564906137042
5.75	0.0028815990740162526
5.85	0.005025127904926647
5.949999999999999	0.007880639278296823
6.05	0.01154513101937013
6.1499999999999995	0.010662601119435351
6.25	0.006269495963932475
6.35	0.004118656648684799
6.449999999999999	0.003662980756740129
6.55	0.0034623517027067893
6.6499999999999995	0.0037089186712483077
6.75	0.004852105213116832
6.85	0.006560659435124583
6.949999999999999	0.008109875780322755
7.05	0.008681563054069724
7.1499999999999995	0.006983809445137957
7.25	0.00505223828427469
7.35	0.00446011924354413
7.449999999999999	0.0043734831564069794
7.55	0.0038378026359550074
7.6499999999999995	0.003304080156737048
7.75	0.0032572352339135273
7.85	0.0030011501279770337
7.949999999999999	0.0021394919898168156
8.049999999999999	9.760662835690991E-4
8.149999999999999	2.5176804618563917E-4
8.25	8.769614563187046E-6
8.35	0.0
8.45	0.0
8.549999999999999	0.0
8.649999999999999	0.0
8.75	0.0
8.85	0.0
8.95	0.0
#Run 4
5.05	0.0
5.1499999999999995	0.0
5.25	0.0
5.35	0.0
5.45	0.0
5.55	2.4111084226822175E-4
5.6499999999999995	0.001179564906137042
5.75	0.0028815990740162526
5.85	0.005025127904926647
5.949999999999999	0.007880639278296823
6.05	0.01154513101937013
6.1499999999999995	0.010662601119435351
6.25	0.006269495963932475
6.35	0.004118656648684799
6.449999999999999	0.003662980756740129
6.55	0.0034623517027067893
6.6499999999999995	0.0037089186712483077
6.75	0.004852105213116832
6.85	0.006560659435124583
6.949999999999999	0.008109875780322755
7.05	0.008681563054069724
7.1499999999999995	0.006983809445137957
7.25	0.00505223828427469
7.35	0.00446011924354413
7.449999999999999	0.0043734831564069794
7.55	0.0038378026359550074
7.6499999999999995	0.003304080156737048
7.75	0.0032572352339135273
7.85	0.0030011501279770337
7.949999999999999	0.0021394919898168156
8.049999999999999	9.760662835690991E-4
8.149999999999999	2.5176804618563917E-4
8.25	8.769614563187046E-6
8.35	0.0
8.45	0.0
8.549999999999999	0.0
8.649999999999999	0.0
8.75	0.0
8.85	0.0
8.95	0.0
#Run 5
5.05	0.0
5.1499999999999995	0.0
5.25	0.0
5.35	0.0
5.45	0.0
5.55	0.0
5.6499999999999995	0.0
5.75	0.0
5.85	0.0
5.949999999999999	0.0
6.05	0.0
6.1499999999999995	0.0
6.25	0.0
6.35	0.0
6.449999999999999	0.0
6.55	0.008278128829554551
6.6499999999999995	0.008278128829554551
6.75	0.008278128829554551
6.85	0.008278128829554551
6.949999999999999	0.008278128829554551
7.05	0.006417616499332209
7.1499999999999995	0.006417616499332209
7.25	0.006417616499332209
7.35	0.004593548527790676
7.449999999999999	0.004593548527790676
7.55	0.004593548527790676
7.6499999999999995	0.004593548527790676
7.75	0.003153081124610149
7.85	0.0028794182211465567
7.949999999999999	0.0014887847522954195
8.049999999999999	0.0
8.149999999999999	0.0
8.25	0.0
8.35	0.0
8.45	0.0
8.549999999999999	0.0
8.649999999999999	0.0
8.75	0.0
8.85	0.0
8.95	0.0
#Run 6
5.05	0.0
5.1499999999999995	0.0
5.25	0.0
5.35	0.0
5.45	0.0
5.55	0.0
5.6499999999999995	0.0
5.75	0.0
5.85	0.0
5.949999999999999	0.0
6.05	0.0
6.1499999999999995	0.0
6.25	0.0
6.35	0.0
6.449999999999999	0.0
6.55	0.008278128829554551
6.6499999999999995	0.008278128829554551
6.75	0.008278128829554551
6.85	0.008278128829554551
6.949999999999999	0.008278128829554551
7.05	0.006417616499332209
7.1499999999999995	0.006417616499332209
7.25	0.006417616499332209
7.35	0.004593548527790676
7.449999999999999	0.004593548527790676
7.55	0.004593548527790676
7.6499999999999995	0.004593548527790676
7.75	0.003153081124610149
7.85	0.0028794182211465567
7.949999999999999	0.0014887847522954195
8.049999999999999	0.0
8.149999999999999	0.0
8.25	0.0
8.35	0.0
8.45	0.0
8.549999999999999	0.0
8.649999999999999	0.0
8.75	0.0
8.85	0.0
8.95	0.0
#Run 7
5.05	0.0
5.1499999999999995	0.0
5.25	0.0
5.35	0.0
5.45	0.0
5.55	0.0
5.6499999999999995	0.0
5.75	0.0
5.85	0.0
5.949999999999999	0.0
6.05	0.0
6.1499999999999995	0.0
6.25	0.0
6.35	0.0
6.449999999999999	0.0
6.55	0.008278128829554551
6.6499999999999995	0.008278128829554551
6.75	0.008278128829554551
6.85	0.008278128829554551
6.949999999999999	0.008278128829554551
7.05	0.006417616499332209
7.1499999999999995	0.006417616499332209
7.25	0.006417616499332209
7.35	0.004593548527790676
7.449999999999999	0.004593548527790676
7.55	0.004593548527790676
7.6499999999999995	0.004593548527790676
7.75	0.003153081124610149
7.85	0.0028794182211465567
7.949999999999999	0.0014887847522954195
8.049999999999999	0.0
8.149999999999999	0.0
8.25	0.0
8.35	0.0
8.45	0.0
8.549999999999999	0.0
8.649999999999999	0.0
8.75	0.0
8.85	0.0
8.95	0.0
#Run 8
5.05	0.0
5.1499999999999995	0.0
5.25	0.0
5.35	0.0
5.45	0.0
5.55	0.0
5.6499999999999995	0.0
5.75	0.0
5.85	0.0
5.949999999999999	0.0
6.05	0.0
6.1499999999999995	0.0
6.25	0.0
6.35	0.0
6.449999999999999	0.0
6.55	0.008278128829554551
6.6499999999999995	0.008278128829554551
6.75	0.008278128829554551
6.85	0.008278128829554551
6.949999999999999	0.008278128829554551
7.05	0.006417616499332209
7.1499999999999995	0.006417616499332209
7.25	0.006417616499332209
7.35	0.004593548527790676
7.449999999999999	0.004593548527790676
7.55	0.004593548527790676
7.6499999999999995	0.004593548527790676
7.75	0.003153081124610149
7.85	0.0028794182211465567
7.949999999999999	0.0014887847522954195
8.049999999999999	0.0
8.149999999999999	0.0
8.25	0.0
8.35	0.0
8.45	0.0
8.549999999999999	0.0
8.649999999999999	0.0
8.75	0.0
8.85	0.0
8.95	0.0
#Run 9
5.05	0.0
5.1499999999999995	0.0
5.25	0.0
5.35	0.0013977954434603623
5.45	0.005951549435851405
5.55	0.012653861599610395
5.6499999999999995	0.016617411822946772
5.75	0.017652022364146223
5.85	0.019279955853432413
5.949999999999999	0.015235674593846945
6.05	0.009189813020941599
6.1499999999999995	0.007473467545045579
6.25	0.007002211155566208
6.35	0.005830658984396657
6.449999999999999	0.005205157335188415
6.55	0.005452147635484622
6.6499999999999995	0.006994854448815732
6.75	0.01000938246043194
6.85	0.012510239772543919
6.949999999999999	0.010816404428457431
7.05	0.006234152865929434
7.1499999999999995	0.00282305497961206
7.25	0.0025537223853984007
7.35	0.003195452998969023
7.449999999999999	0.003682660834977539
7.55	0.00358116999895158
7.6499999999999995	0.0033876340721000248
7.75	0.0031090487048227337
7.85	0.0024510168027900726
7.949999999999999	0.001449293185740302
8.049999999999999	6.866972203767273E-4
8.149999999999999	2.6034480585712276E-4
8.25	7.882305014052717E-5
8.35	1.1385883071120463E-5
8.45	1.93020376303873E-6
8.549999999999999	0.0
8.649999999999999	0.0
8.75	0.0
8.85	0.0
8.95	0.0
#Run 10
5.05	0.0
5.1499999999999995	0.0
5.25	0.0
5.35	0.0013977954434603623
5.45	0.005951549435851405
5.55	0.012653861599610395
5.6499999999999995	0.016617411822946772
5.75	0.017652022364146223
5.85	0.019279955853432413
5.949999999999999	0.015235674593846945
6.05	0.009189813020941599
6.1499999999999995	0.007473467545045579
6.25	0.007002211155566208
6.35	0.005830658984396657
6.449999999999999	0.005205157335188415
6.55	0.005452147635484622
6.6499999999999995	0.006994854448815732
6.75	0.01000938246043194
6.85	0.012510239772543919
6.949999999999999	0.010816404428457431
7.05	0.006234152865929434
7.1499999999999995	0.00282305497961206
7.25	0.0025537223853984007
7.35	0.003195452998969023
7.449999999999999	0.003682660834977539
7.55	0.00358116999895158
7.6499999999999995	0.0033876340721000248
7.75	0.0031090487048227337
7.85	0.0024510168027900726
7.949999999999999	0.001449293185740302
8.049999999999999	6.866972203767273E-4
8.149999999999999	2.6034480585712276E-4
8.25	7.882305014052717E-5
8.35	1.1385883071120463E-5
8.45	1.93020376303873E-6
8.549999999999999	0.0
8.649999999999999	0.0
8.75	0.0
8.85	0.0
8.95	0.0
#Run 11
5.05	0.0
5.1499999999999995	0.0
5.25	0.0
5.35	3.4691393176189097E-4
5.45	0.0014770941088169483
5.55	0.0031405173768661926
5.6499999999999995	0.0054112796467458875
5.75	0.008638852099298518
5.85	0.011818814714880508
5.949999999999999	0.009827040485392933
6.05	0.0055307459402323365
6.1499999999999995	0.003993413341771216
6.25	0.003613754403123343
6.35	0.0034197078798016535
6.449999999999999	0.00389913354986493
6.55	0.004958735242406326
6.6499999999999995	0.005958936821562395
6.75	0.006923237045018158
6.85	0.007758082489369739
6.949999999999999	0.006506998001136006
7.05	0.004167462915904886
7.1499999999999995	0.002951572108409273
7.25	0.0032396983297163693
7.35	0.003563870259614418
7.449999999999999	0.003385928283047775
7.55	0.0027356652180015443
7.6499999999999995	0.0022984617415099397
7.75	0.0023412262247447095
7.85	0.002547322703468442
7.949999999999999	0.0024278193011029207
8.049999999999999	0.001873801629231869
8.149999999999999	9.980500804004627E-4
8.25	3.1269287479541085E-4
8.35	1.6134970073668494E-5
8.45	2.8778378888424577E-6
8.549999999999999	0.0
8.649999999999999	0.0
8.75	0.0
8.85	0.0
8.95	0.0
#Run 12
5.05	0.0
5.1499999999999995	0.0
5.25	0.0
5.35	3.4691393176189097E-4
5.45	0.0014770941088169483
5.55	0.0031405173768661926
5.6499999999999995	0.0054112796467458875
5.75	0.008638852099298518
5.85	0.011818814714880508
5.949999999999999	0.009827040485392933
6.05	0.0055307459402323365
6.1499999999999995	0.003993413341771216
6.25	0.003613754403123343
6.35	0.0034197078798016535
6.449999999999999	0.00389913354986493
6.55	0.004958735242406326
6.6499999999999995	0.005958936821562395
6.75	0.006923237045018158
6.85	0.007758082489369739
6.949999999999999	0.006506998001136006
7.05	0.004167462915904886
7.1499999999999995	0.002951572108409273
7.25	0.0032396983297163693
7.35	0.003563870259614418
7.449999999999999	0.003385928283047775
7.55	0.0027356652180015443
7.6499999999999995	0.0022984617415099397
7.75	0.0023412262247447095
7.85	0.002547322703468442
7.949999999999999	0.0024278193011029207
8.049999999999999	0.001873801629231869
8.149999999999999	9.980500804004627E-4
8.25	3.1269287479541085E-4
8.35	1.6134970073668494E-5
8.45	2.8778378888424577E-6
8.549999999999999	0.0
8.649999999999999	0.0
8.75	0.0
8.85	0.0
8.95	0.0
#Run 13
5.05	0.0
5.1499999999999995	0.0
5.25	0.0
5.35	0.0
5.45	0.0
5.55	0.0
5.6499999999999995	0.0
5.75	0.0
5.85	0.0
5.949999999999999	0.0
6.05	0.0
6.1499999999999995	0.0
6.25	0.0
6.35	0.0
6.449999999999999	0.0
6.55	0.010550659900906492
6.6499999999999995	0.010550659900906492
6.75	0.010550659900906492
6.85	0.005820128605774786
6.949999999999999	0.005820128605774786
7.05	0.005820128605774786
7.1499999999999995	0.005820128605774786
7.25	0.004037540252464876
7.35	0.003440387592244083
7.449999999999999	0.003440387592244083
7.55	0.003440387592244083
7.6499999999999995	0.003440387592244083
7.75	0.0019999201890635557
7.85	0.0017262572855999635
7.949999999999999	0.0017262572855999635
8.049999999999999	7.440609947426121E-4
8.149999999999999	7.440609947426121E-4
8.25	0.0
8.35	0.0
8.45	0.0
8.549999999999999	0.0
8.649999999999999	0.0
8.75	0.0
8.85	0.0
8.95	0.0
#Run 14
5.05	0.0
5.1499999999999995	0.0
5.25	0.0
5.35	0.0
5.45	0.0
5.55	0.0
5.6499999999999995	0.0
5.75	0.0
5.85	0.0
5.949999999999999	0.0
6.05	0.0
6.1499999999999995	0.0
6.25	0.0
6.35	0.0
6.449999999999999	0.0
6.55	0.010550659900906492
6.6499999999999995	0.010550659900906492
6.75	0.010550659900906492
6.85	0.005820128605774786
6.949999999999999	0.005820128605774786
7.05	0.005820128605774786
7.1499999999999995	0.005820128605774786
7.25	0.004037540252464876
7.35	0.003440387592244083
7.449999999999999	0.003440387592244083
7.55	0.003440387592244083
7.6499999999999995	0.003440387592244083
7.75	0.0019999201890635557
7.85	0.0017262572855999635
7.949999999999999	0.0017262572855999635
8.049999999999999	7.440609947426121E-4
8.149999999999999	7.440609947426121E-4
8.25	0.0
8.35	0.0
8.45	0.0
8.549999999999999	0.0
8.649999999999999	0.0
8.75	0.0
8.85	0.0
8.95	0.0
#Run 15
5.05	0.0
5.1499999999999995	0.0
5.25	0.0
5.35	0.0
5.45	0.0
5.55	0.0
5.6499999999999995	0.0
5.75	0.0
5.85	0.0
5.949999999999999	0.0
6.05	0.0
6.1499999999999995	0.0
6.25	0.0
6.35	0.0
6.449999999999999	0.0
6.55	0.010550659900906492
6.6499999999999995	0.010550659900906492
6.75	0.010550659900906492
6.85	0.005820128605774786
6.949999999999999	0.005820128605774786
7.05	0.005820128605774786
7.1499999999999995	0.005820128605774786
7.25	0.004037540252464876
7.35	0.003440387592244083
7.449999999999999	0.003440387592244083
7.55	0.003440387592244083
7.6499999999999995	0.003440387592244083
7.75	0.0019999201890635557
7.85	0.0017262572855999635
7.949999999999999	0.0017262572855999635
8.049999999999999	7.440609947426121E-4
8.149999999999999	7.440609947426121E-4
8.25	0.0
8.35	0.0
8.45	0.0
8.549999999999999	0.0
8.649999999999999	0.0
8.75	0.0
8.85	0.0
8.95	0.0
#Run 16
5.05	0.0
5.1499999999999995	0.0
5.25	0.0
5.35	0.0
5.45	0.0
5.55	0.0
5.6499999999999995	0.0
5.75	0.0
5.85	0.0
5.949999999999999	0.0
6.05	0.0
6.1499999999999995	0.0
6.25	0.0
6.35	0.0
6.449999999999999	0.0
6.55	0.010550659900906492
6.6499999999999995	0.010550659900906492
6.75	0.010550659900906492
6.85	0.005820128605774786
6.949999999999999	0.005820128605774786
7.05	0.005820128605774786
7.1499999999999995	0.005820128605774786
7.25	0.004037540252464876
7.35	0.003440387592244083
7.449999999999999	0.003440387592244083
7.55	0.003440387592244083
7.6499999999999995	0.003440387592244083
7.75	0.0019999201890635557
7.85	0.0017262572855999635
7.949999999999999	0.0017262572855999635
8.049999999999999	7.440609947426121E-4
8.149999999999999	7.440609947426121E-4
8.25	0.0
8.35	0.0
8.45	0.0
8.549999999999999	0.0
8.649999999999999	0.0
8.75	0.0
8.85	0.0
8.95	0.0
#Run 17
5.05	0.0
5.1499999999999995	0.0
5.25	0.0
5.35	0.0
5.45	0.0
5.55	4.505835149244316E-4
5.6499999999999995	0.0022043492382540033
5.75	0.005385079439641437
5.85	0.007660443847610519
5.949999999999999	0.008149669264374356
6.05	0.00909059380574286
6.1499999999999995	0.0077638556075726685
6.25	0.004805794414609933
6.35	0.0036190329582640414
6.449999999999999	0.003525547124705857
6.55	0.0031768360162185167
6.6499999999999995	0.002835929892742812
6.75	0.0030615219908768448
6.85	0.004593017452633139
6.949999999999999	0.006990678248629119
7.05	0.008614254930406292
7.1499999999999995	0.007134985022636433
7.25	0.00455931320081952
7.35	0.0036024279269658457
7.449999999999999	0.0039918500475522095
7.55	0.004315169690308335
7.6499999999999995	0.004171830751254852
7.75	0.0036305896732323154
7.85	0.002542438654162168
7.949999999999999	0.0013612081097684103
8.049999999999999	4.8048759022136466E-4
8.149999999999999	1.1499415122334598E-4
8.25	6.2686786849917985E-6
8.35	0.0
8.45	0.0
8.549999999999999	0.0
8.649999999999999	0.0
8.75	0.0
8.85	0.0
8.95	0.0
#Run 18
5.05	0.0
5.1499999999999995	0.0
5.25	0.0
5.35	0.0
5.45	0.0
5.55	4.505835149244316E-4
5.6499999999999995	0.0022043492382540033
5.75	0.005385079439641437
5.85	0.007660443847610519
5.949999999999999	0.008149669264374356
6.05	0.00909059380574286
6.1499999999999995	0.0077638556075726685
6.25	0.004805794414609933
6.35	0.0036190329582640414
6.449999999999999	0.003525547124705857
6.55	0.0031768360162185167
6.6499999999999995	0.002835929892742812
6.75	0.0030615219908768448
6.85	0.004593017452633139
6.949999999999999	0.006990678248629119
7.05	0.008614254930406292
7.1499999999999995	0.007134985022636433
7.25	0.00455931320081952
7.35	0.0036024279269658457
7.449999999999999	0.0039918500475522095
7.55	0.004315169690308335
7.6499999999999995	0.004171830751254852
7.75	0.0036305896732323154
7.85	0.002542438654162168
7.949999999999999	0.0013612081097684103
8.049999999999999	4.8048759022136466E-4
8.149999999999999	1.1499415122334598E-4
8.25	6.2686786849917985E-6
8.35	0.0
8.45	0.0
8.549999999999999	0.0
8.649999999999999	0.0
8.75	0.0
8.85	0.0
8.95	0.0
#Run 19
5.05	0.0
5.1499999999999995	0.0
5.25	0.0
5.35	0.0
5.45	0.0
5.55	2.4111084226822175E-4
5.6499999999999995	0.001179564906137042
5.75	0.0028815990740162526
5.85	0.005025127904926647
5.949999999999999	0.007880639278296823
6.05	0.01154513101937013
6.1499999999999995	0.010662601119435351
6.25	0.006269495963932475
6.35	0.004118656648684799
6.449999999999999	0.003662980756740129
6.55	0.0034623517027067893
6.6499999999999995	0.0037089186712483077
6.75	0.004852105213116832
6.85	0.006560659435124583
6.949999999999999	0.008109875780322755
7.05	0.008681563054069724
7.1499999999999995	0.006983809445137957
7.25	0.00505223828427469
7.35	0.00446011924354413
7.449999999999999	0.0043734831564069794
7.55	0.0038378026359550074
7.6499999999999995	0.0033040801567370474
7.75	0.003257235233913527
7.85	0.0030011501279770337
7.949999999999999	0.0021394919898168156
8.049999999999999	9.760662835690991E-4
8.149999999999999	2.5176804618563917E-4
8.25	8.769614563187046E-6
8.35	0.0
8.45	0.0
8.549999999999999	0.0
8.649999999999999	0.0
8.75	0.0
8.85	0.0
8.95	0.0
#Run 20
5.05	0.0
5.1499999999999995	0.0
5.25	0.0
5.35	0.0
5.45	0.0
5.55	2.4111084226822175E-4
5.6499999999999995	0.001179564906137042
5.75	0.0028815990740162526
5.85	0.005025127904926647
5.949999999999999	0.007880639278296823
6.05	0.01154513101937013
6.1499999999999995	0.010662601119435351
6.25	0.006269495963932475
6.35	0.004118656648684799
6.449999999999999	0.003662980756740129
6.55	0.0034623517027067893
6.6499999999999995	0.0037089186712483077
6.75	0.004852105213116832
6.85	0.006560659435124583
6.949999999999999	0.008109875780322755
7.05	0.008681563054069724
7.1499999999999995	0.006983809445137957
7.25	0.00505223828427469
7.35	0.00446011924354413
7.449999999999999	0.0043734831564069794
7.55	0.0038378026359550074
7.6499999999999995	0.0033040801567370474
7.75	0.003257235233913527
7.85	0.0030011501279770337
7.949999999999999	0.0021394919898168156
8.049999999999999	9.760662835690991E-4
8.149999999999999	2.5176804618563917E-4
8.25	8.769614563187046E-6
8.35	0.0
8.45	0.0
8.549999999999999	0.0
8.649999999999999	0.0
8.75	0.0
8.85	0.0
8.95	0.0
#Run 21
5.05	0.0
5.1499999999999995	0.0
5.25	0.0
5.35	0.0
5.45	0.0
5.55	0.0
5.6499999999999995	0.0
5.75	0.0
5.85	0.0
5.949999999999999	0.0
6.05	0.0
6.1499999999999995	0.0
6.25	0.0
6.35	0.0
6.449999999999999	0.0
6.55	0.008462418801948006
6.6499999999999995	0.008462418801948006
6.75	0.008462418801948006
6.85	0.008462418801948006
6.949999999999999	0.008462418801948006
7.05	0.006601906471725665
7.1499999999999995	0.006601906471725665
7.25	0.006601906471725665
7.35	0.004777838500184132
7.449999999999999	0.004777838500184132
7.55	0.004777838500184132
7.6499999999999995	0.004777838500184132
7.75	0.0030511965970435742
7.85	0.0027775336935799816
7.949999999999999	0.0013869002247288446
8.049999999999999	0.0
8.149999999999999	0.0
8.25	0.0
8.35	0.0
8.45	0.0
8.549999999999999	0.0
8.649999999999999	0.0
8.75	0.0
8.85	0.0
8.95	0.0
#Run 22
5.05	0.0
5.1499999999999995	0.0
5.25	0.0
5.35	0.0
5.45	0.0
5.55	0.0
5.6499999999999995	0.0
5.75	0.0
5.85	0.0
5.949999999999999	0.0
6.05	0.0
6.1499999999999995	0.0
6.25	0.0
6.35	0.0
6.449999999999999	0.0
6.55	0.008462418801948006
6.6499999999999995	0.008462418801948006
6.75	0.008462418801948006
6.85	0.008462418801948006
6.949999999999999	0.008462418801948006
7.05	0.006601906471725665
7.1499999999999995	0.006601906471725665
7.25	0.006601906471725665
7.35	0.004777838500184132
7.449999999999999	0.004777838500184132
7.55	0.004777838500184132
7.6499999999999995	0.004777838500184132
7.75	0.0030511965970435742
7.85	0.0027775336935799816
7.949999999999999	0.0013869002247288446
8.049999999999999	0.0
8.149999999999999	0.0
8.25	0.0
8.35	0.0
8.45	0.0
8.549999999999999	0.0
8.649999999999999	0.0
8.75	0.0
8.85	0.0
8.95	0.0
#Run 23
5.05	0.0
5.1499999999999995	0.0
5.25	0.0
5.35	0.0
5.45	0.0
5.55	0.0
5.6499999999999995	0.0
5.75	0.0
5.85	0.0
5.949999999999999	0.0
6.05	0.0
6.1499999999999995	0.0
6.25	0.0
6.35	0.0
6.449999999999999	0.0
6.55	0.008462418801948006
6.6499999999999995	0.008462418801948006
6.75	0.008462418801948006
6.85	0.008462418801948006
6.949999999999999	0.008462418801948006
7.05	0.006601906471725665
7.1499999999999995	0.006601906471725665
7.25	0.006601906471725665
7.35	0.004777838500184132
7.449999999999999	0.004777838500184132
7.55	0.004777838500184132
7.6499999999999995	0.004777838500184132
7.75	0.0030511965970435742
7.85	0.0027775336935799816
7.949999999999999	0.0013869002247288446
8.049999999999999	0.0
8.149999999999999	0.0
8.25	0.0
8.35	0.0
8.45	0.0
8.549999999999999	0.0
8.649999999999999	0.0
8.75	0.0
8.85	0.0
8.95	0.0
#Run 24
5.05	0.0
5.1499999999999995	0.0
5.25	0.0
5.35	0.0
5.45	0.0
5.55	0.0
5.6499999999999995	0.0
5.75	0.0
5.85	0.0
5.949999999999999	0.0
6.05	0.0
6.1499999999999995	0.0
6.25	0.0
6.35	0.0
6.449999999999999	0.0
6.55	0.008462418801948006
6.6499999999999995	0.008462418801948006
6.75	0.008462418801948006
6.85	0.008462418801948006
6.949999999999999	0.008462418801948006
7.05	0.006601906471725665
7.1499999999999995	0.006601906471725665
7.25	0.006601906471725665
7.35	0.004777838500184132
7.449999999999999	0.004777838500184132
7.55	0.004777838500184132
7.6499999999999995	0.004777838500184132
7.75	0.0030511965970435742
7.85	0.0027775336935799816
7.949999999999999	0.0013869002247288446
8.049999999999999	0.0
8.149999999999999	0.0
8.25	0.0
8.35	0.0
8.45	0.0
8.549999999999999	0.0
8.649999999999999	0.0
8.75	0.0
8.85	0.0
8.95	0.0
#Run 25
5.05	0.0
5.1499999999999995	0.0
5.25	0.0
5.35	0.0013977954434603623
5.45	0.005951549435851405
5.55	0.012653861599610395
5.6499999999999995	0.01662002158370853
5.75	0.017660655970651962
5.85	0.019294218181251575
5.949999999999999	0.015247439682060377
6.05	0.009194659279388253
6.1499999999999995	0.007474464382996724
6.25	0.007002211155566208
6.35	0.005830166399671903
6.449999999999999	0.00520235777073197
6.55	0.005444324281534362
6.6499999999999995	0.007071398742661248
6.75	0.010311990111627815
6.85	0.013036695926397111
6.949999999999999	0.011234938311221274
7.05	0.006355668921468738
7.1499999999999995	0.002874863405779606
7.25	0.0027513442329192674
7.35	0.0035563380906208377
7.449999999999999	0.004063412268581657
7.55	0.003767220932710531
7.6499999999999995	0.003336741484218575
7.75	0.0029680617795405494
7.85	0.002346589616721053
7.949999999999999	0.0014177212666403242
8.049999999999999	6.852859950985692E-4
8.149999999999999	2.5548457187662645E-4
8.25	6.885164225071909E-5
8.35	6.756073597448773E-6
8.45	9.666472376122565E-7
8.549999999999999	0.0
8.649999999999999	0.0
8.75	0.0
8.85	0.0
8.95	0.0
#Run 26
5.05	0.0
5.1499999999999995	0.0
5.25	0.0
5.35	0.0013977954434603623
5.45	0.005951549435851405
5.55	0.012653861599610395
5.6499999999999995	0.01662002158370853
5.75	0.017660655970651962
5.85	0.019294218181251575
5.949999999999999	0.015247439682060377
6.05	0.009194659279388253
6.1499999999999995	0.007474464382996724
6.25	0.007002211155566208
6.35	0.005830166399671903
6.449999999999999	0.00520235777073197
6.55	0.005444324281534362
6.6499999999999995	0.007071398742661248
6.75	0.010311990111627815
6.85	0.013036695926397111
6.949999999999999	0.011234938311221274
7.05	0.006355668921468738
7.1499999999999995	0.002874863405779606
7.25	0.0027513442329192674
7.35	0.0035563380906208377
7.449999999999999	0.004063412268581657
7.55	0.003767220932710531
7.6499999999999995	0.003336741484218575
7.75	0.0029680617795405494
7.85	0.002346589616721053
7.949999999999999	0.0014177212666403242
8.049999999999999	6.852859950985692E-4
8.149999999999999	2.5548457187662645E-4
8.25	6.885164225071909E-5
8.35	6.756073597448773E-6
8.45	9.666472376122565E-7
8.549999999999999	0.0
8.649999999999999	0.0
8.75	0.0
8.85	0.0
8.95	0.0
#Run 27
5.05	0.0
5.1499999999999995	0.0
5.25	0.0
5.35	3.4691393176189097E-4
5.45	0.0014770941088169483
5.55	0.0031405173768661926
5.6499999999999995	0.0054112796467458875
5.75	0.008638852099298518
5.85	0.011818814714880508
5.949999999999999	0.009827040485392933
6.05	0.0055307459402323365
6.1499999999999995	0.003993413341771216
6.25	0.003613754403123343
6.35	0.0034197078798016535
6.449999999999999	0.00389913354986493
6.55	0.004958735242406326
6.6499999999999995	0.005958936821562395
6.75	0.006923237045018158
6.85	0.007758082489369739
6.949999999999999	0.006506998001136006
7.05	0.004167462915904886
7.1499999999999995	0.002951572108409273
7.25	0.0032396983297163693
7.35	0.003563870259614418
7.449999999999999	0.003385928283047775
7.55	0.0027356652180015443
7.6499999999999995	0.00229846174150994
7.75	0.00234122622474471
7.85	0.002547322703468442
7.949999999999999	0.0024278193011029207
8.049999999999999	0.001873801629231869
8.149999999999999	9.980500804004627E-4
8.25	3.1269287479541085E-4
8.35	1.6134970073668494E-5
8.45	2.8778378888424577E-6
8.549999999999999	0.0
8.649999999999999	0.0
8.75	0.0
8.85	0.0
8.95	0.0
#Run 28
5.05	0.0
5.1499999999999995	0.0
5.25	0.0
5.35	3.4691393176189097E-4
5.45	0.0014770941088169483
5.55	0.0031405173768661926
5.6499999999999995	0.0054112796467458875
5.75	0.008638852099298518
5.85	0.011818814714880508
5.949999999999999	0.009827040485392933
6.05	0.0055307459402323365
6.1499999999999995	0.003993413341771216
6.25	0.003613754403123343
6.35	0.0034197078798016535
6.449999999999999	0.00389913354986493
6.55	0.004958735242406326
6.6499999999999995	0.005958936821562395
6.75	0.006923237045018158
6.85	0.007758082489369739
6.949999999999999	0.006506998001136006
7.05	0.004167462915904886
7.1499999999999995	0.002951572108409273
7.25	0.0032396983297163693
7.35	0.003563870259614418
7.449999999999999	0.003385928283047775
7.55	0.0027356652180015443
7.6499999999999995	0.00229846174150994
7.75	0.00234122622474471
7.85	0.002547322703468442
7.949999999999999	0.0024278193011029207
8.049999999999999	0.001873801629231869
8.149999999999999	9.980500804004627E-4
8.25	3.1269287479541085E-4
8.35	1.6134970073668494E-5
8.45	2.8778378888424577E-6
8.549999999999999	0.0
8.649999999999999	0.0
8.75	0.0
8.85	0.0
8.95	0.0
#Run 29
5.05	0.0
5.1499999999999995	0.0
5.25	0.0
5.35	0.0
5.45	0.0
5.55	0.0
5.6499999999999995	0.0
5.75	0.0
5.85	0.0
5.949999999999999	0.0
6.05	0.0
6.1499999999999995	0.0
6.25	0.0
6.35	0.0
6.449999999999999	0.0
6.55	0.010785914815067982
6.6499999999999995	0.010785914815067982
6.75	0.010785914815067982
6.85	0.006055383519936275
6.949999999999999	0.006055383519936275
7.05	0.006055383519936275
7.1499999999999995	0.006055383519936275
7.25	0.004272795166626365
7.35	0.0036756425064055727
7.449999999999999	0.0036756425064055727
7.55	0.0036756425064055727
7.6499999999999995	0.0036756425064055727
7.75	0.0019490006032650145
7.85	0.0016753376998014222
7.949999999999999	0.0016753376998014222
8.049999999999999	6.931414089440709E-4
8.149999999999999	6.931414089440709E-4
8.25	0.0
8.35	0.0
8.45	0.0
8.549999999999999	0.0
8.649999999999999	0.0
8.75	0.0
8.85	0.0
8.95	0.0
#Run 30
5.05	0.0
5.1499999999999995	0.0
5.25	0.0
5.35	0.0
5.45	0.0
5.55	0.0
5.6499999999999995	0.0
5.75	0.0
5.85	0.0
5.949999999999999	0.0
6.05	0.0
6.1499999999999995	0.0
6.25	0.0
6.35	0.0
6.449999999999999	0.0
6.55	0.010785914815067982
6.6499999999999995	0.010785914815067982
6.75	0.010785914815067982
6.85	0.006055383519936275
6.949999999999999	0.006055383519936275
7.05	0.006055383519936275
7.1499999999999995	0.006055383519936275
7.25	0.004272795166626365
7.35	0.0036756425064055727
7.449999999999999	0.0036756425064055727
7.55	0.0036756425064055727
7.6499999999999995	0.0036756425064055727
7.75	0.0019490006032650145
7.85	0.0016753376998014222
7.949999999999999	0.0016753376998014222
8.049999999999999	6.931414089440709E-4
8.149999999999999	6.931414089440709E-4
8.25	0.0
8.35	0.0
8.45	0.0
8.549999999999999	0.0
8.649999999999999	0.0
8.75	0.0
8.85	0.0
8.95	0.0
#Run 31
5.05	0.0
5.1499999999999995	0.0
5.25	0.0
5.35	0.0
5.45	0.0
5.55	0.0
5.6499999999999995	0.0
5.75	0.0
5.85	0.0
5.949999999999999	0.0
6.05	0.0
6.1499999999999995	0.0
6.25	0.0
6.35	0.0
6.449999999999999	0.0
6.55	0.010785914815067982
6.6499999999999995	0.010785914815067982
6.75	0.010785914815067982
6.85	0.006055383519936275
6.949999999999999	0.006055383519936275
7.05	0.006055383519936275
7.1499999999999995	0.006055383519936275
7.25	0.004272795166626365
7.35	0.0036756425064055727
7.449999999999999	0.0036756425064055727
7.55	0.0036756425064055727
7.6499999999999995	0.0036756425064055727
7.75	0.0019490006032650145
7.85	0.0016753376998014222
7.949999999999999	0.0016753376998014222
8.049999999999999	6.931414089440709E-4
8.149999999999999	6.931414089440709E-4
8.25	0.0
8.35	0.0
8.45	0.0
8.549999999999999	0.0
8.649999999999999	0.0
8.75	0.0
8.85	0.0
8.95	0.0
#Run 32
5.05	0.0
5.1499999999999995	0.0
5.25	0.0
5.35	0.0
5.45	0.0
5.55	0.0
5.6499999999999995	0.0
5.75	0.0
5.85	0.0
5.949999999999999	0.0
6.05	0.0
6.1499999999999995	0.0
6.25	0.0
6.35	0.0
6.449999999999999	0.0
6.55	0.010785914815067982
6.6499999999999995	0.010785914815067982
6.75	0.010785914815067982
6.85	0.006055383519936275
6.949999999999999	0.006055383519936275
7.05	0.006055383519936275
7.1499999999999995	0.006055383519936275
7.25	0.004272795166626365
7.35	0.0036756425064055727
7.449999999999999	0.0036756425064055727
7.55	0.0036756425064055727
7.6499999999999995	0.0036756425064055727
7.75	0.0019490006032650145
7.85	0.0016753376998014222
7.949999999999999	0.0016753376998014222
8.049999999999999	6.931414089440709E-4
8.149999999999999	6.931414089440709E-4
8.25	0.0
8.35	0.0
8.45	0.0
8.549999999999999	0.0
8.649999999999999	0.0
8.75	0.0
8.85	0.0
8.95	0.0
#Run 33
5.05	0.0
5.1499999999999995	0.0
5.25	0.0
5.35	0.0
5.45	0.0
5.55	4.505835149244316E-4
5.6499999999999995	0.0022043492382540033
5.75	0.005385079439641437
5.85	0.007656419157097206
5.949999999999999	0.008134370980273226
6.05	0.00906155628296702
6.1499999999999995	0.00773633341591518
6.25	0.00479276835455736
6.35	0.003615954383202465
6.449999999999999	0.003525547124705857
6.55	0.0031768360162185167
6.6499999999999995	0.00288563622196297
6.75	0.003195180544309344
6.85	0.004846239638418333
6.949999999999999	0.00724044211656867
7.05	0.008801024201761088
7.1499999999999995	0.007285412704842875
7.25	0.004642100035375589
7.35	0.003510023171721949
7.449999999999999	0.0037533136151130654
7.55	0.004115109007820889
7.6499999999999995	0.004183036891148254
7.75	0.003710990815349621
7.85	0.0025865519253401603
7.949999999999999	0.0013827176669131533
8.049999999999999	4.998302710118897E-4
8.149999999999999	1.2871372080628502E-4
8.25	8.30503600274231E-6
8.35	0.0
8.45	0.0
8.549999999999999	0.0
8.649999999999999	0.0
8.75	0.0
8.85	0.0
8.95	0.0
#Run 34
5.05	0.0
5.1499999999999995	0.0
5.25	0.0
5.35	0.0
5.45	0.0
5.55	4.505835149244316E-4
5.6499999999999995	0.0022043492382540033
5.75	0.005385079439641437
5.85	0.007656419157097206
5.949999999999999	0.008134370980273226
6.05	0.00906155628296702
6.1499999999999995	0.00773633341591518
6.25	0.00479276835455736
6.35	0.003615954383202465
6.449999999999999	0.003525547124705857
6.55	0.0031768360162185167
6.6499999999999995	0.00288563622196297
6.75	0.003195180544309344
6.85	0.004846239638418333
6.949999999999999	0.00724044211656867
7.05	0.008801024201761088
7.1499999999999995	0.007285412704842875
7.25	0.004642100035375589
7.35	0.003510023171721949
7.449999999999999	0.0037533136151130654
7.55	0.004115109007820889
7.6499999999999995	0.004183036891148254
7.75	0.003710990815349621
7.85	0.0025865519253401603
7.949999999999999	0.0013827176669131533
8.049999999999999	4.998302710118897E-4
8.149999999999999	1.2871372080628502E-4
8.25	8.30503600274231E-6
8.35	0.0
8.45	0.0
8.549999999999999	0.0
8.649999999999999	0.0
8.75	0.0
8.85	0.0
8.95	0.0
#Run 35
5.05	0.0
5.1499999999999995	0.0
5.25	0.0
5.35	0.0
5.45	0.0
5.55	2.4111084226822175E-4
5.6499999999999995	0.001179564906137042
5.75	0.0028815990740162526
5.85	0.005025127904926647
5.949999999999999	0.007880639278296823
6.05	0.01154513101937013
6.1499999999999995	0.010662601119435351
6.25	0.006269495963932475
6.35	0.004118656648684799
6.449999999999999	0.003662980756740129
6.55	0.0034623517027067893
6.6499999999999995	0.0037089186712483077
6.75	0.004852105213116832
6.85	0.006560659435124583
6.949999999999999	0.008109875780322755
7.05	0.008681563054069724
7.1499999999999995	0.006983809445137957
7.25	0.00505223828427469
7.35	0.00446011924354413
7.449999999999999	0.0043734831564069794
7.55	0.0038378026359550074
7.6499999999999995	0.003304080156737048
7.75	0.0032572352339135273
7.85	0.0030011501279770337
7.949999999999999	0.0021394919898168156
8.049999999999999	9.760662835690991E-4
8.149999999999999	2.5176804618563917E-4
8.25	8.769614563187046E-6
8.35	0.0
8.45	0.0
8.549999999999999	0.0
8.649999999999999	0.0
8.75	0.0
8.85	0.0
8.95	0.0
#Run 36
5.05	0.0
5.1499999999999995	0.0
5.25	0.0
5.35	0.0
5.45	0.0
5.55	2.4111084226822175E-4
5.6499999999999995	0.001179564906137042
5.75	0.0028815990740162526
5.85	0.005025127904926647
5.949999999999999	0.007880639278296823
6.05	0.01154513101937013
6.1499999999999995	0.010662601119435351
6.25	0.006269495963932475
6.35	0.004118656648684799
6.449999999999999	0.003662980756740129
6.55	0.0034623517027067893
6.6499999999999995	0.0037089186712483077
6.75	0.004852105213116832
6.85	0.006560659435124583
6.949999999999999	0.008109875780322755
7.05	0.008681563054069724
7.1499999999999995	0.006983809445137957
7.25	0.00505223828427469
7.35	0.00446011924354413
7.449999999999999	0.0043734831564069794
7.55	0.0038378026359550074
7.6499999999999995	0.003304080156737048
7.75	0.0032572352339135273
7.85	0.0030011501279770337
7.949999999999999	0.0021394919898168156
8.049999999999999	9.760662835690991E-4
8.149999999999999	2.5176804618563917E-4
8.25	8.769614563187046E-6
8.35	0.0
8.45	0.0
8.549999999999999	0.0
8.649999999999999	0.0
8.75	0.0
8.85	0.0
8.95	0.0
#Run 37
5.05	0.0
5.1499999999999995	0.0
5.25	0.0
5.35	0.0
5.45	0.0
5.55	0.0
5.6499999999999995	0.0
5.75	0.0
5.85	0.0
5.949999999999999	0.0
6.05	0.0
6.1499999999999995	0.0
6.25	0.0
6.35	0.0
6.449999999999999	0.0
6.55	0.008051081594115852
6.6499999999999995	0.008051081594115852
6.75	0.008051081594115852
6.85	0.008051081594115852
6.949999999999999	0.008051081594115852
7.05	0.00619056926389351
7.1499999999999995	0.00619056926389351
7.25	0.00619056926389351
7.35	0.004366501292351977
7.449999999999999	0.004366501292351977
7.55	0.004366501292351977
7.6499999999999995	0.004366501292351977
7.75	0.003194848715306826
7.85	0.0029211858118432335
7.949999999999999	0.0015305523429920964
8.049999999999999	0.0
8.149999999999999	0.0
8.25	0.0
8.35	0.0
8.45	0.0
8.549999999999999	0.0
8.649999999999999	0.0
8.75	0.0
8.85	0.0
8.95	0.0
#Run 38
5.05	0.0
5.1499999999999995	0.0
5.25	0.0
5.35	0.0
5.45	0.0
5.55	0.0
5.6499999999999995	0.0
5.75	0.0
5.85	0.0
5.949999999999999	0.0
6.05	0.0
6.1499999999999995	0.0
6.25	0.0
6.35	0.0
6.449999999999999	0.0
6.55	0.008051081594115852
6.6499999999999995	0.008051081594115852
6.75	0.008051081594115852
6.85	0.008051081594115852
6.949999999999999	0.008051081594115852
7.05	0.00619056926389351
7.1499999999999995	0.00619056926389351
7.25	0.00619056926389351
7.35	0.004366501292351977
7.449999999999999	0.004366501292351977
7.55	0.004366501292351977
7.6499999999999995	0.004366501292351977
7.75	0.003194848715306826
7.85	0.0029211858118432335
7.949999999999999	0.0015305523429920964
8.049999999999999	0.0
8.149999999999999	0.0
8.25	0.0
8.35	0.0
8.45	0.0
8.549999999999999	0.0
8.649999999999999	0.0
8.75	0.0
8.85	0.0
8.95	0.0
#Run 39
5.05	0.0
5.1499999999999995	0.0
5.25	0.0
5.35	0.0
5.45	0.0
5.55	0.0
5.6499999999999995	0.0
5.75	0.0
5.85	0.0
5.949999999999999	0.0
6.05	0.0
6.1499999999999995	0.0
6.25	0.0
6.35	0.0
6.449999999999999	0.0
6.55	0.008051081594115852
6.6499999999999995	0.008051081594115852
6.75	0.008051081594115852
6.85	0.008051081594115852
6.949999999999999	0.008051081594115852
7.05	0.00619056926389351
7.1499999999999995	0.00619056926389351
7.25	0.00619056926389351
7.35	0.004366501292351977
7.449999999999999	0.004366501292351977
7.55	0.004366501292351977
7.6499999999999995	0.004366501292351977
7.75	0.003194848715306826
7.85	0.0029211858118432335
7.949999999999999	0.0015305523429920964
8.049999999999999	0.0
8.149999999999999	0.0
8.25	0.0
8.35	0.0
8.45	0.0
8.549999999999999	0.0
8.649999999999999	0.0
8.75	0.0
8.85	0.0
8.95	0.0
#Run 40
5.05	0.0
5.1499999999999995	0.0
5.25	0.0
5.35	0.0
5.45	0.0
5.55	0.0
5.6499999999999995	0.0
5.75	0.0
5.85	0.0
5.949999999999999	0.0
6.05	0.0
6.1499999999999995	0.0
6.25	0.0
6.35	0.0
6.449999999999999	0.0
6.55	0.008051081594115852
6.6499999999999995	0.008051081594115852
6.75	0.008051081594115852
6.85	0.008051081594115852
6.949999999999999	0.008051081594115852
7.05	0.00619056926389351
7.1499999999999995	0.00619056926389351
7.25	0.00619056926389351
7.35	0.004366501292351977
7.449999999999999	0.004366501292351977
7.55	0.004366501292351977
7.6499999999999995	0.004366501292351977
7.75	0.003194848715306826
7.85	0.0029211858118432335
7.949999999999999	0.0015305523429920964
8.049999999999999	0.0
8.149999999999999	0.0
8.25	0.0
8.35	0.0
8.45	0.0
8.549999999999999	0.0
8.649999999999999	0.0
8.75	0.0
8.85	0.0
8.95	0.0
#Run 41
5.05	0.0
5.1499999999999995	0.0
5.25	0.0
5.35	0.0013977954434603623
5.45	0.005951549435851405
5.55	0.012653861599610395
5.6499999999999995	0.016568963892687843
5.75	0.017491746996380023
5.85	0.019015188188274374
5.949999999999999	0.01501726600191542
6.05	0.00909984646359257
6.1499999999999995	0.0074549621187076
6.25	0.007002211155566209
6.35	0.0058390912739318766
6.449999999999999	0.005248620285837328
6.55	0.005563961417288602
6.6499999999999995	0.007311524857666952
6.75	0.010625584316331677
6.85	0.01334018336602637
6.949999999999999	0.011441550771876297
7.05	0.006492516416368147
7.1499999999999995	0.002854285048401818
7.25	0.0026129098300820427
7.35	0.003239228813296026
7.449999999999999	0.003611534468198851
7.55	0.0034924515541330525
7.6499999999999995	0.0033688697476764113
7.75	0.003097085097556791
7.85	0.0023687966898713565
7.949999999999999	0.00138573369245332
8.049999999999999	6.986674371187317E-4
8.149999999999999	2.913955702082773E-4
8.25	9.806933319424133E-5
8.35	1.4273986561609838E-5
8.45	2.5498892499489037E-6
8.549999999999999	0.0
8.649999999999999	0.0
8.75	0.0
8.85	0.0
8.95	0.0
#Run 42
5.05	0.0
5.1499999999999995	0.0
5.25	0.0
5.35	0.0013977954434603623
5.45	0.005951549435851405
5.55	0.012653861599610395
5.6499999999999995	0.016568963892687843
5.75	0.017491746996380023
5.85	0.019015188188274374
5.949999999999999	0.01501726600191542
6.05	0.00909984646359257
6.1499999999999995	0.0074549621187076
6.25	0.007002211155566209
6.35	0.0058390912739318766
6.449999999999999	0.005248620285837328
6.55	0.005563961417288602
6.6499999999999995	0.007311524857666952
6.75	0.010625584316331677
6.85	0.01334018336602637
6.949999999999999	0.011441550771876297
7.05	0.006492516416368147
7.1499999999999995	0.002854285048401818
7.25	0.0026129098300820427
7.35	0.003239228813296026
7.449999999999999	0.003611534468198851
7.55	0.0034924515541330525
7.6499999999999995	0.0033688697476764113
7.75	0.003097085097556791
7.85	0.0023687966898713565
7.949999999999999	0.00138573369245332
8.049999999999999	6.986674371187317E-4
8.149999999999999	2.913955702082773E-4
8.25	9.806933319424133E-5
8.35	1.4273986561609838E-5
8.45	2.5498892499489037E-6
8.549999999999999	0.0
8.649999999999999	0.0
8.75	0.0
8.85	0.0
8.95	0.0
#Run 43
5.05	0.0
5.1499999999999995	0.0
5.25	0.0
5.35	3.4691393176189097E-4
5.45	0.0014770941088169483
5.55	0.0031405173768661926
5.6499999999999995	0.0054112796467458875
5.75	0.008638852099298518
5.85	0.011818814714880508
5.949999999999999	0.009827040485392933
6.05	0.0055307459402323365
6.1499999999999995	0.003993413341771216
6.25	0.003613754403123343
6.35	0.0034197078798016535
6.449999999999999	0.00389913354986493
6.55	0.004958735242406326
6.6499999999999995	0.005958936821562395
6.75	0.006923237045018158
6.85	0.007758082489369739
6.949999999999999	0.006506998001136006
7.05	0.004167462915904886
7.1499999999999995	0.002951572108409273
7.25	0.0032396983297163693
7.35	0.003563870259614418
7.449999999999999	0.003385928283047775
7.55	0.0027356652180015443
7.6499999999999995	0.0022984617415099397
7.75	0.0023412262247447095
7.85	0.002547322703468442
7.949999999999999	0.0024278193011029207
8.049999999999999	0.001873801629231869
8.149999999999999	9.980500804004627E-4
8.25	3.1269287479541085E-4
8.35	1.613497007366849E-5
8.45	2.8778378888424577E-6
8.549999999999999	0.0
8.649999999999999	0.0
8.75	0.0
8.85	0.0
8.95	0.0
#Run 44
5.05	0.0
5.1499999999999995	0.0
5.25	0.0
5.35	3.4691393176189097E-4
5.45	0.0014770941088169483
5.55	0.0031405173768661926
5.6499999999999995	0.0054112796467458875
5.75	0.008638852099298518
5.85	0.011818814714880508
5.949999999999999	0.009827040485392933
6.05	0.0055307459402323365
6.1499999999999995	0.003993413341771216
6.25	0.003613754403123343
6.35	0.0034197078798016535
6.449999999999999	0.00389913354986493
6.55	0.004958735242406326
6.6499999999999995	0.005958936821562395
6.75	0.006923237045018158
6.85	0.007758082489369739
6.949999999999999	0.006506998001136006
7.05	0.004167462915904886
7.1499999999999995	0.002951572108409273
7.25	0.0032396983297163693
7.35	0.003563870259614418
7.449999999999999	0.003385928283047775
7.55	0.0027356652180015443
7.6499999999999995	0.0022984617415099397
7.75	0.0023412262247447095
7.85	0.002547322703468442
7.949999999999999	0.0024278193011029207
8.049999999999999	0.001873801629231869
8.149999999999999	9.980500804004627E-4
8.25	3.1269287479541085E-4
8.35	1.613497007366849E-5
8.45	2.8778378888424577E-6
8.549999999999999	0.0
8.649999999999999	0.0
8.75	0.0
8.85	0.0
8.95	0.0
#Run 45
5.05	0.0
5.1499999999999995	0.0
5.25	0.0
5.35	0.0
5.45	0.0
5.55	0.0
5.6499999999999995	0.0
5.75	0.0
5.85	0.0
5.949999999999999	0.0
6.05	0.0
6.1499999999999995	0.0
6.25	0.0
6.35	0.0
6.449999999999999	0.0
6.55	0.010302719573273238
6.6499999999999995	0.010302719573273238
6.75	0.010302719573273238
6.85	0.005572188278141531
6.949999999999999	0.005572188278141531
7.05	0.005572188278141531
7.1499999999999995	0.005572188278141531
7.25	0.0037895999248316213
7.35	0.003192447264610828
7.449999999999999	0.003192447264610828
7.55	0.003192447264610828
7.6499999999999995	0.003192447264610828
7.75	0.0020207946875656774
7.85	0.0017471317841020848
7.949999999999999	0.0017471317841020848
8.049999999999999	7.649354932447335E-4
8.149999999999999	7.649354932447335E-4
8.25	0.0
8.35	0.0
8.45	0.0
8.549999999999999	0.0
8.649999999999999	0.0
8.75	0.0
8.85	0.0
8.95	0.0
#Run 46
5.05	0.0
5.1499999999999995	0.0
5.25	0.0
5.35	0.0
5.45	0.0
5.55	0.0
5.6499999999999995	0.0
5.75	0.0
5.85	0.0
5.949999999999999	0.0
6.05	0.0
6.1499999999999995	0.0
6.25	0.0
6.35	0.0
6.449999999999999	0.0
6.55	0.010302719573273238
6.6499999999999995	0.010302719573273238
6.75	0.010302719573273238
6.85	0.005572188278141531
6.949999999999999	0.005572188278141531
7.05	0.005572188278141531
7.1499999999999995	0.005572188278141531
7.25	0.0037895999248316213
7.35	0.003192447264610828
7.449999999999999	0.003192447264610828
7.55	0.003192447264610828
7.6499999999999995	0.003192447264610828
7.75	0.0020207946875656774
7.85	0.0017471317841020848
7.949999999999999	0.0017471317841020848
8.049999999999999	7.649354932447335E-4
8.149999999999999	7.649354932447335E-4
8.25	0.0
8.35	0.0
8.45	0.0
8.549999999999999	0.0
8.649999999999999	0.0
8.75	0.0
8.85	0.0
8.95	0.0
#Run 47
5.05	0.0
5.1499999999999995	0.0
5.25	0.0
5.35	0.0
5.45	0.0
5.55	0.0
5.6499999999999995	0.0
5.75	0.0
5.85	0.0
5.949999999999999	0.0
6.05	0.0
6.1499999999999995	0.0
6.25	0.0
6.35	0.0
6.449999999999999	0.0
6.55	0.010302719573273238
6.6499999999999995	0.010302719573273238
6.75	0.010302719573273238
6.85	0.005572188278141531
6.949999999999999	0.005572188278141531
7.05	0.005572188278141531
7.1499999999999995	0.005572188278141531
7.25	0.0037895999248316213
7.35	0.003192447264610828
7.449999999999999	0.003192447264610828
7.55	0.003192447264610828
7.6499999999999995	0.003192447264610828
7.75	0.0020207946875656774
7.85	0.0017471317841020848
7.949999999999999	0.0017471317841020848
8.049999999999999	7.649354932447335E-4
8.149999999999999	7.649354932447335E-4
8.25	0.0
8.35	0.0
8.45	0.0
8.549999999999999	0.0
8.649999999999999	0.0
8.75	0.0
8.85	0.0
8.95	0.0
#Run 48
5.05	0.0
5.1499999999999995	0.0
5.25	0.0
5.35	0.0
5.45	0.0
5.55	0.0
5.6499999999999995	0.0
5.75	0.0
5.85	0.0
5.949999999999999	0.0
6.05	0.0
6.1499999999999995	0.0
6.25	0.0
6.35	0.0
6.449999999999999	0.0
6.55	0.010302719573273238
6.6499999999999995	0.010302719573273238
6.75	0.010302719573273238
6.85	0.005572188278141531
6.949999999999999	0.005572188278141531
7.05	0.005572188278141531
7.1499999999999995	0.005572188278141531
7.25	0.0037895999248316213
7.35	0.003192447264610828
7.449999999999999	0.003192447264610828
7.55	0.003192447264610828
7.6499999999999995	0.003192447264610828
7.75	0.0020207946875656774
7.85	0.0017471317841020848
7.949999999999999	0.0017471317841020848
8.049999999999999	7.649354932447335E-4
8.149999999999999	7.649354932447335E-4
8.25	0.0
8.35	0.0
8.45	0.0
8.549999999999999	0.0
8.649999999999999	0.0
8.75	0.0
8.85	0.0
8.95	0.0
#Run 49
5.05	0.0
5.1499999999999995	0.0
5.25	0.0
5.35	0.0
5.45	0.0
5.55	4.505835149244316E-4
5.6499999999999995	0.0022043492382540033
5.75	0.005385079439641437
5.85	0.007657872144673502
5.949999999999999	0.008139893943259835
6.05	0.009072039364759307
6.1499999999999995	0.00774626943519877
6.25	0.0047974710027142466
6.35	0.0036170658056341697
6.449999999999999	0.003525547124705857
6.55	0.0031768360162185167
6.6499999999999995	0.0028684824077439526
6.75	0.0031703944534859823
6.85	0.004820325176166791
6.949999999999999	0.007181239662447108
7.05	0.008646911918761973
7.1499999999999995	0.007109745750602487
7.25	0.004547101966137247
7.35	0.0035122131105523725
7.449999999999999	0.0038007630873762156
7.55	0.004141505448718399
7.6499999999999995	0.004142525471328722
7.75	0.003658083712368093
7.85	0.0025592614038973324
7.949999999999999	0.0013713255299186997
8.049999999999999	4.918965799563641E-4
8.149999999999999	1.2344526991244113E-4
8.25	7.410550301306932E-6
8.35	0.0
8.45	0.0
8.549999999999999	0.0
8.649999999999999	0.0
8.75	0.0
8.85	0.0
8.95	0.0
#Run 50
5.05	0.0
5.1499999999999995	0.0
5.25	0.0
5.35	0.0
5.45	0.0
5.55	4.505835149244316E-4
5.6499999999999995	0.0022043492382540033
5.75	0.005385079439641437
5.85	0.007657872144673502
5.949999999999999	0.008139893943259835
6.05	0.009072039364759307
6.1499999999999995	0.00774626943519877
6.25	0.0047974710027142466
6.35	0.0036170658056341697
6.449999999999999	0.003525547124705857
6.55	0.0031768360162185167
6.6499999999999995	0.0028684824077439526
6.75	0.0031703944534859823
6.85	0.004820325176166791
6.949999999999999	0.007181239662447108
7.05	0.008646911918761973
7.1499999999999995	0.007109745750602487
7.25	0.004547101966137247
7.35	0.0035122131105523725
7.449999999999999	0.0038007630873762156
7.55	0.004141505448718399
7.6499999999999995	0.004142525471328722
7.75	0.003658083712368093
7.85	0.0025592614038973324
7.949999999999999	0.0013713255299186997
8.049999999999999	4.918965799563641E-4
8.149999999999999	1.2344526991244113E-4
8.25	7.410550301306932E-6
8.35	0.0
8.45	0.0
8.549999999999999	0.0
8.649999999999999	0.0
8.75	0.0
8.85	0.0
8.95	0.0
#Run 51
5.05	0.0
5.1499999999999995	0.0
5.25	0.0
5.35	0.0
5.45	0.0
5.55	2.4111084226822175E-4
5.6499999999999995	0.001179564906137042
5.75	0.0028815990740162526
5.85	0.005025127904926647
5.949999999999999	0.007880639278296823
6.05	0.01154513101937013
6.1499999999999995	0.010662601119435351
6.25	0.006269495963932475
6.35	0.004118656648684799
6.449999999999999	0.003662980756740129
6.55	0.0034623517027067893
6.6499999999999995	0.0037089186712483077
6.75	0.0048708051008976025
6.85	0.006607493863238019
6.949999999999999	0.008143325722801551
7.05	0.008648992990057777
7.1499999999999995	0.006930724445234379
7.25	0.005028557404521065
7.35	0.00446011924354413
7.449999999999999	0.0043734831564069794
7.55	0.0038378026359550074
7.6499999999999995	0.003304080156737048
7.75	0.0032572352339135273
7.85	0.0030011501279770337
7.949999999999999	0.0021394919898168156
8.049999999999999	9.760662835690991E-4
8.149999999999999	2.5176804618563917E-4
8.25	8.769614563187046E-6
8.35	0.0
8.45	0.0
8.549999999999999	0.0
8.649999999999999	0.0
8.75	0.0
8.85	0.0
8.95	0.0
#Run 52
5.05	0.0
5.1499999999999995	0.0
5.25	0.0
5.35	0.0
5.45	0.0
5.55	2.4111084226822175E-4
5.6499999999999995	0.001179564906137042
5.75	0.0028815990740162526
5.85	0.005025127904926647
5.949999999999999	0.007880639278296823
6.05	0.01154513101937013
6.1499999999999995	0.010662601119435351
6.25	0.006269495963932475
6.35	0.004118656648684799
6.449999999999999	0.003662980756740129
6.55	0.0034623517027067893
6.6499999999999995	0.0037089186712483077
6.75	0.0048708051008976025
6.85	0.006607493863238019
6.949999999999999	0.008143325722801551
7.05	0.008648992990057777
7.1499999999999995	0.006930724445234379
7.25	0.005028557404521065
7.35	0.00446011924354413
7.449999999999999	0.0043734831564069794
7.55	0.0038378026359550074
7.6499999999999995	0.003304080156737048
7.75	0.0032572352339135273
7.85	0.0030011501279770337
7.949999999999999	0.0021394919898168156
8.049999999999999	9.760662835690991E-4
8.149999999999999	2.5176804618563917E-4
8.25	8.769614563187046E-6
8.35	0.0
8.45	0.0
8.549999999999999	0.0
8.649999999999999	0.0
8.75	0.0
8.85	0.0
8.95	0.0
#Run 53
5.05	0.0
5.1499999999999995	0.0
5.25	0.0
5.35	0.0
5.45	0.0
5.55	0.0
5.6499999999999995	0.0
5.75	0.0
5.85	0.0
5.949999999999999	0.0
6.05	0.0
6.1499999999999995	0.0
6.25	0.0
6.35	0.0
6.449999999999999	0.0
6.55	0.008258887107808102
6.6499999999999995	0.008258887107808102
6.75	0.008258887107808102
6.85	0.008258887107808102
6.949999999999999	0.008258887107808102
7.05	0.0063983747775857615
7.1499999999999995	0.0063983747775857615
7.25	0.0063983747775857615
7.35	0.004574306806044228
7.449999999999999	0.004574306806044228
7.55	0.004574306806044228
7.6499999999999995	0.004574306806044228
7.75	0.003133839402863701
7.85	0.002862906745215564
7.949999999999999	0.0014722732763644269
8.049999999999999	0.0
8.149999999999999	0.0
8.25	0.0
8.35	0.0
8.45	0.0
8.549999999999999	0.0
8.649999999999999	0.0
8.75	0.0
8.85	0.0
8.95	0.0
#Run 54
5.05	0.0
5.1499999999999995	0.0
5.25	0.0
5.35	0.0
5.45	0.0
5.55	0.0
5.6499999999999995	0.0
5.75	0.0
5.85	0.0
5.949999999999999	0.0
6.05	0.0
6.1499999999999995	0.0
6.25	0.0
6.35	0.0
6.449999999999999	0.0
6.55	0.008258887107808102
6.6499999999999995	0.008258887107808102
6.75	0.008258887107808102
6.85	0.008258887107808102
6.949999999999999	0.008258887107808102
7.05	0.0063983747775857615
7.1499999999999995	0.0063983747775857615
7.25	0.0063983747775857615
7.35	0.004574306806044228
7.449999999999999	0.004574306806044228
7.55	0.004574306806044228
7.6499999999999995	0.004574306806044228
7.75	0.003133839402863701
7.85	0.002862906745215564
7.949999999999999	0.0014722732763644269
8.049999999999999	0.0
8.149999999999999	0.0
8.25	0.0
8.35	0.0
8.45	0.0
8.549999999999999	0.0
8.649999999999999	0.0
8.75	0.0
8.85	0.0
8.95	0.0
#Run 55
5.05	0.0
5.1499999999999995	0.0
5.25	0.0
5.35	0.0
5.45	0.0
5.55	0.0
5.6499999999999995	0.0
5.75	0.0
5.85	0.0
5.949999999999999	0.0
6.05	0.0
6.1499999999999995	0.0
6.25	0.0
6.35	0.0
6.449999999999999	0.0
6.55	0.008258887107808102
6.6499999999999995	0.008258887107808102
6.75	0.008258887107808102
6.85	0.008258887107808102
6.949999999999999	0.008258887107808102
7.05	0.0063983747775857615
7.1499999999999995	0.0063983747775857615
7.25	0.0063983747775857615
7.35	0.004574306806044228
7.449999999999999	0.004574306806044228
7.55	0.004574306806044228
7.6499999999999995	0.004574306806044228
7.75	0.003133839402863701
7.85	0.002862906745215564
7.949999999999999	0.0014722732763644269
8.049999999999999	0.0
8.149999999999999	0.0
8.25	0.0
8.35	0.0
8.45	0.0
8.549999999999999	0.0
8.649999999999999	0.0
8.75	0.0
8.85	0.0
8.95	0.0
#Run 56
5.05	0.0
5.1499999999999995	0.0
5.25	0.0
5.35	0.0
5.45	0.0
5.55	0.0
5.6499999999999995	0.0
5.75	0.0
5.85	0.0
5.949999999999999	0.0
6.05	0.0
6.1499999999999995	0.0
6.25	0.0
6.35	0.0
6.449999999999999	0.0
6.55	0.008258887107808102
6.6499999999999995	0.008258887107808102
6.75	0.008258887107808102
6.85	0.008258887107808102
6.949999999999999	0.008258887107808102
7.05	0.0063983747775857615
7.1499999999999995	0.0063983747775857615
7.25	0.0063983747775857615
7.35	0.004574306806044228
7.449999999999999	0.004574306806044228
7.55	0.004574306806044228
7.6499999999999995	0.004574306806044228
7.75	0.003133839402863701
7.85	0.002862906745215564
7.949999999999999	0.0014722732763644269
8.049999999999999	0.0
8.149999999999999	0.0
8.25	0.0
8.35	0.0
8.45	0.0
8.549999999999999	0.0
8.649999999999999	0.0
8.75	0.0
8.85	0.0
8.95	0.0
#Run 57
5.05	0.0
5.1499999999999995	0.0
5.25	0.0
5.35	0.0013977954434603623
5.45	0.005951549435851405
5.55	0.012653861599610395
5.6499999999999995	0.016602138037675105
5.75	0.017601493651391832
5.85	0.01919648470321214
5.949999999999999	0.015166818691916351
6.05	0.0091614499954989
6.1499999999999995	0.007467633489664135
6.25	0.007002211155566208
6.35	0.0058354931594922724
6.449999999999999	0.005221818671448886
6.55	0.005561805471867357
6.6499999999999995	0.007317548042651442
6.75	0.010605992529051804
6.85	0.013153380201832385
6.949999999999999	0.011195461392026672
7.05	0.006348107092453686
7.1499999999999995	0.0028318545796657242
7.25	0.0026396215087423356
7.35	0.003330376679818775
7.449999999999999	0.0037474551747790088
7.55	0.0035564227227355837
7.6499999999999995	0.003322408592676922
7.75	0.003022406410950801
7.85	0.0023408926230216874
7.949999999999999	0.0013885987222583592
8.049999999999999	6.925854944077336E-4
8.149999999999999	2.789495641247557E-4
8.25	8.737216043284607E-5
8.35	1.1174895611922505E-5
8.45	1.9037881921673085E-6
8.549999999999999	0.0
8.649999999999999	0.0
8.75	0.0
8.85	0.0
8.95	0.0
#Run 58
5.05	0.0
5.1499999999999995	0.0
5.25	0.0
5.35	0.0013977954434603623
5.45	0.005951549435851405
5.55	0.012653861599610395
5.6499999999999995	0.016602138037675105
5.75	0.017601493651391832
5.85	0.01919648470321214
5.949999999999999	0.015166818691916351
6.05	0.0091614499954989
6.1499999999999995	0.007467633489664135
6.25	0.007002211155566208
6.35	0.0058354931594922724
6.449999999999999	0.005221818671448886
6.55	0.005561805471867357
6.6499999999999995	0.007317548042651442
6.75	0.010605992529051804
6.85	0.013153380201832385
6.949999999999999	0.011195461392026672
7.05	0.006348107092453686
7.1499999999999995	0.0028318545796657242
7.25	0.0026396215087423356
7.35	0.003330376679818775
7.449999999999999	0.0037474551747790088
7.55	0.0035564227227355837
7.6499999999999995	0.003322408592676922
7.75	0.003022406410950801
7.85	0.0023408926230216874
7.949999999999999	0.0013885987222583592
8.049999999999999	6.925854944077336E-4
8.149999999999999	2.789495641247557E-4
8.25	8.737216043284607E-5
8.35	1.1174895611922505E-5
8.45	1.9037881921673085E-6
8.549999999999999	0.0
8.649999999999999	0.0
8.75	0.0
8.85	0.0
8.95	0.0
#Run 59
5.05	0.0
5.1499999999999995	0.0
5.25	0.0
5.35	3.4691393176189097E-4
5.45	0.0014770941088169483
5.55	0.0031405173768661926
5.6499999999999995	0.0054112796467458875
5.75	0.008638852099298518
5.85	0.011818814714880508
5.949999999999999	0.009827040485392933
6.05	0.0055307459402323365
6.1499999999999995	0.003993413341771216
6.25	0.003613754403123343
6.35	0.0034197078798016535
6.449999999999999	0.00389913354986493
6.55	0.004994533239647555
6.6499999999999995	0.006018958831336614
6.75	0.0069694846865665985
6.85	0.007717397128958725
6.949999999999999	0.006433929296316199
7.05	0.0041328205073981215
7.1499999999999995	0.002951572108409273
7.25	0.0032396983297163693
7.35	0.003563870259614418
7.449999999999999	0.003385928283047775
7.55	0.0027356652180015443
7.6499999999999995	0.00229846174150994
7.75	0.00234122622474471
7.85	0.002547322703468442
7.949999999999999	0.0024278193011029207
8.049999999999999	0.001873801629231869
8.149999999999999	9.980500804004627E-4
8.25	3.1269287479541085E-4
8.35	1.613497007366849E-5
8.45	2.8778378888424577E-6
8.549999999999999	0.0
8.649999999999999	0.0
8.75	0.0
8.85	0.0
8.95	0.0
#Run 60
5.05	0.0
5.1499999999999995	0.0
5.25	0.0
5.35	3.4691393176189097E-4
5.45	0.0014770941088169483
5.55	0.0031405173768661926
5.6499999999999995	0.0054112796467458875
5.75	0.008638852099298518
5.85	0.011818814714880508
5.949999999999999	0.009827040485392933
6.05	0.0055307459402323365
6.1499999999999995	0.003993413341771216
6.25	0.003613754403123343
6.35	0.0034197078798016535
6.449999999999999	0.00389913354986493
6.55	0.004994533239647555
6.6499999999999995	0.006018958831336614
6.75	0.0069694846865665985
6.85	0.007717397128958725
6.949999999999999	0.006433929296316199
7.05	0.0041328205073981215
7.1499999999999995	0.002951572108409273
7.25	0.0032396983297163693
7.35	0.003563870259614418
7.449999999999999	0.003385928283047775
7.55	0.0027356652180015443
7.6499999999999995	0.00229846174150994
7.75	0.00234122622474471
7.85	0.002547322703468442
7.949999999999999	0.0024278193011029207
8.049999999999999	0.001873801629231869
8.149999999999999	9.980500804004627E-4
8.25	3.1269287479541085E-4
8.35	1.613497007366849E-5
8.45	2.8778378888424577E-6
8.549999999999999	0.0
8.649999999999999	0.0
8.75	0.0
8.85	0.0
8.95	0.0
#Run 61
5.05	0.0
5.1499999999999995	0.0
5.25	0.0
5.35	0.0
5.45	0.0
5.55	0.0
5.6499999999999995	0.0
5.75	0.0
5.85	0.0
5.949999999999999	0.0
6.05	0.0
6.1499999999999995	0.0
6.25	0.0
6.35	0.0
6.449999999999999	0.0
6.55	0.010539677592335196
6.6499999999999995	0.010539677592335196
6.75	0.010539677592335196
6.85	0.005809146297203489
6.949999999999999	0.005809146297203489
7.05	0.005809146297203489
7.1499999999999995	0.005809146297203489
7.25	0.004026557943893579
7.35	0.0034294052836727857
7.449999999999999	0.0034294052836727857
7.55	0.0034294052836727857
7.6499999999999995	0.0034294052836727857
7.75	0.0019889378804922586
7.85	0.001718005222844121
7.949999999999999	0.001718005222844121
8.049999999999999	7.358089319867698E-4
8.149999999999999	7.358089319867698E-4
8.25	0.0
8.35	0.0
8.45	0.0
8.549999999999999	0.0
8.649999999999999	0.0
8.75	0.0
8.85	0.0
8.95	0.0
#Run 62
5.05	0.0
5.1499999999999995	0.0
5.25	0.0
5.35	0.0
5.45	0.0
5.55	0.0
5.6499999999999995	0.0
5.75	0.0
5.85	0.0
5.949999999999999	0.0
6.05	0.0
6.1499999999999995	0.0
6.25	0.0
6.35	0.0
6.449999999999999	0.0
6.55	0.010539677592335196
6.6499999999999995	0.010539677592335196
6.75	0.010539677592335196
6.85	0.005809146297203489
6.949999999999999	0.005809146297203489
7.05	0.005809146297203489
7.1499999999999995	0.005809146297203489
7.25	0.004026557943893579
7.35	0.0034294052836727857
7.449999999999999	0.0034294052836727857
7.55	0.0034294052836727857
7.6499999999999995	0.0034294052836727857
7.75	0.0019889378804922586
7.85	0.001718005222844121
7.949999999999999	0.001718005222844121
8.049999999999999	7.358089319867698E-4
8.149999999999999	7.358089319867698E-4
8.25	0.0
8.35	0.0
8.45	0.0
8.549999999999999	0.0
8.649999999999999	0.0
8.75	0.0
8.85	0.0
8.95	0.0
#Run 63
5.05	0.0
5.1499999999999995	0.0
5.25	0.0
5.35	0.0
5.45	0.0
5.55	0.0
5.6499999999999995	0.0
5.75	0.0
5.85	0.0
5.949999999999999	0.0
6.05	0.0
6.1499999999999995	0.0
6.25	0.0
6.35	0.0
6.449999999999999	0.0
6.55	0.010539677592335196
6.6499999999999995	0.010539677592335196
6.75	0.010539677592335196
6.85	0.005809146297203489
6.949999999999999	0.005809146297203489
7.05	0.005809146297203489
7.1499999999999995	0.005809146297203489
7.25	0.004026557943893579
7.35	0.0034294052836727857
7.449999999999999	0.0034294052836727857
7.55	0.0034294052836727857
7.6499999999999995	0.0034294052836727857
7.75	0.0019889378804922586
7.85	0.001718005222844121
7.949999999999999	0.001718005222844121
8.049999999999999	7.358089319867698E-4
8.149999999999999	7.358089319867698E-4
8.25	0.0
8.35	0.0
8.45	0.0
8.549999999999999	0.0
8.649999999999999	0.0
8.75	0.0
8.85	0.0
8.95	0.0
#Run 64
5.05	0.0
5.1499999999999995	0.0
5.25	0.0
5.35	0.0
5.45	0.0
5.55	0.0
5.6499999999999995	0.0
5.75	0.0
5.85	0.0
5.949999999999999	0.0
6.05	0.0
6.1499999999999995	0.0
6.25	0.0
6.35	0.0
6.449999999999999	0.0
6.55	0.010539677592335196
6.6499999999999995	0.010539677592335196
6.75	0.010539677592335196
6.85	0.005809146297203489
6.949999999999999	0.005809146297203489
7.05	0.005809146297203489
7.1499999999999995	0.005809146297203489
7.25	0.004026557943893579
7.35	0.0034294052836727857
7.449999999999999	0.0034294052836727857
7.55	0.0034294052836727857
7.6499999999999995	0.0034294052836727857
7.75	0.0019889378804922586
7.85	0.001718005222844121
7.949999999999999	0.001718005222844121
8.049999999999999	7.358089319867698E-4
8.149999999999999	7.358089319867698E-4
8.25	0.0
8.35	0.0
8.45	0.0
8.549999999999999	0.0
8.649999999999999	0.0
8.75	0.0
8.85	0.0
8.95	0.0
#Run 65
5.05	0.0
5.1499999999999995	0.0
5.25	0.0
5.35	0.0
5.45	0.0
5.55	4.505835149244316E-4
5.6499999999999995	0.0022043492382540033
5.75	0.005385079439641437
5.85	0.007660443847602645
5.949999999999999	0.008149669264344421
6.05	0.009090593805686043
6.1499999999999995	0.007763855607518816
6.25	0.004805794414584444
6.35	0.0036190329582580175
6.449999999999999	0.003525547124705857
6.55	0.0031768360162185167
6.6499999999999995	0.0028360637810078857
6.75	0.003088612107692455
6.85	0.004663404212486529
6.949999999999999	0.007051311130847437
7.05	0.00858886333253686
7.1499999999999995	0.007075204294690262
7.25	0.004531360541172825
7.35	0.0036022262332296904
7.449999999999999	0.0039912474150437475
7.55	0.004314471893625631
7.6499999999999995	0.004172059894595246
7.75	0.003630584407540163
7.85	0.0025419183834243866
7.949999999999999	0.0013607792289463002
8.049999999999999	4.8039345804808066E-4
8.149999999999999	1.1499415124547366E-4
8.25	6.268678686895959E-6
8.35	0.0
8.45	0.0
8.549999999999999	0.0
8.649999999999999	0.0
8.75	0.0
8.85	0.0
8.95	0.0
#Run 66
5.05	0.0
5.1499999999999995	0.0
5.25	0.0
5.35	0.0
5.45	0.0
5.55	4.505835149244316E-4
5.6499999999999995	0.0022043492382540033
5.75	0.005385079439641437
5.85	0.007660443847602645
5.949999999999999	0.008149669264344421
6.05	0.009090593805686043
6.1499999999999995	0.007763855607518816
6.25	0.004805794414584444
6.35	0.0036190329582580175
6.449999999999999	0.003525547124705857
6.55	0.0031768360162185167
6.6499999999999995	0.0028360637810078857
6.75	0.003088612107692455
6.85	0.004663404212486529
6.949999999999999	0.007051311130847437
7.05	0.00858886333253686
7.1499999999999995	0.007075204294690262
7.25	0.004531360541172825
7.35	0.0036022262332296904
7.449999999999999	0.0039912474150437475
7.55	0.004314471893625631
7.6499999999999995	0.004172059894595246
7.75	0.003630584407540163
7.85	0.0025419183834243866
7.949999999999999	0.0013607792289463002
8.049999999999999	4.8039345804808066E-4
8.149999999999999	1.1499415124547366E-4
8.25	6.268678686895959E-6
8.35	0.0
8.45	0.0
8.549999999999999	0.0
8.649999999999999	0.0
8.75	0.0
8.85	0.0
8.95	0.0
#Run 67
5.05	0.0
5.1499999999999995	0.0
5.25	0.0
5.35	0.0
5.45	0.0
5.55	2.4111084226822175E-4
5.6499999999999995	0.001179564906137042
5.75	0.0028815990740162526
5.85	0.005025127904926647
5.949999999999999	0.007880639278296823
6.05	0.01154513101937013
6.1499999999999995	0.010662601119435351
6.25	0.006269495963932475
6.35	0.004118656648684799
6.449999999999999	0.003662980756740129
6.55	0.0034623517027067893
6.6499999999999995	0.0037089186712483077
6.75	0.0048708051008976025
6.85	0.006607493863238019
6.949999999999999	0.008143325722801551
7.05	0.008648992990057777
7.1499999999999995	0.006930724445234379
7.25	0.005028557404521065
7.35	0.00446011924354413
7.449999999999999	0.0043734831564069794
7.55	0.0038378026359550074
7.6499999999999995	0.0033040801567370474
7.75	0.003257235233913527
7.85	0.0030011501279770337
7.949999999999999	0.0021394919898168156
8.049999999999999	9.760662835690991E-4
8.149999999999999	2.5176804618563917E-4
8.25	8.769614563187046E-6
8.35	0.0
8.45	0.0
8.549999999999999	0.0
8.649999999999999	0.0
8.75	0.0
8.85	0.0
8.95	0.0
#Run 68
5.05	0.0
5.1499999999999995	0.0
5.25	0.0
5.35	0.0
5.45	0.0
5.55	2.4111084226822175E-4
5.6499999999999995	0.001179564906137042
5.75	0.0028815990740162526
5.85	0.005025127904926647
5.949999999999999	0.007880639278296823
6.05	0.01154513101937013
6.1499999999999995	0.010662601119435351
6.25	0.006269495963932475
6.35	0.004118656648684799
6.449999999999999	0.003662980756740129
6.55	0.0034623517027067893
6.6499999999999995	0.0037089186712483077
6.75	0.0048708051008976025
6.85	0.006607493863238019
6.949999999999999	0.008143325722801551
7.05	0.008648992990057777
7.1499999999999995	0.006930724445234379
7.25	0.005028557404521065
7.35	0.00446011924354413
7.449999999999999	0.0043734831564069794
7.55	0.0038378026359550074
7.6499999999999995	0.0033040801567370474
7.75	0.003257235233913527
7.85	0.0030011501279770337
7.949999999999999	0.0021394919898168156
8.049999999999999	9.760662835690991E-4
8.149999999999999	2.5176804618563917E-4
8.25	8.769614563187046E-6
8.35	0.0
8.45	0.0
8.549999999999999	0.0
8.649999999999999	0.0
8.75	0.0
8.85	0.0
8.95	0.0
#Run 69
5.05	0.0
5.1499999999999995	0.0
5.25	0.0
5.35	0.0
5.45	0.0
5.55	0.0
5.6499999999999995	0.0
5.75	0.0
5.85	0.0
5.949999999999999	0.0
6.05	0.0
6.1499999999999995	0.0
6.25	0.0
6.35	0.0
6.449999999999999	0.0
6.55	0.008459688556132551
6.6499999999999995	0.008459688556132551
6.75	0.008459688556132551
6.85	0.008459688556132551
6.949999999999999	0.008459688556132551
7.05	0.00659917622591021
7.1499999999999995	0.00659917622591021
7.25	0.00659917622591021
7.35	0.004775108254368677
7.449999999999999	0.004775108254368677
7.55	0.004775108254368677
7.6499999999999995	0.004775108254368677
7.75	0.003048466351228119
7.85	0.0027775336935799816
7.949999999999999	0.0013869002247288446
8.049999999999999	0.0
8.149999999999999	0.0
8.25	0.0
8.35	0.0
8.45	0.0
8.549999999999999	0.0
8.649999999999999	0.0
8.75	0.0
8.85	0.0
8.95	0.0
#Run 70
5.05	0.0
5.1499999999999995	0.0
5.25	0.0
5.35	0.0
5.45	0.0
5.55	0.0
5.6499999999999995	0.0
5.75	0.0
5.85	0.0
5.949999999999999	0.0
6.05	0.0
6.1499999999999995	0.0
6.25	0.0
6.35	0.0
6.449999999999999	0.0
6.55	0.008459688556132551
6.6499999999999995	0.008459688556132551
6.75	0.008459688556132551
6.85	0.008459688556132551
6.949999999999999	0.008459688556132551
7.05	0.00659917622591021
7.1499999999999995	0.00659917622591021
7.25	0.00659917622591021
7.35	0.004775108254368677
7.449999999999999	0.004775108254368677
7.55	0.004775108254368677
7.6499999999999995	0.004775108254368677
7.75	0.003048466351228119
7.85	0.0027775336935799816
7.949999999999999	0.0013869002247288446
8.049999999999999	0.0
8.149999999999999	0.0
8.25	0.0
8.35	0.0
8.45	0.0
8.549999999999999	0.0
8.649999999999999	0.0
8.75	0.0
8.85	0.0
8.95	0.0
#Run 71
5.05	0.0
5.1499999999999995	0.0
5.25	0.0
5.35	0.0
5.45	0.0
5.55	0.0
5.6499999999999995	0.0
5.75	0.0
5.85	0.0
5.949999999999999	0.0
6.05	0.0
6.1499999999999995	0.0
6.25	0.0
6.35	0.0
6.449999999999999	0.0
6.55	0.008459688556132551
6.6499999999999995	0.008459688556132551
6.75	0.008459688556132551
6.85	0.008459688556132551
6.949999999999999	0.008459688556132551
7.05	0.00659917622591021
7.1499999999999995	0.00659917622591021
7.25	0.00659917622591021
7.35	0.004775108254368677
7.449999999999999	0.004775108254368677
7.55	0.004775108254368677
7.6499999999999995	0.004775108254368677
7.75	0.003048466351228119
7.85	0.0027775336935799816
7.949999999999999	0.0013869002247288446
8.049999999999999	0.0
8.149999999999999	0.0
8.25	0.0
8.35	0.0
8.45	0.0
8.549999999999999	0.0
8.649999999999999	0.0
8.75	0.0
8.85	0.0
8.95	0.0
#Run 72
5.05	0.0
5.1499999999999995	0.0
5.25	0.0
5.35	0.0
5.45	0.0
5.55	0.0
5.6499999999999995	0.0
5.75	0.0
5.85	0.0
5.949999999999999	0.0
6.05	0.0
6.1499999999999995	0.0
6.25	0.0
6.35	0.0
6.449999999999999	0.0
6.55	0.008459688556132551
6.6499999999999995	0.008459688556132551
6.75	0.008459688556132551
6.85	0.008459688556132551
6.949999999999999	0.008459688556132551
7.05	0.00659917622591021
7.1499999999999995	0.00659917622591021
7.25	0.00659917622591021
7.35	0.004775108254368677
7.449999999999999	0.004775108254368677
7.55	0.004775108254368677
7.6499999999999995	0.004775108254368677
7.75	0.003048466351228119
7.85	0.0027775336935799816
7.949999999999999	0.0013869002247288446
8.049999999999999	0.0
8.149999999999999	0.0
8.25	0.0
8.35	0.0
8.45	0.0
8.549999999999999	0.0
8.649999999999999	0.0
8.75	0.0
8.85	0.0
8.95	0.0
#Run 73
5.05	0.0
5.1499999999999995	0.0
5.25	0.0
5.35	0.0013977954434603623
5.45	0.005951549435851405
5.55	0.012653861599610395
5.6499999999999995	0.016620021583438865
5.75	0.017660655969759846
5.85	0.019294218179777833
5.949999999999999	0.015247439680844679
6.05	0.009194659278887485
6.1499999999999995	0.0074744643828937194
6.25	0.007002211155566208
6.35	0.0058301663997520695
6.449999999999999	0.005194206008356802
6.55	0.005490395060156516
6.6499999999999995	0.007156144663861499
6.75	0.010385366572972558
6.85	0.012960314996991825
6.949999999999999	0.011099908038130296
7.05	0.0062990972575616404
7.1499999999999995	0.0028812799443247534
7.25	0.002751620738013228
7.35	0.0035608996321790467
7.449999999999999	0.004068897229388704
7.55	0.003766966345165698
7.6499999999999995	0.0033345337394979366
7.75	0.002967987533952717
7.85	0.0023473279776246737
7.949999999999999	0.0014181383964034131
8.049999999999999	6.848653348626073E-4
8.149999999999999	2.554845722204634E-4
8.25	6.885164248526797E-5
8.35	6.756073643592746E-6
8.45	9.666472472720384E-7
8.549999999999999	0.0
8.649999999999999	0.0
8.75	0.0
8.85	0.0
8.95	0.0
#Run 74
5.05	0.0
5.1499999999999995	0.0
5.25	0.0
5.35	0.0013977954434603623
5.45	0.005951549435851405
5.55	0.012653861599610395
5.6499999999999995	0.016620021583438865
5.75	0.017660655969759846
5.85	0.019294218179777833
5.949999999999999	0.015247439680844679
6.05	0.009194659278887485
6.1499999999999995	0.0074744643828937194
6.25	0.007002211155566208
6.35	0.0058301663997520695
6.449999999999999	0.005194206008356802
6.55	0.005490395060156516
6.6499999999999995	0.007156144663861499
6.75	0.010385366572972558
6.85	0.012960314996991825
6.949999999999999	0.011099908038130296
7.05	0.0062990972575616404
7.1499999999999995	0.0028812799443247534
7.25	0.002751620738013228
7.35	0.0035608996321790467
7.449999999999999	0.004068897229388704
7.55	0.003766966345165698
7.6499999999999995	0.0033345337394979366
7.75	0.002967987533952717
7.85	0.0023473279776246737
7.949999999999999	0.0014181383964034131
8.049999999999999	6.848653348626073E-4
8.149999999999999	2.554845722204634E-4
8.25	6.885164248526797E-5
8.35	6.756073643592746E-6
8.45	9.666472472720384E-7
8.549999999999999	0.0
8.649999999999999	0.0
8.75	0.0
8.85	0.0
8.95	0.0
#Run 75
5.05	0.0
5.1499999999999995	0.0
5.25	0.0
5.35	3.4691393176189097E-4
5.45	0.0014770941088169483
5.55	0.0031405173768661926
5.6499999999999995	0.0054112796467458875
5.75	0.008638852099298518
5.85	0.011818814714880508
5.949999999999999	0.009827040485392933
6.05	0.0055307459402323365
6.1499999999999995	0.003993413341771216
6.25	0.003613754403123343
6.35	0.0034197078798016535
6.449999999999999	0.00389913354986493
6.55	0.004994533239647555
6.6499999999999995	0.006018958831336614
6.75	0.0069694846865665985
6.85	0.007717397128958725
6.949999999999999	0.006433929296316199
7.05	0.0041328205073981215
7.1499999999999995	0.002951572108409273
7.25	0.0032396983297163693
7.35	0.003563870259614418
7.449999999999999	0.003385928283047775
7.55	0.0027356652180015443
7.6499999999999995	0.0022984617415099397
7.75	0.0023412262247447095
7.85	0.002547322703468442
7.949999999999999	0.0024278193011029207
8.049999999999999	0.001873801629231869
8.149999999999999	9.980500804004627E-4
8.25	3.1269287479541085E-4
8.35	1.6134970073668494E-5
8.45	2.8778378888424577E-6
8.549999999999999	0.0
8.649999999999999	0.0
8.75	0.0
8.85	0.0
8.95	0.0
#Run 76
5.05	0.0
5.1499999999999995	0.0
5.25	0.0
5.35	3.4691393176189097E-4
5.45	0.0014770941088169483
5.55	0.0031405173768661926
5.6499999999999995	0.0054112796467458875
5.75	0.008638852099298518
5.85	0.011818814714880508
5.949999999999999	0.009827040485392933
6.05	0.0055307459402323365
6.1499999999999995	0.003993413341771216
6.25	0.003613754403123343
6.35	0.0034197078798016535
6.449999999999999	0.00389913354986493
6.55	0.004994533239647555
6.6499999999999995	0.006018958831336614
6.75	0.0069694846865665985
6.85	0.007717397128958725
6.949999999999999	0.006433929296316199
7.05	0.0041328205073981215
7.1499999999999995	0.002951572108409273
7.25	0.0032396983297163693
7.35	0.003563870259614418
7.449999999999999	0.003385928283047775
7.55	0.0027356652180015443
7.6499999999999995	0.0022984617415099397
7.75	0.0023412262247447095
7.85	0.002547322703468442
7.949999999999999	0.0024278193011029207
8.049999999999999	0.001873801629231869
8.149999999999999	9.980500804004627E-4
8.25	3.1269287479541085E-4
8.35	1.6134970073668494E-5
8.45	2.8778378888424577E-6
8.549999999999999	0.0
8.649999999999999	0.0
8.75	0.0
8.85	0.0
8.95	0.0
#Run 77
5.05	0.0
5.1499999999999995	0.0
5.25	0.0
5.35	0.0
5.45	0.0
5.55	0.0
5.6499999999999995	0.0
5.75	0.0
5.85	0.0
5.949999999999999	0.0
6.05	0.0
6.1499999999999995	0.0
6.25	0.0
6.35	0.0
6.449999999999999	0.0
6.55	0.010783184569252527
6.6499999999999995	0.010783184569252527
6.75	0.010783184569252527
6.85	0.00605265327412082
6.949999999999999	0.00605265327412082
7.05	0.00605265327412082
7.1499999999999995	0.00605265327412082
7.25	0.00427006492081091
7.35	0.0036729122605901176
7.449999999999999	0.0036729122605901176
7.55	0.0036729122605901176
7.6499999999999995	0.0036729122605901176
7.75	0.0019462703574495595
7.85	0.0016753376998014222
7.949999999999999	0.0016753376998014222
8.049999999999999	6.931414089440709E-4
8.149999999999999	6.931414089440709E-4
8.25	0.0
8.35	0.0
8.45	0.0
8.549999999999999	0.0
8.649999999999999	0.0
8.75	0.0
8.85	0.0
8.95	0.0
#Run 78
5.05	0.0
5.1499999999999995	0.0
5.25	0.0
5.35	0.0
5.45	0.0
5.55	0.0
5.6499999999999995	0.0
5.75	0.0
5.85	0.0
5.949999999999999	0.0
6.05	0.0
6.1499999999999995	0.0
6.25	0.0
6.35	0.0
6.449999999999999	0.0
6.55	0.010783184569252527
6.6499999999999995	0.010783184569252527
6.75	0.010783184569252527
6.85	0.00605265327412082
6.949999999999999	0.00605265327412082
7.05	0.00605265327412082
7.1499999999999995	0.00605265327412082
7.25	0.00427006492081091
7.35	0.0036729122605901176
7.449999999999999	0.0036729122605901176
7.55	0.0036729122605901176
7.6499999999999995	0.0036729122605901176
7.75	0.0019462703574495595
7.85	0.0016753376998014222
7.949999999999999	0.0016753376998014222
8.049999999999999	6.931414089440709E-4
8.149999999999999	6.931414089440709E-4
8.25	0.0
8.35	0.0
8.45	0.0
8.549999999999999	0.0
8.649999999999999	0.0
8.75	0.0
8.85	0.0
8.95	0.0
#Run 79
5.05	0.0
5.1499999999999995	0.0
5.25	0.0
5.35	0.0
5.45	0.0
5.55	0.0
5.6499999999999995	0.0
5.75	0.0
5.85	0.0
5.949999999999999	0.0
6.05	0.0
6.1499999999999995	0.0
6.25	0.0
6.35	0.0
6.449999999999999	0.0
6.55	0.010783184569252527
6.6499999999999995	0.010783184569252527
6.75	0.010783184569252527
6.85	0.00605265327412082
6.949999999999999	0.00605265327412082
7.05	0.00605265327412082
7.1499999999999995	0.00605265327412082
7.25	0.00427006492081091
7.35	0.0036729122605901176
7.449999999999999	0.0036729122605901176
7.55	0.0036729122605901176
7.6499999999999995	0.0036729122605901176
7.75	0.0019462703574495595
7.85	0.0016753376998014222
7.949999999999999	0.0016753376998014222
8.049999999999999	6.931414089440709E-4
8.149999999999999	6.931414089440709E-4
8.25	0.0
8.35	0.0
8.45	0.0
8.549999999999999	0.0
8.649999999999999	0.0
8.75	0.0
8.85	0.0
8.95	0.0
#Run 80
5.05	0.0
5.1499999999999995	0.0
5.25	0.0
5.35	0.0
5.45	0.0
5.55	0.0
5.6499999999999995	0.0
5.75	0.0
5.85	0.0
5.949999999999999	0.0
6.05	0.0
6.1499999999999995	0.0
6.25	0.0
6.35	0.0
6.449999999999999	0.0
6.55	0.010783184569252527
6.6499999999999995	0.010783184569252527
6.75	0.010783184569252527
6.85	0.00605265327412082
6.949999999999999	0.00605265327412082
7.05	0.00605265327412082
7.1499999999999995	0.00605265327412082
7.25	0.00427006492081091
7.35	0.0036729122605901176
7.449999999999999	0.0036729122605901176
7.55	0.0036729122605901176
7.6499999999999995	0.0036729122605901176
7.75	0.0019462703574495595
7.85	0.0016753376998014222
7.949999999999999	0.0016753376998014222
8.049999999999999	6.931414089440709E-4
8.149999999999999	6.931414089440709E-4
8.25	0.0
8.35	0.0
8.45	0.0
8.549999999999999	0.0
8.649999999999999	0.0
8.75	0.0
8.85	0.0
8.95	0.0
#Run 81
5.05	0.0
5.1499999999999995	0.0
5.25	0.0
5.35	0.0
5.45	0.0
5.55	4.505835149244316E-4
5.6499999999999995	0.0022043492382540033
5.75	0.005385079439641437
5.85	0.007656419157097206
5.949999999999999	0.008134370980273226
6.05	0.00906155628296702
6.1499999999999995	0.00773633341591518
6.25	0.00479276835455736
6.35	0.003615954383202465
6.449999999999999	0.003525547124705857
6.55	0.0031768360162185167
6.6499999999999995	0.002885770110121922
6.75	0.0032222706608107357
6.85	0.0049166263982110955
6.949999999999999	0.007301074999516703
7.05	0.008775632605228038
7.1499999999999995	0.007225631977944909
7.25	0.004599875283288923
7.35	0.003453891942782329
7.449999999999999	0.003643264611465784
7.55	0.004007464327764632
7.6499999999999995	0.004131081536512966
7.75	0.0036982703994279734
7.85	0.002586031654603541
7.949999999999999	0.0013822887860530644
8.049999999999999	4.997361388025171E-4
8.149999999999999	1.2871372080628502E-4
8.25	8.30503600274231E-6
8.35	0.0
8.45	0.0
8.549999999999999	0.0
8.649999999999999	0.0
8.75	0.0
8.85	0.0
8.95	0.0
#Run 82
5.05	0.0
5.1499999999999995	0.0
5.25	0.0
5.35	0.0
5.45	0.0
5.55	4.505835149244316E-4
5.6499999999999995	0.0022043492382540033
5.75	0.005385079439641437
5.85	0.007656419157097206
5.949999999999999	0.008134370980273226
6.05	0.00906155628296702
6.1499999999999995	0.00773633341591518
6.25	0.00479276835455736
6.35	0.003615954383202465
6.449999999999999	0.003525547124705857
6.55	0.0031768360162185167
6.6499999999999995	0.002885770110121922
6.75	0.0032222706608107357
6.85	0.0049166263982110955
6.949999999999999	0.007301074999516703
7.05	0.008775632605228038
7.1499999999999995	0.007225631977944909
7.25	0.004599875283288923
7.35	0.003453891942782329
7.449999999999999	0.003643264611465784
7.55	0.004007464327764632
7.6499999999999995	0.004131081536512966
7.75	0.0036982703994279734
7.85	0.002586031654603541
7.949999999999999	0.0013822887860530644
8.049999999999999	4.997361388025171E-4
8.149999999999999	1.2871372080628502E-4
8.25	8.30503600274231E-6
8.35	0.0
8.45	0.0
8.549999999999999	0.0
8.649999999999999	0.0
8.75	0.0
8.85	0.0
8.95	0.0
#Run 83
5.05	0.0
5.1499999999999995	0.0
5.25	0.0
5.35	0.0
5.45	0.0
5.55	2.4111084226822175E-4
5.6499999999999995	0.001179564906137042
5.75	0.0028815990740162526
5.85	0.005025127904926647
5.949999999999999	0.007880639278296823
6.05	0.01154513101937013
6.1499999999999995	0.010662601119435351
6.25	0.006269495963932475
6.35	0.004118656648684799
6.449999999999999	0.003662980756740129
6.55	0.0034623517027067893
6.6499999999999995	0.0037089186712483077
6.75	0.0048708051008976025
6.85	0.006607493863238019
6.949999999999999	0.008143325722801551
7.05	0.008648992990057777
7.1499999999999995	0.006930724445234379
7.25	0.005028557404521065
7.35	0.00446011924354413
7.449999999999999	0.0043734831564069794
7.55	0.0038378026359550074
7.6499999999999995	0.0033040801567370474
7.75	0.003257235233913527
7.85	0.0030011501279770337
7.949999999999999	0.0021394919898168156
8.049999999999999	9.760662835690991E-4
8.149999999999999	2.5176804618563917E-4
8.25	8.769614563187046E-6
8.35	0.0
8.45	0.0
8.549999999999999	0.0
8.649999999999999	0.0
8.75	0.0
8.85	0.0
8.95	0.0
#Run 84
5.05	0.0
5.1499999999999995	0.0
5.25	0.0
5.35	0.0
5.45	0.0
5.55	2.4111084226822175E-4
5.6499999999999995	0.001179564906137042
5.75	0.0028815990740162526
5.85	0.005025127904926647
5.949999999999999	0.007880639278296823
6.05	0.01154513101937013
6.1499999999999995	0.010662601119435351
6.25	0.006269495963932475
6.35	0.004118656648684799
6.449999999999999	0.003662980756740129
6.55	0.0034623517027067893
6.6499999999999995	0.0037089186712483077
6.75	0.0048708051008976025
6.85	0.006607493863238019
6.949999999999999	0.008143325722801551
7.05	0.008648992990057777
7.1499999999999995	0.006930724445234379
7.25	0.005028557404521065
7.35	0.00446011924354413
7.449999999999999	0.0043734831564069794
7.55	0.0038378026359550074
7.6499999999999995	0.0033040801567370474
7.75	0.003257235233913527
7.85	0.0030011501279770337
7.949999999999999	0.0021394919898168156
8.049999999999999	9.760662835690991E-4
8.149999999999999	2.5176804618563917E-4
8.25	8.769614563187046E-6
8.35	0.0
8.45	0.0
8.549999999999999	0.0
8.649999999999999	0.0
8.75	0.0
8.85	0.0
8.95	0.0
#Run 85
5.05	0.0
5.1499999999999995	0.0
5.25	0.0
5.35	0.0
5.45	0.0
5.55	0.0
5.6499999999999995	0.0
5.75	0.0
5.85	0.0
5.949999999999999	0.0
6.05	0.0
6.1499999999999995	0.0
6.25	0.0
6.35	0.0
6.449999999999999	0.0
6.55	0.008048351348300396
6.6499999999999995	0.008048351348300396
6.75	0.008048351348300396
6.85	0.008048351348300396
6.949999999999999	0.008048351348300396
7.05	0.006187839018078055
7.1499999999999995	0.006187839018078055
7.25	0.006187839018078055
7.35	0.004363771046536522
7.449999999999999	0.004363771046536522
7.55	0.004363771046536522
7.6499999999999995	0.004363771046536522
7.75	0.003192118469491371
7.85	0.0029211858118432335
7.949999999999999	0.0015305523429920964
8.049999999999999	0.0
8.149999999999999	0.0
8.25	0.0
8.35	0.0
8.45	0.0
8.549999999999999	0.0
8.649999999999999	0.0
8.75	0.0
8.85	0.0
8.95	0.0
#Run 86
5.05	0.0
5.1499999999999995	0.0
5.25	0.0
5.35	0.0
5.45	0.0
5.55	0.0
5.6499999999999995	0.0
5.75	0.0
5.85	0.0
5.949999999999999	0.0
6.05	0.0
6.1499999999999995	0.0
6.25	0.0
6.35	0.0
6.449999999999999	0.0
6.55	0.008048351348300396
6.6499999999999995	0.008048351348300396
6.75	0.008048351348300396
6.85	0.008048351348300396
6.949999999999999	0.008048351348300396
7.05	0.006187839018078055
7.1499999999999995	0.006187839018078055
7.25	0.006187839018078055
7.35	0.004363771046536522
7.449999999999999	0.004363771046536522
7.55	0.004363771046536522
7.6499999999999995	0.004363771046536522
7.75	0.003192118469491371
7.85	0.0029211858118432335
7.949999999999999	0.0015305523429920964
8.049999999999999	0.0
8.149999999999999	0.0
8.25	0.0
8.35	0.0
8.45	0.0
8.549999999999999	0.0
8.649999999999999	0.0
8.75	0.0
8.85	0.0
8.95	0.0
#Run 87
5.05	0.0
5.1499999999999995	0.0
5.25	0.0
5.35	0.0
5.45	0.0
5.55	0.0
5.6499999999999995	0.0
5.75	0.0
5.85	0.0
5.949999999999999	0.0
6.05	0.0
6.1499999999999995	0.0
6.25	0.0
6.35	0.0
6.449999999999999	0.0
6.55	0.008048351348300396
6.6499999999999995	0.008048351348300396
6.75	0.008048351348300396
6.85	0.008048351348300396
6.949999999999999	0.008048351348300396
7.05	0.006187839018078055
7.1499999999999995	0.006187839018078055
7.25	0.006187839018078055
7.35	0.004363771046536522
7.449999999999999	0.004363771046536522
7.55	0.004363771046536522
7.6499999999999995	0.004363771046536522
7.75	0.003192118469491371
7.85	0.0029211858118432335
7.949999999999999	0.0015305523429920964
8.049999999999999	0.0
8.149999999999999	0.0
8.25	0.0
8.35	0.0
8.45	0.0
8.549999999999999	0.0
8.649999999999999	0.0
8.75	0.0
8.85	0.0
8.95	0.0
#Run 88
5.05	0.0
5.1499999999999995	0.0
5.25	0.0
5.35	0.0
5.45	0.0
5.55	0.0
5.6499999999999995	0.0
5.75	0.0
5.85	0.0
5.949999999999999	0.0
6.05	0.0
6.1499999999999995	0.0
6.25	0.0
6.35	0.0
6.449999999999999	0.0
6.55	0.008048351348300396
6.6499999999999995	0.008048351348300396
6.75	0.008048351348300396
6.85	0.008048351348300396
6.949999999999999	0.008048351348300396
7.05	0.006187839018078055
7.1499999999999995	0.006187839018078055
7.25	0.006187839018078055
7.35	0.004363771046536522
7.449999999999999	0.004363771046536522
7.55	0.004363771046536522
7.6499999999999995	0.004363771046536522
7.75	0.003192118469491371
7.85	0.0029211858118432335
7.949999999999999	0.0015305523429920964
8.049999999999999	0.0
8.149999999999999	0.0
8.25	0.0
8.35	0.0
8.45	0.0
8.549999999999999	0.0
8.649999999999999	0.0
8.75	0.0
8.85	0.0
8.95	0.0
#Run 89
5.05	0.0
5.1499999999999995	0.0
5.25	0.0
5.35	0.0013977954434603623
5.45	0.005951549435851405
5.55	0.012653861599610395
5.6499999999999995	0.016568963892687843
5.75	0.017491746996380023
5.85	0.019015188188274374
5.949999999999999	0.01501726600191542
6.05	0.00909984646359257
6.1499999999999995	0.0074549621187076
6.25	0.007002211155566209
6.35	0.0058390912739318766
6.449999999999999	0.0052404685230482305
6.55	0.005610032194844141
6.6499999999999995	0.007396270778980631
6.75	0.010698960781047135
6.85	0.01326380244244327
6.949999999999999	0.01130652050307904
7.05	0.006435944754125738
7.1499999999999995	0.0028607015869158555
7.25	0.002593346191417032
7.35	0.0031811468680780224
7.449999999999999	0.0035182520237231263
7.55	0.00341443665696418
7.6499999999999995	0.003336091053066168
7.75	0.0030910092594167117
7.85	0.0023695350512395394
7.949999999999999	0.0013861508226803282
8.049999999999999	6.982467767155994E-4
8.149999999999999	2.913955702082773E-4
8.25	9.806933319424133E-5
8.35	1.4273986561609838E-5
8.45	2.5498892499489037E-6
8.549999999999999	0.0
8.649999999999999	0.0
8.75	0.0
8.85	0.0
8.95	0.0
#Run 90
5.05	0.0
5.1499999999999995	0.0
5.25	0.0
5.35	0.0013977954434603623
5.45	0.005951549435851405
5.55	0.012653861599610395
5.6499999999999995	0.016568963892687843
5.75	0.017491746996380023
5.85	0.019015188188274374
5.949999999999999	0.01501726600191542
6.05	0.00909984646359257
6.1499999999999995	0.0074549621187076
6.25	0.007002211155566209
6.35	0.0058390912739318766
6.449999999999999	0.0052404685230482305
6.55	0.005610032194844141
6.6499999999999995	0.007396270778980631
6.75	0.010698960781047135
6.85	0.01326380244244327
6.949999999999999	0.01130652050307904
7.05	0.006435944754125738
7.1499999999999995	0.0028607015869158555
7.25	0.002593346191417032
7.35	0.0031811468680780224
7.449999999999999	0.0035182520237231263
7.55	0.00341443665696418
7.6499999999999995	0.003336091053066168
7.75	0.0030910092594167117
7.85	0.0023695350512395394
7.949999999999999	0.0013861508226803282
8.049999999999999	6.982467767155994E-4
8.149999999999999	2.913955702082773E-4
8.25	9.806933319424133E-5
8.35	1.4273986561609838E-5
8.45	2.5498892499489037E-6
8.549999999999999	0.0
8.649999999999999	0.0
8.75	0.0
8.85	0.0
8.95	0.0
#Run 91
5.05	0.0
5.1499999999999995	0.0
5.25	0.0
5.35	3.4691393176189097E-4
5.45	0.0014770941088169483
5.55	0.0031405173768661926
5.6499999999999995	0.0054112796467458875
5.75	0.008638852099298518
5.85	0.011818814714880508
5.949999999999999	0.009827040485392933
6.05	0.0055307459402323365
6.1499999999999995	0.003993413341771216
6.25	0.003613754403123343
6.35	0.0034197078798016535
6.449999999999999	0.00389913354986493
6.55	0.004994533239647555
6.6499999999999995	0.006018958831336614
6.75	0.0069694846865665985
6.85	0.007717397128958725
6.949999999999999	0.006433929296316199
7.05	0.0041328205073981215
7.1499999999999995	0.002951572108409273
7.25	0.0032396983297163693
7.35	0.003563870259614418
7.449999999999999	0.003385928283047775
7.55	0.0027356652180015443
7.6499999999999995	0.0022984617415099397
7.75	0.0023412262247447095
7.85	0.002547322703468442
7.949999999999999	0.0024278193011029207
8.049999999999999	0.001873801629231869
8.149999999999999	9.980500804004627E-4
8.25	3.1269287479541085E-4
8.35	1.613497007366849E-5
8.45	2.8778378888424577E-6
8.549999999999999	0.0
8.649999999999999	0.0
8.75	0.0
8.85	0.0
8.95	0.0
#Run 92
5.05	0.0
5.1499999999999995	0.0
5.25	0.0
5.35	3.4691393176189097E-4
5.45	0.0014770941088169483
5.55	0.0031405173768661926
5.6499999999999995	0.0054112796467458875
5.75	0.008638852099298518
5.85	0.011818814714880508
5.949999999999999	0.009827040485392933
6.05	0.0055307459402323365
6.1499999999999995	0.003993413341771216
6.25	0.003613754403123343
6.35	0.0034197078798016535
6.449999999999999	0.00389913354986493
6.55	0.004994533239647555
6.6499999999999995	0.006018958831336614
6.75	0.0069694846865665985
6.85	0.007717397128958725
6.949999999999999	0.006433929296316199
7.05	0.0041328205073981215
7.1499999999999995	0.002951572108409273
7.25	0.0032396983297163693
7.35	0.003563870259614418
7.449999999999999	0.003385928283047775
7.55	0.0027356652180015443
7.6499999999999995	0.0022984617415099397
7.75	0.0023412262247447095
7.85	0.002547322703468442
7.949999999999999	0.0024278193011029207
8.049999999999999	0.001873801629231869
8.149999999999999	9.980500804004627E-4
8.25	3.1269287479541085E-4
8.35	1.613497007366849E-5
8.45	2.8778378888424577E-6
8.549999999999999	0.0
8.649999999999999	0.0
8.75	0.0
8.85	0.0
8.95	0.0
#Run 93
5.05	0.0
5.1499999999999995	0.0
5.25	0.0
5.35	0.0
5.45	0.0
5.55	0.0
5.6499999999999995	0.0
5.75	0.0
5.85	0.0
5.949999999999999	0.0
6.05	0.0
6.1499999999999995	0.0
6.25	0.0
6.35	0.0
6.449999999999999	0.0
6.55	0.010299989327457782
6.6499999999999995	0.010299989327457782
6.75	0.010299989327457782
6.85	0.005569458032326076
6.949999999999999	0.005569458032326076
7.05	0.005569458032326076
7.1499999999999995	0.005569458032326076
7.25	0.003786869679016166
7.35	0.003189717018795373
7.449999999999999	0.003189717018795373
7.55	0.003189717018795373
7.6499999999999995	0.003189717018795373
7.75	0.0020180644417502223
7.85	0.0017471317841020848
7.949999999999999	0.0017471317841020848
8.049999999999999	7.649354932447335E-4
8.149999999999999	7.649354932447335E-4
8.25	0.0
8.35	0.0
8.45	0.0
8.549999999999999	0.0
8.649999999999999	0.0
8.75	0.0
8.85	0.0
8.95	0.0
#Run 94
5.05	0.0
5.1499999999999995	0.0
5.25	0.0
5.35	0.0
5.45	0.0
5.55	0.0
5.6499999999999995	0.0
5.75	0.0
5.85	0.0
5.949999999999999	0.0
6.05	0.0
6.1499999999999995	0.0
6.25	0.0
6.35	0.0
6.449999999999999	0.0
6.55	0.010299989327457782
6.6499999999999995	0.010299989327457782
6.75	0.010299989327457782
6.85	0.005569458032326076
6.949999999999999	0.005569458032326076
7.05	0.005569458032326076
7.1499999999999995	0.005569458032326076
7.25	0.003786869679016166
7.35	0.003189717018795373
7.449999999999999	0.003189717018795373
7.55	0.003189717018795373
7.6499999999999995	0.003189717018795373
7.75	0.0020180644417502223
7.85	0.0017471317841020848
7.949999999999999	0.0017471317841020848
8.049999999999999	7.649354932447335E-4
8.149999999999999	7.649354932447335E-4
8.25	0.0
8.35	0.0
8.45	0.0
8.549999999999999	0.0
8.649999999999999	0.0
8.75	0.0
8.85	0.0
8.95	0.0
#Run 95
5.05	0.0
5.1499999999999995	0.0
5.25	0.0
5.35	0.0
5.45	0.0
5.55	0.0
5.6499999999999995	0.0
5.75	0.0
5.85	0.0
5.949999999999999	0.0
6.05	0.0
6.1499999999999995	0.0
6.25	0.0
6.35	0.0
6.449999999999999	0.0
6.55	0.010299989327457782
6.6499999999999995	0.010299989327457782
6.75	0.010299989327457782
6.85	0.005569458032326076
6.949999999999999	0.005569458032326076
7.05	0.005569458032326076
7.1499999999999995	0.005569458032326076
7.25	0.003786869679016166
7.35	0.003189717018795373
7.449999999999999	0.003189717018795373
7.55	0.003189717018795373
7.6499999999999995	0.003189717018795373
7.75	0.0020180644417502223
7.85	0.0017471317841020848
7.949999999999999	0.0017471317841020848
8.049999999999999	7.649354932447335E-4
8.149999999999999	7.649354932447335E-4
8.25	0.0
8.35	0.0
8.45	0.0
8.549999999999999	0.0
8.649999999999999	0.0
8.75	0.0
8.85	0.0
8.95	0.0
#Run 96
5.05	0.0
5.1499999999999995	0.0
5.25	0.0
5.35	0.0
5.45	0.0
5.55	0.0
5.6499999999999995	0.0
5.75	0.0
5.85	0.0
5.949999999999999	0.0
6.05	0.0
6.1499999999999995	0.0
6.25	0.0
6.35	0.0
6.449999999999999	0.0
6.55	0.010299989327457782
6.6499999999999995	0.010299989327457782
6.75	0.010299989327457782
6.85	0.005569458032326076
6.949999999999999	0.005569458032326076
7.05	0.005569458032326076
7.1499999999999995	0.005569458032326076
7.25	0.003786869679016166
7.35	0.003189717018795373
7.449999999999999	0.003189717018795373
7.55	0.003189717018795373
7.6499999999999995	0.003189717018795373
7.75	0.0020180644417502223
7.85	0.0017471317841020848
7.949999999999999	0.0017471317841020848
8.049999999999999	7.649354932447335E-4
8.149999999999999	7.649354932447335E-4
8.25	0.0
8.35	0.0
8.45	0.0
8.549999999999999	0.0
8.649999999999999	0.0
8.75	0.0
8.85	0.0
8.95	0.0
