#Run 1
5.0	0.5796954795504226
5.1	0.48170532923224063
5.2	0.4002875879655706
5.3	0.332637908182465
5.4	0.2764267800410067
5.5	0.22971907661082433
5.6	0.1919757129592403
5.7	0.1623495852199288
5.8	0.13824758842716883
5.9	0.11738576069515319
6.0	0.10248458588115376
6.1	0.08454291409441521
6.2	0.06954888878740981
6.3	0.056851356783715036
6.4	0.04822721417617974
6.5	0.0417543720417984
6.6	0.03453113202602351
6.7	0.03306976190568397
6.8	0.030495735379786334
6.9	0.028418470414139047
7.0	0.02723106656925446
7.1	0.020729892777267948
7.2	0.01640282848953542
7.300000000000001	0.012366841783590895
7.4	0.00958230083602378
7.5	0.007715130448300096
7.6	0.0062028372399050135
7.7	0.004753796394841947
7.800000000000001	0.003584538061631357
7.9	0.002110688571687673
8.0	9.15792275239547E-4
8.1	2.651758999951915E-4
8.2	4.905015458651305E-5
8.3	2.447522633396496E-6
8.4	0.0
8.5	0.0
8.6	0.0
8.7	0.0
8.8	0.0
8.9	0.0
9.0	0.0
#Run 2
5.0	0.5796954795504226
5.1	0.48170532923224063
5.2	0.4002875879655706
5.3	0.332637908182465
5.4	0.2764267800410067
5.5	0.22971907661082433
5.6	0.1919757129592403
5.7	0.1623495852199288
5.8	0.13824758842716883
5.9	0.11738576069515319
6.0	0.10248458588115376
6.1	0.08454291409441521
6.2	0.06954888878740981
6.3	0.056851356783715036
6.4	0.04827057699074755
6.5	0.043826590732783416
6.6	0.03679440367538343
6.7	0.035387116589277644
6.8	0.032840886226235946
6.9	0.031085346028442234
7.0	0.02990775249496001
7.1	0.0236661884258098
7.2	0.019288939436418715
7.300000000000001	0.014152331561573283
7.4	0.010117113085151551
7.5	0.007339585917570533
7.6	0.0056234764393640144
7.7	0.004197969287002253
7.800000000000001	0.003184324313143117
7.9	0.0019426355788341124
8.0	8.678303420416879E-4
8.1	2.651758999951915E-4
8.2	4.905015458651305E-5
8.3	2.447522633396496E-6
8.4	0.0
8.5	0.0
8.6	0.0
8.7	0.0
8.8	0.0
8.9	0.0
9.0	0.0
#Run 3
5.0	0.5796954795504226
5.1	0.48170532923224063
5.2	0.4002875879655706
5.3	0.332637908182465
5.4	0.2764267800410067
5.5	0.22971907661082433
5.6	0.1914789889563463
5.7	0.16063237464404778
5.8	0.1352831763618814
5.9	0.11574749119166196
6.0	0.10384807254938919
6.1	0.08761068909828018
6.2	0.07184049301225054
6.3	0.0577407112748665
6.4	0.048405008588921536
6.5	0.04188551473849861
6.6	0.035069863418673186
6.7	0.03442115411515021
6.8	0.03265876608469685
6.9	0.030294615562384355
7.0	0.028193739788795392
7.1	0.020847046736075167
7.2	0.016609424093779537
7.300000000000001	0.013172023469284528
7.4	0.010382243601132145
7.5	0.007822546848071371
7.6	0.005474553841140385
7.7	0.003946326909654561
7.800000000000001	0.003525864287208437
7.9	0.0027753649335786105
8.0	0.001569412187327593
8.1	5.491338753858381E-4
8.2	1.0568950849405323E-4
8.3	2.9562678266824688E-6
8.4	0.0
8.5	0.0
8.6	0.0
8.7	0.0
8.8	0.0
8.9	0.0
9.0	0.0
#Run 4
5.0	0.5796954795504226
5.1	0.48170532923224063
5.2	0.4002875879655706
5.3	0.332637908182465
5.4	0.2764267800410067
5.5	0.22971907661082433
5.6	0.1914789889563463
5.7	0.16063237464404778
5.8	0.1352831763618814
5.9	0.11574749119166196
6.0	0.10384807254938919
6.1	0.08761068909828018
6.2	0.07184049301225054
6.3	0.0577407112748665
6.4	0.04844837140348934
6.5	0.04395773342948362
6.6	0.03733313506803311
6.7	0.03673850879874389
6.8	0.035003916931146455
6.9	0.03296149117668755
7.0	0.030870425714500944
7.1	0.023783342384617018
7.2	0.019495535040662832
7.300000000000001	0.014957513247266916
7.4	0.010917055850259918
7.5	0.007447002317341808
7.6	0.004895193040599386
7.7	0.003390499801814867
7.800000000000001	0.0031256505387201967
7.9	0.0026073119407250497
8.0	0.001521450254129734
8.1	5.491338753858381E-4
8.2	1.0568950849405323E-4
8.3	2.9562678266824688E-6
8.4	0.0
8.5	0.0
8.6	0.0
8.7	0.0
8.8	0.0
8.9	0.0
9.0	0.0
#Run 5
5.0	0.5796954795504226
5.1	0.48170532923224063
5.2	0.4002875879655706
5.3	0.332637908182465
5.4	0.2764267800410067
5.5	0.22971907661082433
5.6	0.19090724114220933
5.7	0.15865580136099192
5.8	0.13187102774684656
5.9	0.10950103745354235
6.0	0.09370433349943166
6.1	0.07543115586145392
6.2	0.06312853851772264
6.3	0.0528673576366715
6.4	0.044816236100893664
6.5	0.07223979753533594
6.6	0.05982000037326092
6.7	0.05380338270802486
6.8	0.04641016547117338
6.9	0.03923601912993035
7.0	0.03305441907801807
7.1	0.023230000995097408
7.2	0.01944169791829648
7.300000000000001	0.015763755100584892
7.4	0.011116521755210062
7.5	0.007950480984367122
7.6	0.005527162679855635
7.7	0.0036705775225512314
7.800000000000001	0.002303795917463995
7.9	0.0016435701049226212
8.0	7.349737999199416E-4
8.1	0.0
8.2	0.0
8.3	0.0
8.4	0.0
8.5	0.0
8.6	0.0
8.7	0.0
8.8	0.0
8.9	0.0
9.0	0.0
#Run 6
5.0	0.5796954795504226
5.1	0.48170532923224063
5.2	0.4002875879655706
5.3	0.332637908182465
5.4	0.2764267800410067
5.5	0.22971907661082433
5.6	0.19090724114220933
5.7	0.15865580136099192
5.8	0.13187102774684656
5.9	0.10950103745354235
6.0	0.09370433349943166
6.1	0.07543115586145392
6.2	0.06312853851772264
6.3	0.0528673576366715
6.4	0.044859598915461485
6.5	0.07431201622632096
6.6	0.062083272022620845
6.7	0.05612073739161853
6.8	0.04875531631762299
6.9	0.04190289474423353
7.0	0.03573110500372363
7.1	0.02616629664363926
7.2	0.022327808865179773
7.300000000000001	0.01754924487856728
7.4	0.011651334004337833
7.5	0.007574936453637558
7.6	0.004947801879314636
7.7	0.003114750414711537
7.800000000000001	0.0019035821689757548
7.9	0.0014755171120690606
8.0	6.870118667220825E-4
8.1	0.0
8.2	0.0
8.3	0.0
8.4	0.0
8.5	0.0
8.6	0.0
8.7	0.0
8.8	0.0
8.9	0.0
9.0	0.0
#Run 7
5.0	0.5796954795504226
5.1	0.48170532923224063
5.2	0.4002875879655706
5.3	0.332637908182465
5.4	0.2764267800410067
5.5	0.22971907661082433
5.6	0.19090724114220933
5.7	0.15865580136099192
5.8	0.13187102774684656
5.9	0.10950103745354235
6.0	0.09370433349943166
6.1	0.07543115586145392
6.2	0.06312853851772264
6.3	0.0528673576366715
6.4	0.044816236100893664
6.5	0.07223979753533594
6.6	0.05982000037326092
6.7	0.05380338270802486
6.8	0.04641016547117338
6.9	0.03923601912993035
7.0	0.03305441907801807
7.1	0.023230000995097408
7.2	0.01944169791829648
7.300000000000001	0.015763755100584892
7.4	0.011116521755210062
7.5	0.007950480984367122
7.6	0.005527162679855635
7.7	0.0036705775225512314
7.800000000000001	0.002303795917463995
7.9	0.0016435701049226212
8.0	7.349737999199416E-4
8.1	0.0
8.2	0.0
8.3	0.0
8.4	0.0
8.5	0.0
8.6	0.0
8.7	0.0
8.8	0.0
8.9	0.0
9.0	0.0
#Run 8
5.0	0.5796954795504226
5.1	0.48170532923224063
5.2	0.4002875879655706
5.3	0.332637908182465
5.4	0.2764267800410067
5.5	0.22971907661082433
5.6	0.19090724114220933
5.7	0.15865580136099192
5.8	0.13187102774684656
5.9	0.10950103745354235
6.0	0.09370433349943166
6.1	0.07543115586145392
6.2	0.06312853851772264
6.3	0.0528673576366715
6.4	0.044859598915461485
6.5	0.07431201622632096
6.6	0.062083272022620845
6.7	0.05612073739161853
6.8	0.04875531631762299
6.9	0.04190289474423353
7.0	0.03573110500372363
7.1	0.02616629664363926
7.2	0.022327808865179773
7.300000000000001	0.01754924487856728
7.4	0.011651334004337833
7.5	0.007574936453637558
7.6	0.004947801879314636
7.7	0.003114750414711537
7.800000000000001	0.0019035821689757548
7.9	0.0014755171120690606
8.0	6.870118667220825E-4
8.1	0.0
8.2	0.0
8.3	0.0
8.4	0.0
8.5	0.0
8.6	0.0
8.7	0.0
8.8	0.0
8.9	0.0
9.0	0.0
#Run 9
5.0	0.5796954795504226
5.1	0.48170532923224063
5.2	0.4002875879655706
5.3	0.332637908182465
5.4	0.2796854357064004
5.5	0.2395236387161869
5.6	0.2070067694277891
5.7	0.17611549423338035
5.8	0.15099164739208437
5.9	0.12737037446500452
6.0	0.10625101723185525
6.1	0.08501884207875456
6.2	0.07382929352870643
6.3	0.06625839588617223
6.4	0.06135029021432105
6.5	0.06410991503949112
6.6	0.057029515045923046
6.7	0.04810738838431705
6.8	0.04319824474090712
6.9	0.036326893871201756
7.0	0.027805347777858022
7.1	0.017300747297183484
7.2	0.01296895783201958
7.300000000000001	0.010099049316713897
7.4	0.008195371409598024
7.5	0.006314052751190258
7.6	0.004970341758548052
7.7	0.003764368580568163
7.800000000000001	0.003158555979786533
7.9	0.0021977313424837337
8.0	0.0011357232276703892
8.1	4.382737332552344E-4
8.2	1.5058074175437587E-4
8.3	3.809309576921382E-5
8.4	5.495168039590687E-6
8.5	0.0
8.6	0.0
8.7	0.0
8.8	0.0
8.9	0.0
9.0	0.0
#Run 10
5.0	0.5796954795504226
5.1	0.48170532923224063
5.2	0.4002875879655706
5.3	0.332637908182465
5.4	0.2796854357064004
5.5	0.2395236387161869
5.6	0.2070067694277891
5.7	0.17611549423338035
5.8	0.15099164739208437
5.9	0.12737037446500452
6.0	0.10625101723185525
6.1	0.08501884207875456
6.2	0.0739584281403156
6.3	0.06685175414639578
6.4	0.06251260484470694
6.5	0.06879143928053207
6.6	0.06202522381682497
6.7	0.05330853496966854
6.8	0.04730860283232229
6.9	0.04014330175730913
7.0	0.03224708970518136
7.1	0.021538972959689203
7.2	0.015421576316765759
7.300000000000001	0.01125095079022112
7.4	0.008039893142656277
7.5	0.0057396972071938526
7.6	0.00437888674158837
7.7	0.0033360731204509445
7.800000000000001	0.002880028652721063
7.9	0.001967950830592124
8.0	0.0010394984834899334
8.1	4.043192848368965E-4
8.2	1.5058074175437587E-4
8.3	3.809309576921382E-5
8.4	5.495168039590687E-6
8.5	0.0
8.6	0.0
8.7	0.0
8.8	0.0
8.9	0.0
9.0	0.0
#Run 11
5.0	0.5796954795504226
5.1	0.48170532923224063
5.2	0.4002875879655706
5.3	0.332637908182465
5.4	0.2772355343222063
5.5	0.23215243637393435
5.6	0.19545642529753515
5.7	0.16558028536154948
5.8	0.1426740968578849
5.9	0.12111221676234231
6.0	0.1017695966302045
6.1	0.08155796796005105
6.2	0.07039630878056136
6.3	0.0632306341387788
6.4	0.0594910098850204
6.5	0.06335151302442246
6.6	0.05648447097437134
6.7	0.046171667779521045
6.8	0.03918786044173313
6.9	0.03151191906022237
7.0	0.024578895625738173
7.1	0.016394066579757893
7.2	0.013480892489162339
7.300000000000001	0.01077651997485102
7.4	0.008285116673986449
7.5	0.005774037148334622
7.6	0.0039553805200782345
7.7	0.0027535114370544115
7.800000000000001	0.0027575800522907615
7.9	0.0027576240162597992
8.0	0.002285063496220793
8.1	0.0014336557429812469
8.2	5.939367355871077E-4
8.3	1.433346269001312E-4
8.4	7.91978960324822E-6
8.5	0.0
8.6	0.0
8.7	0.0
8.8	0.0
8.9	0.0
9.0	0.0
#Run 12
5.0	0.5796954795504226
5.1	0.48170532923224063
5.2	0.4002875879655706
5.3	0.332637908182465
5.4	0.2772355343222063
5.5	0.23215243637393435
5.6	0.19545642529753515
5.7	0.16558028536154948
5.8	0.1426740968578849
5.9	0.12111221676234231
6.0	0.1017695966302045
6.1	0.08155796796005105
6.2	0.07052544339217053
6.3	0.06382399239900235
6.4	0.060653324515406296
6.5	0.0680330372654634
6.6	0.06148017974527327
6.7	0.05137281436487253
6.8	0.0432982185331483
6.9	0.035328326946329744
7.0	0.029020637553061508
7.1	0.020632292242263615
7.2	0.015933510973908518
7.300000000000001	0.011928421448358243
7.4	0.008129638407044702
7.5	0.005199681604338216
7.6	0.003363925503118551
7.7	0.002325215976937193
7.800000000000001	0.0024790527252252915
7.9	0.0025278435043681897
8.0	0.0021888387520403374
8.1	0.001399701294562909
8.2	5.939367355871077E-4
8.3	1.433346269001312E-4
8.4	7.91978960324822E-6
8.5	0.0
8.6	0.0
8.7	0.0
8.8	0.0
8.9	0.0
9.0	0.0
#Run 13
5.0	0.5796954795504226
5.1	0.48170532923224063
5.2	0.4002875879655706
5.3	0.332637908182465
5.4	0.2764267800410067
5.5	0.22971907661082433
5.6	0.19090724114220933
5.7	0.15865580136099192
5.8	0.13187102774684656
5.9	0.10950103745354235
6.0	0.09412429499176869
6.1	0.07707469581384105
6.2	0.0667649251353783
6.3	0.05961969819615147
6.4	0.05592959893649674
6.5	0.09127028461036182
6.6	0.07783588936029309
6.7	0.062133033352928344
6.8	0.05022883052528501
6.9	0.037201027764725884
7.0	0.030211542332475277
7.1	0.02209911784423164
7.2	0.018055026372768998
7.300000000000001	0.012844459129151402
7.4	0.009044218004711014
7.5	0.0062836991266697765
7.6	0.004529537397341273
7.7	0.0029417968280474323
7.800000000000001	0.00176675987440834
7.9	0.0013598248563452334
8.0	0.0010361546896364476
8.1	4.387634422391457E-4
8.2	3.367054552766736E-4
8.3	0.0
8.4	0.0
8.5	0.0
8.6	0.0
8.7	0.0
8.8	0.0
8.9	0.0
9.0	0.0
#Run 14
5.0	0.5796954795504226
5.1	0.48170532923224063
5.2	0.4002875879655706
5.3	0.332637908182465
5.4	0.2764267800410067
5.5	0.22971907661082433
5.6	0.19090724114220933
5.7	0.15865580136099192
5.8	0.13187102774684656
5.9	0.10950103745354235
6.0	0.09412429499176869
6.1	0.07707469581384105
6.2	0.06689405974698746
6.3	0.06021305645637502
6.4	0.05709191356688263
6.5	0.09595180885140278
6.6	0.08283159813119502
6.7	0.06733417993827984
6.8	0.05433918861670019
6.9	0.04101743565083325
7.0	0.03465328425979862
7.1	0.02633734350673736
7.2	0.02050764485751518
7.300000000000001	0.013996360602658625
7.4	0.008888739737769269
7.5	0.005709343582673371
7.6	0.00393808238038159
7.7	0.0025135013679302137
7.800000000000001	0.0014882325473428697
7.9	0.0011300443444536238
8.0	9.399299454559919E-4
8.1	4.048089938208078E-4
8.2	3.367054552766736E-4
8.3	0.0
8.4	0.0
8.5	0.0
8.6	0.0
8.7	0.0
8.8	0.0
8.9	0.0
9.0	0.0
#Run 15
5.0	0.5796954795504226
5.1	0.48170532923224063
5.2	0.4002875879655706
5.3	0.332637908182465
5.4	0.2764267800410067
5.5	0.22971907661082433
5.6	0.19090724114220933
5.7	0.15865580136099192
5.8	0.13187102774684656
5.9	0.10950103745354235
6.0	0.09412429499176869
6.1	0.07707469581384105
6.2	0.0667649251353783
6.3	0.05961969819615147
6.4	0.05592959893649674
6.5	0.09127028461036182
6.6	0.07783588936029309
6.7	0.062133033352928344
6.8	0.05022883052528501
6.9	0.037201027764725884
7.0	0.030211542332475277
7.1	0.02209911784423164
7.2	0.018055026372768998
7.300000000000001	0.012844459129151402
7.4	0.009044218004711014
7.5	0.0062836991266697765
7.6	0.004529537397341273
7.7	0.0029417968280474323
7.800000000000001	0.00176675987440834
7.9	0.0013598248563452334
8.0	0.0010361546896364476
8.1	4.387634422391457E-4
8.2	3.367054552766736E-4
8.3	0.0
8.4	0.0
8.5	0.0
8.6	0.0
8.7	0.0
8.8	0.0
8.9	0.0
9.0	0.0
#Run 16
5.0	0.5796954795504226
5.1	0.48170532923224063
5.2	0.4002875879655706
5.3	0.332637908182465
5.4	0.2764267800410067
5.5	0.22971907661082433
5.6	0.19090724114220933
5.7	0.15865580136099192
5.8	0.13187102774684656
5.9	0.10950103745354235
6.0	0.09412429499176869
6.1	0.07707469581384105
6.2	0.06689405974698746
6.3	0.06021305645637502
6.4	0.05709191356688263
6.5	0.09595180885140278
6.6	0.08283159813119502
6.7	0.06733417993827984
6.8	0.05433918861670019
6.9	0.04101743565083325
7.0	0.03465328425979862
7.1	0.02633734350673736
7.2	0.02050764485751518
7.300000000000001	0.013996360602658625
7.4	0.008888739737769269
7.5	0.005709343582673371
7.6	0.00393808238038159
7.7	0.0025135013679302137
7.800000000000001	0.0014882325473428697
7.9	0.0011300443444536238
8.0	9.399299454559919E-4
8.1	4.048089938208078E-4
8.2	3.367054552766736E-4
8.3	0.0
8.4	0.0
8.5	0.0
8.6	0.0
8.7	0.0
8.8	0.0
8.9	0.0
9.0	0.0
#Run 17
5.0	0.5796954795504226
5.1	0.48170532923224063
5.2	0.4002875879655706
5.3	0.332637908182465
5.4	0.2764267800410067
5.5	0.22971907661082433
5.6	0.1919757129592403
5.7	0.1623495852199288
5.8	0.13824758842716883
5.9	0.1173865318151349
6.0	0.10248665714532913
6.1	0.08454569224409136
6.2	0.06955074951328286
6.3	0.056851979106586736
6.4	0.04822721417617974
6.5	0.0417543720417984
6.6	0.03453104097331315
6.7	0.03306890022241561
6.8	0.030536138565278797
6.9	0.028591538332579002
7.0	0.02756224429956997
7.1	0.021023128755919582
7.2	0.01648803167450747
7.300000000000001	0.012424826958267956
7.4	0.009740020846953587
7.5	0.007902895559682403
7.6	0.006232877440942813
7.7	0.004656343237173679
7.800000000000001	0.0034762004566557397
7.9	0.002071855971859943
8.0	9.056473959176226E-4
8.1	2.619463154326549E-4
8.2	4.646183835800738E-5
8.3	1.9639506153669866E-6
8.4	0.0
8.5	0.0
8.6	0.0
8.7	0.0
8.8	0.0
8.9	0.0
9.0	0.0
#Run 18
5.0	0.5796954795504226
5.1	0.48170532923224063
5.2	0.4002875879655706
5.3	0.332637908182465
5.4	0.2764267800410067
5.5	0.22971907661082433
5.6	0.1919757129592403
5.7	0.1623495852199288
5.8	0.13824758842716883
5.9	0.1173865318151349
6.0	0.10248665714532913
6.1	0.08454569224409136
6.2	0.06955074951328286
6.3	0.056851979106586736
6.4	0.04827057699074755
6.5	0.043826590732783416
6.6	0.036794312622673075
6.7	0.03538625490600929
6.8	0.03288128941172841
6.9	0.03125841394688219
7.0	0.030238930225275518
7.1	0.023959424404461433
7.2	0.019374142621390766
7.300000000000001	0.014210316736250344
7.4	0.01027483309608136
7.5	0.007527351028952838
7.6	0.005653516640401814
7.7	0.004100516129333986
7.800000000000001	0.0030759867081674996
7.9	0.001903802979006382
8.0	8.576854627197635E-4
8.1	2.619463154326549E-4
8.2	4.646183835800738E-5
8.3	1.9639506153669866E-6
8.4	0.0
8.5	0.0
8.6	0.0
8.7	0.0
8.8	0.0
8.9	0.0
9.0	0.0
#Run 19
5.0	0.5796954795504226
5.1	0.48170532923224063
5.2	0.4002875879655706
5.3	0.332637908182465
5.4	0.2764267800410067
5.5	0.22971907661082433
5.6	0.1914789889563463
5.7	0.16063237464404778
5.8	0.1352831763618814
5.9	0.11574749119166196
6.0	0.10384807254938919
6.1	0.08761068909828018
6.2	0.07184049301225054
6.3	0.0577407112748665
6.4	0.048405008588921536
6.5	0.04188551473849861
6.6	0.035069863418673186
6.7	0.03442115411515021
6.8	0.03265876608469685
6.9	0.030294615562384355
7.0	0.028193739788795392
7.1	0.020847046736075167
7.2	0.016609424093779537
7.300000000000001	0.013172023469284528
7.4	0.010382243601132145
7.5	0.007822546848071371
7.6	0.005474553841140385
7.7	0.003946326909654561
7.800000000000001	0.003525864287208437
7.9	0.0027753649335786105
8.0	0.001569412187327593
8.1	5.491338753858381E-4
8.2	1.0568950849405323E-4
8.3	2.9562678266824688E-6
8.4	0.0
8.5	0.0
8.6	0.0
8.7	0.0
8.8	0.0
8.9	0.0
9.0	0.0
#Run 20
5.0	0.5796954795504226
5.1	0.48170532923224063
5.2	0.4002875879655706
5.3	0.332637908182465
5.4	0.2764267800410067
5.5	0.22971907661082433
5.6	0.1914789889563463
5.7	0.16063237464404778
5.8	0.1352831763618814
5.9	0.11574749119166196
6.0	0.10384807254938919
6.1	0.08761068909828018
6.2	0.07184049301225054
6.3	0.0577407112748665
6.4	0.04844837140348934
6.5	0.04395773342948362
6.6	0.03733313506803311
6.7	0.03673850879874389
6.8	0.035003916931146455
6.9	0.03296149117668755
7.0	0.030870425714500944
7.1	0.023783342384617018
7.2	0.019495535040662832
7.300000000000001	0.014957513247266916
7.4	0.010917055850259918
7.5	0.007447002317341808
7.6	0.004895193040599386
7.7	0.003390499801814867
7.800000000000001	0.0031256505387201967
7.9	0.0026073119407250497
8.0	0.001521450254129734
8.1	5.491338753858381E-4
8.2	1.0568950849405323E-4
8.3	2.9562678266824688E-6
8.4	0.0
8.5	0.0
8.6	0.0
8.7	0.0
8.8	0.0
8.9	0.0
9.0	0.0
#Run 21
5.0	0.5796954795504226
5.1	0.48170532923224063
5.2	0.4002875879655706
5.3	0.332637908182465
5.4	0.2764267800410067
5.5	0.22971907661082433
5.6	0.19090724114220933
5.7	0.15865580136099192
5.8	0.13187102774684656
5.9	0.10950103745354235
6.0	0.09370433349943166
6.1	0.07543115586145392
6.2	0.06312853851772264
6.3	0.0528673576366715
6.4	0.044816236100893664
6.5	0.07275076004471495
6.6	0.06024500047695408
6.7	0.054156882396991714
6.8	0.04670419370555208
6.9	0.03948058116296783
7.0	0.033257836916885865
7.1	0.02339919658386364
7.2	0.019582428679262614
7.300000000000001	0.015880809849036233
7.4	0.011213883654207423
7.5	0.008031463084638885
7.6	0.005594520656969491
7.7	0.003726603447609301
7.800000000000001	0.0022358379216398825
7.9	0.0015870451060393776
8.0	6.879583536872409E-4
8.1	0.0
8.2	0.0
8.3	0.0
8.4	0.0
8.5	0.0
8.6	0.0
8.7	0.0
8.8	0.0
8.9	0.0
9.0	0.0
#Run 22
5.0	0.5796954795504226
5.1	0.48170532923224063
5.2	0.4002875879655706
5.3	0.332637908182465
5.4	0.2764267800410067
5.5	0.22971907661082433
5.6	0.19090724114220933
5.7	0.15865580136099192
5.8	0.13187102774684656
5.9	0.10950103745354235
6.0	0.09370433349943166
6.1	0.07543115586145392
6.2	0.06312853851772264
6.3	0.0528673576366715
6.4	0.044859598915461485
6.5	0.07482297873569996
6.6	0.062508272126314
6.7	0.05647423708058539
6.8	0.04904934455200168
6.9	0.04214745677727101
7.0	0.035934522842591424
7.1	0.02633549223240549
7.2	0.022468539626145905
7.300000000000001	0.01766629962701862
7.4	0.011748695903335197
7.5	0.0076559185539093215
7.6	0.005015159856428493
7.7	0.0031707763397696067
7.800000000000001	0.0018356241731516424
7.9	0.001418992113185817
8.0	6.399964204893818E-4
8.1	0.0
8.2	0.0
8.3	0.0
8.4	0.0
8.5	0.0
8.6	0.0
8.7	0.0
8.8	0.0
8.9	0.0
9.0	0.0
#Run 23
5.0	0.5796954795504226
5.1	0.48170532923224063
5.2	0.4002875879655706
5.3	0.332637908182465
5.4	0.2764267800410067
5.5	0.22971907661082433
5.6	0.19090724114220933
5.7	0.15865580136099192
5.8	0.13187102774684656
5.9	0.10950103745354235
6.0	0.09370433349943166
6.1	0.07543115586145392
6.2	0.06312853851772264
6.3	0.0528673576366715
6.4	0.044816236100893664
6.5	0.07275076004471495
6.6	0.06024500047695408
6.7	0.054156882396991714
6.8	0.04670419370555208
6.9	0.03948058116296783
7.0	0.033257836916885865
7.1	0.02339919658386364
7.2	0.019582428679262614
7.300000000000001	0.015880809849036233
7.4	0.011213883654207423
7.5	0.008031463084638885
7.6	0.005594520656969491
7.7	0.003726603447609301
7.800000000000001	0.0022358379216398825
7.9	0.0015870451060393776
8.0	6.879583536872409E-4
8.1	0.0
8.2	0.0
8.3	0.0
8.4	0.0
8.5	0.0
8.6	0.0
8.7	0.0
8.8	0.0
8.9	0.0
9.0	0.0
#Run 24
5.0	0.5796954795504226
5.1	0.48170532923224063
5.2	0.4002875879655706
5.3	0.332637908182465
5.4	0.2764267800410067
5.5	0.22971907661082433
5.6	0.19090724114220933
5.7	0.15865580136099192
5.8	0.13187102774684656
5.9	0.10950103745354235
6.0	0.09370433349943166
6.1	0.07543115586145392
6.2	0.06312853851772264
6.3	0.0528673576366715
6.4	0.044859598915461485
6.5	0.07482297873569996
6.6	0.062508272126314
6.7	0.05647423708058539
6.8	0.04904934455200168
6.9	0.04214745677727101
7.0	0.035934522842591424
7.1	0.02633549223240549
7.2	0.022468539626145905
7.300000000000001	0.01766629962701862
7.4	0.011748695903335197
7.5	0.0076559185539093215
7.6	0.005015159856428493
7.7	0.0031707763397696067
7.800000000000001	0.0018356241731516424
7.9	0.001418992113185817
8.0	6.399964204893818E-4
8.1	0.0
8.2	0.0
8.3	0.0
8.4	0.0
8.5	0.0
8.6	0.0
8.7	0.0
8.8	0.0
8.9	0.0
9.0	0.0
#Run 25
5.0	0.5796954795504226
5.1	0.48170532923224063
5.2	0.4002875879655706
5.3	0.332637908182465
5.4	0.2796854357064004
5.5	0.2395236387161869
5.6	0.20700789175049922
5.7	0.1761207484261179
5.8	0.15100393029045447
5.9	0.12738471291898934
6.0	0.1062593753865549
6.1	0.08502127498343107
6.2	0.07382929352870643
6.3	0.06625839588617223
6.4	0.06134909881047583
6.5	0.06410494142334061
6.6	0.05705647305464752
6.7	0.04828164134052414
6.8	0.04364617910869305
6.9	0.03686197325830665
7.0	0.028077201990560997
7.1	0.01735074796054434
7.2	0.013071568808187368
7.300000000000001	0.01039259436330257
7.4	0.008603926349394515
7.5	0.006623335485496038
7.6	0.005026128240163963
7.7	0.0036481065840887838
7.800000000000001	0.003025390739427177
7.9	0.0021337021243244686
8.0	0.001126566947880759
8.1	4.349492261335072E-4
8.2	1.4088160197468568E-4
8.3	2.970260200044878E-5
8.4	3.103707214246735E-6
8.5	0.0
8.6	0.0
8.7	0.0
8.8	0.0
8.9	0.0
9.0	0.0
#Run 26
5.0	0.5796954795504226
5.1	0.48170532923224063
5.2	0.4002875879655706
5.3	0.332637908182465
5.4	0.2796854357064004
5.5	0.2395236387161869
5.6	0.20700789175049922
5.7	0.1761207484261179
5.8	0.15100393029045447
5.9	0.12738471291898934
6.0	0.1062593753865549
6.1	0.08502127498343107
6.2	0.0739584281403156
6.3	0.06685175414639578
6.4	0.06251141344086172
6.5	0.06878646566438155
6.6	0.06205218182554943
6.7	0.05348278792587563
6.8	0.04775653720010822
6.9	0.04067838114441403
7.0	0.03251894391788433
7.1	0.02158897362305006
7.2	0.015524187292933547
7.300000000000001	0.011544495836809793
7.4	0.00844844808245277
7.5	0.006048979941499632
7.6	0.004434673223204281
7.7	0.003219811123971565
7.800000000000001	0.002746863412361707
7.9	0.001903921612432859
8.0	0.0010303422037003032
8.1	4.0099477771516934E-4
8.2	1.4088160197468568E-4
8.3	2.970260200044878E-5
8.4	3.103707214246735E-6
8.5	0.0
8.6	0.0
8.7	0.0
8.8	0.0
8.9	0.0
9.0	0.0
#Run 27
5.0	0.5796954795504226
5.1	0.48170532923224063
5.2	0.4002875879655706
5.3	0.332637908182465
5.4	0.2772355343222063
5.5	0.23215243637393435
5.6	0.19545642529753515
5.7	0.16558028536154948
5.8	0.1426740968578849
5.9	0.12111221676234231
6.0	0.1017695966302045
6.1	0.08155796796005105
6.2	0.07039630878056136
6.3	0.0632306341387788
6.4	0.0594910098850204
6.5	0.06335151302442246
6.6	0.05648447097437134
6.7	0.046171667779521045
6.8	0.03918786044173313
6.9	0.03151191906022237
7.0	0.024578895625738173
7.1	0.016394066579757893
7.2	0.013480892489162339
7.300000000000001	0.01077651997485102
7.4	0.008285116673986449
7.5	0.005774037148334622
7.6	0.0039553805200782345
7.7	0.0027535114370544115
7.800000000000001	0.002757580052290762
7.9	0.0027576240162597992
8.0	0.002285063496220793
8.1	0.0014336557429812469
8.2	5.939367355871077E-4
8.3	1.433346269001312E-4
8.4	7.91978960324822E-6
8.5	0.0
8.6	0.0
8.7	0.0
8.8	0.0
8.9	0.0
9.0	0.0
#Run 28
5.0	0.5796954795504226
5.1	0.48170532923224063
5.2	0.4002875879655706
5.3	0.332637908182465
5.4	0.2772355343222063
5.5	0.23215243637393435
5.6	0.19545642529753515
5.7	0.16558028536154948
5.8	0.1426740968578849
5.9	0.12111221676234231
6.0	0.1017695966302045
6.1	0.08155796796005105
6.2	0.07052544339217053
6.3	0.06382399239900235
6.4	0.060653324515406296
6.5	0.0680330372654634
6.6	0.06148017974527327
6.7	0.05137281436487253
6.8	0.0432982185331483
6.9	0.035328326946329744
7.0	0.029020637553061508
7.1	0.020632292242263615
7.2	0.015933510973908518
7.300000000000001	0.011928421448358243
7.4	0.008129638407044702
7.5	0.005199681604338216
7.6	0.003363925503118551
7.7	0.002325215976937193
7.800000000000001	0.002479052725225292
7.9	0.0025278435043681897
8.0	0.0021888387520403374
8.1	0.001399701294562909
8.2	5.939367355871077E-4
8.3	1.433346269001312E-4
8.4	7.91978960324822E-6
8.5	0.0
8.6	0.0
8.7	0.0
8.8	0.0
8.9	0.0
9.0	0.0
#Run 29
5.0	0.5796954795504226
5.1	0.48170532923224063
5.2	0.4002875879655706
5.3	0.332637908182465
5.4	0.2764267800410067
5.5	0.22971907661082433
5.6	0.19090724114220933
5.7	0.15865580136099192
5.8	0.13187102774684656
5.9	0.10950103745354235
6.0	0.09412429499176869
6.1	0.07707469581384105
6.2	0.0667649251353783
6.3	0.05961969819615147
6.4	0.05592959893649674
6.5	0.09199852233930726
6.6	0.07844161111998
6.7	0.06263685076800447
6.8	0.05064788759839593
6.9	0.037549584256163865
7.0	0.03050145899423605
7.1	0.02234026002012328
7.2	0.01825559969836053
7.300000000000001	0.013011288754828019
7.4	0.009182980843295446
7.5	0.006399117028579673
7.6	0.004625537826686605
7.7	0.0030216465071871827
7.800000000000001	0.0017186176141210294
7.9	0.0013197818683792538
8.0	0.0010028483829596455
8.1	4.1106046299614667E-4
8.2	3.136631207907376E-4
8.3	0.0
8.4	0.0
8.5	0.0
8.6	0.0
8.7	0.0
8.8	0.0
8.9	0.0
9.0	0.0
#Run 30
5.0	0.5796954795504226
5.1	0.48170532923224063
5.2	0.4002875879655706
5.3	0.332637908182465
5.4	0.2764267800410067
5.5	0.22971907661082433
5.6	0.19090724114220933
5.7	0.15865580136099192
5.8	0.13187102774684656
5.9	0.10950103745354235
6.0	0.09412429499176869
6.1	0.07707469581384105
6.2	0.06689405974698746
6.3	0.06021305645637502
6.4	0.05709191356688263
6.5	0.0966800465803482
6.6	0.08343731989088192
6.7	0.06783799735335597
6.8	0.05475824568981111
6.9	0.04136599214227124
7.0	0.03494320092155939
7.1	0.026578485682629
7.2	0.02070821818310671
7.300000000000001	0.014163190228335242
7.4	0.009027502576353699
7.5	0.005824761484583267
7.6	0.004034082809726923
7.7	0.002593351047069964
7.800000000000001	0.0014400902870555592
7.9	0.0010900013564876443
8.0	9.066236387791898E-4
8.1	3.771060145778088E-4
8.2	3.136631207907376E-4
8.3	0.0
8.4	0.0
8.5	0.0
8.6	0.0
8.7	0.0
8.8	0.0
8.9	0.0
9.0	0.0
#Run 31
5.0	0.5796954795504226
5.1	0.48170532923224063
5.2	0.4002875879655706
5.3	0.332637908182465
5.4	0.2764267800410067
5.5	0.22971907661082433
5.6	0.19090724114220933
5.7	0.15865580136099192
5.8	0.13187102774684656
5.9	0.10950103745354235
6.0	0.09412429499176869
6.1	0.07707469581384105
6.2	0.0667649251353783
6.3	0.05961969819615147
6.4	0.05592959893649674
6.5	0.09199852233930726
6.6	0.07844161111998
6.7	0.06263685076800447
6.8	0.05064788759839593
6.9	0.037549584256163865
7.0	0.03050145899423605
7.1	0.02234026002012328
7.2	0.01825559969836053
7.300000000000001	0.013011288754828019
7.4	0.009182980843295446
7.5	0.006399117028579673
7.6	0.004625537826686605
7.7	0.0030216465071871827
7.800000000000001	0.0017186176141210294
7.9	0.0013197818683792538
8.0	0.0010028483829596455
8.1	4.1106046299614667E-4
8.2	3.136631207907376E-4
8.3	0.0
8.4	0.0
8.5	0.0
8.6	0.0
8.7	0.0
8.8	0.0
8.9	0.0
9.0	0.0
#Run 32
5.0	0.5796954795504226
5.1	0.48170532923224063
5.2	0.4002875879655706
5.3	0.332637908182465
5.4	0.2764267800410067
5.5	0.22971907661082433
5.6	0.19090724114220933
5.7	0.15865580136099192
5.8	0.13187102774684656
5.9	0.10950103745354235
6.0	0.09412429499176869
6.1	0.07707469581384105
6.2	0.06689405974698746
6.3	0.06021305645637502
6.4	0.05709191356688263
6.5	0.0966800465803482
6.6	0.08343731989088192
6.7	0.06783799735335597
6.8	0.05475824568981111
6.9	0.04136599214227124
7.0	0.03494320092155939
7.1	0.026578485682629
7.2	0.02070821818310671
7.300000000000001	0.014163190228335242
7.4	0.009027502576353699
7.5	0.005824761484583267
7.6	0.004034082809726923
7.7	0.002593351047069964
7.800000000000001	0.0014400902870555592
7.9	0.0010900013564876443
8.0	9.066236387791898E-4
8.1	3.771060145778088E-4
8.2	3.136631207907376E-4
8.3	0.0
8.4	0.0
8.5	0.0
8.6	0.0
8.7	0.0
8.8	0.0
8.9	0.0
9.0	0.0
#Run 33
5.0	0.5796954795504226
5.1	0.48170532923224063
5.2	0.4002875879655706
5.3	0.332637908182465
5.4	0.2764267800410067
5.5	0.22971907661082433
5.6	0.1919757129592403
5.7	0.1623495852199288
5.8	0.13824758842716883
5.9	0.11737772207476574
6.0	0.10246299377250316
6.1	0.0845139529843992
6.2	0.06952949145717188
6.3	0.05684486931426464
6.4	0.04822721417617974
6.5	0.04170221921949929
6.6	0.03450050690160823
6.7	0.03310782675668044
6.8	0.030688661190549613
6.9	0.02878278022992564
7.0	0.02771276898886816
7.1	0.02102357770303708
7.2	0.0162801842498553
7.300000000000001	0.011959157851969984
7.4	0.00949538908911726
7.5	0.007905118361909918
7.6	0.006611125606887378
7.7	0.004951232612850337
7.800000000000001	0.003642570341737724
7.9	0.002100679088538994
8.0	9.261972027772222E-4
8.1	2.752822860384689E-4
8.2	5.105010358549558E-5
8.3	2.76926787827579E-6
8.4	0.0
8.5	0.0
8.6	0.0
8.7	0.0
8.8	0.0
8.9	0.0
9.0	0.0
#Run 34
5.0	0.5796954795504226
5.1	0.48170532923224063
5.2	0.4002875879655706
5.3	0.332637908182465
5.4	0.2764267800410067
5.5	0.22971907661082433
5.6	0.1919757129592403
5.7	0.1623495852199288
5.8	0.13824758842716883
5.9	0.11737772207476574
6.0	0.10246299377250316
6.1	0.0845139529843992
6.2	0.06952949145717188
6.3	0.05684486931426464
6.4	0.04827057699074755
6.5	0.04377443791048431
6.6	0.03676377855096814
6.7	0.035425181440274116
6.8	0.03303381203699922
6.9	0.03144965584422883
7.0	0.030389454914573708
7.1	0.023959873351578932
7.2	0.01916629519673859
7.300000000000001	0.013744647629952374
7.4	0.010030201338245033
7.5	0.007529573831180353
7.6	0.006031764806346379
7.7	0.0043954055050106425
7.800000000000001	0.003242356593249484
7.9	0.0019326260956854333
8.0	8.782352695793632E-4
8.1	2.752822860384689E-4
8.2	5.105010358549558E-5
8.3	2.76926787827579E-6
8.4	0.0
8.5	0.0
8.6	0.0
8.7	0.0
8.8	0.0
8.9	0.0
9.0	0.0
#Run 35
5.0	0.5796954795504226
5.1	0.48170532923224063
5.2	0.4002875879655706
5.3	0.332637908182465
5.4	0.2764267800410067
5.5	0.22971907661082433
5.6	0.1914789889563463
5.7	0.16063237464404778
5.8	0.1352831763618814
5.9	0.11574749119166196
6.0	0.10384807254938919
6.1	0.08761068909828018
6.2	0.07184049301225054
6.3	0.0577407112748665
6.4	0.048405008588921536
6.5	0.0418333619161995
6.6	0.03501771059637408
6.7	0.0343690012928511
6.8	0.03260661326239774
6.9	0.03024246274008525
7.0	0.028141586966496285
7.1	0.020689253319991087
7.2	0.01625789255718681
7.300000000000001	0.012696210498543225
7.4	0.010310121928349082
7.5	0.008091464134916378
7.6	0.005943604016260417
7.7	0.004173947244331953
7.800000000000001	0.0036061837827663997
7.9	0.0027753649335786105
8.0	0.001569412187327593
8.1	5.491338753858381E-4
8.2	1.0568950849405323E-4
8.3	2.9562678266824688E-6
8.4	0.0
8.5	0.0
8.6	0.0
8.7	0.0
8.8	0.0
8.9	0.0
9.0	0.0
#Run 36
5.0	0.5796954795504226
5.1	0.48170532923224063
5.2	0.4002875879655706
5.3	0.332637908182465
5.4	0.2764267800410067
5.5	0.22971907661082433
5.6	0.1914789889563463
5.7	0.16063237464404778
5.8	0.1352831763618814
5.9	0.11574749119166196
6.0	0.10384807254938919
6.1	0.08761068909828018
6.2	0.07184049301225054
6.3	0.0577407112748665
6.4	0.04844837140348934
6.5	0.04390558060718452
6.6	0.03728098224573401
6.7	0.036686355976444776
6.8	0.03495176410884735
6.9	0.03290933835438844
7.0	0.030818272892201834
7.1	0.023625548968532938
7.2	0.0191440035040701
7.300000000000001	0.014481700276525615
7.4	0.010844934177476855
7.5	0.007715919604186813
7.6	0.005364243215719419
7.7	0.003618120136492259
7.800000000000001	0.0032059700342781596
7.9	0.0026073119407250497
8.0	0.001521450254129734
8.1	5.491338753858381E-4
8.2	1.0568950849405323E-4
8.3	2.9562678266824688E-6
8.4	0.0
8.5	0.0
8.6	0.0
8.7	0.0
8.8	0.0
8.9	0.0
9.0	0.0
#Run 37
5.0	0.5796954795504226
5.1	0.48170532923224063
5.2	0.4002875879655706
5.3	0.332637908182465
5.4	0.2764267800410067
5.5	0.22971907661082433
5.6	0.19090724114220933
5.7	0.15865580136099192
5.8	0.13187102774684656
5.9	0.10950103745354235
6.0	0.09370433349943166
6.1	0.07543115586145392
6.2	0.06312853851772264
6.3	0.0528673576366715
6.4	0.044816236100893664
6.5	0.07131320673800824
6.6	0.05904052172325665
6.7	0.053146266612453336
6.8	0.045854826115318596
6.9	0.03876533397891289
7.0	0.032654146227655806
7.1	0.02278265395167514
7.2	0.01884932616469249
7.300000000000001	0.015087619962709114
7.4	0.010877779361255767
7.5	0.0080808091918269
7.6	0.005880939479672562
7.7	0.003802317639878779
7.800000000000001	0.0024119748125003846
7.9	0.0016667425440934534
8.0	7.542477953103203E-4
8.1	0.0
8.2	0.0
8.3	0.0
8.4	0.0
8.5	0.0
8.6	0.0
8.7	0.0
8.8	0.0
8.9	0.0
9.0	0.0
#Run 38
5.0	0.5796954795504226
5.1	0.48170532923224063
5.2	0.4002875879655706
5.3	0.332637908182465
5.4	0.2764267800410067
5.5	0.22971907661082433
5.6	0.19090724114220933
5.7	0.15865580136099192
5.8	0.13187102774684656
5.9	0.10950103745354235
6.0	0.09370433349943166
6.1	0.07543115586145392
6.2	0.06312853851772264
6.3	0.0528673576366715
6.4	0.044859598915461485
6.5	0.07338542542899326
6.6	0.06130379337261657
6.7	0.05546362129604701
6.8	0.0481999769617682
6.9	0.04143220959321607
7.0	0.03533083215336136
7.1	0.025718949600216992
7.2	0.02173543711157578
7.300000000000001	0.016873109740691505
7.4	0.01141259161038354
7.5	0.007705264661097335
7.6	0.005301578679131563
7.7	0.003246490532039085
7.800000000000001	0.0020117610640121445
7.9	0.0014986895512398928
8.0	7.062858621124612E-4
8.1	0.0
8.2	0.0
8.3	0.0
8.4	0.0
8.5	0.0
8.6	0.0
8.7	0.0
8.8	0.0
8.9	0.0
9.0	0.0
#Run 39
5.0	0.5796954795504226
5.1	0.48170532923224063
5.2	0.4002875879655706
5.3	0.332637908182465
5.4	0.2764267800410067
5.5	0.22971907661082433
5.6	0.19090724114220933
5.7	0.15865580136099192
5.8	0.13187102774684656
5.9	0.10950103745354235
6.0	0.09370433349943166
6.1	0.07543115586145392
6.2	0.06312853851772264
6.3	0.0528673576366715
6.4	0.044816236100893664
6.5	0.07131320673800824
6.6	0.05904052172325665
6.7	0.053146266612453336
6.8	0.045854826115318596
6.9	0.03876533397891289
7.0	0.032654146227655806
7.1	0.02278265395167514
7.2	0.01884932616469249
7.300000000000001	0.015087619962709114
7.4	0.010877779361255767
7.5	0.0080808091918269
7.6	0.005880939479672562
7.7	0.003802317639878779
7.800000000000001	0.0024119748125003846
7.9	0.0016667425440934534
8.0	7.542477953103203E-4
8.1	0.0
8.2	0.0
8.3	0.0
8.4	0.0
8.5	0.0
8.6	0.0
8.7	0.0
8.8	0.0
8.9	0.0
9.0	0.0
#Run 40
5.0	0.5796954795504226
5.1	0.48170532923224063
5.2	0.4002875879655706
5.3	0.332637908182465
5.4	0.2764267800410067
5.5	0.22971907661082433
5.6	0.19090724114220933
5.7	0.15865580136099192
5.8	0.13187102774684656
5.9	0.10950103745354235
6.0	0.09370433349943166
6.1	0.07543115586145392
6.2	0.06312853851772264
6.3	0.0528673576366715
6.4	0.044859598915461485
6.5	0.07338542542899326
6.6	0.06130379337261657
6.7	0.05546362129604701
6.8	0.0481999769617682
6.9	0.04143220959321607
7.0	0.03533083215336136
7.1	0.025718949600216992
7.2	0.02173543711157578
7.300000000000001	0.016873109740691505
7.4	0.01141259161038354
7.5	0.007705264661097335
7.6	0.005301578679131563
7.7	0.003246490532039085
7.800000000000001	0.0020117610640121445
7.9	0.0014986895512398928
8.0	7.062858621124612E-4
8.1	0.0
8.2	0.0
8.3	0.0
8.4	0.0
8.5	0.0
8.6	0.0
8.7	0.0
8.8	0.0
8.9	0.0
9.0	0.0
#Run 41
5.0	0.5796954795504226
5.1	0.48170532923224063
5.2	0.4002875879655706
5.3	0.332637908182465
5.4	0.2796854357064004
5.5	0.2395236387161869
5.6	0.20698593448644667
5.7	0.17601795473203988
5.8	0.1507636261066324
5.9	0.12710419358403438
6.0	0.10609585538640175
6.1	0.08497367732732519
6.2	0.07382929352870643
6.3	0.06625839588617223
6.4	0.0613706852076521
6.5	0.06404459956580856
6.6	0.05709972427195907
6.7	0.04840879801767815
6.8	0.04379591885056574
6.9	0.03694587119557443
7.0	0.027934774521947987
7.1	0.016869749341415333
7.2	0.012271274822533155
7.300000000000001	0.009889810055197939
7.4	0.008255435173641804
7.5	0.006581455645630559
7.6	0.0053910665630259105
7.7	0.003993839735125939
7.800000000000001	0.0031953773059567154
7.9	0.0021126805738387374
8.0	0.0011160886543503626
8.1	4.69906430179089E-4
8.2	1.7616737483282355E-4
8.3	4.388513184895112E-5
8.4	6.996719673869566E-6
8.5	0.0
8.6	0.0
8.7	0.0
8.8	0.0
8.9	0.0
9.0	0.0
#Run 42
5.0	0.5796954795504226
5.1	0.48170532923224063
5.2	0.4002875879655706
5.3	0.332637908182465
5.4	0.2796854357064004
5.5	0.2395236387161869
5.6	0.20698593448644667
5.7	0.17601795473203988
5.8	0.1507636261066324
5.9	0.12710419358403438
6.0	0.10609585538640175
6.1	0.08497367732732519
6.2	0.0739584281403156
6.3	0.06685175414639578
6.4	0.06253299983803799
6.5	0.0687261238068495
6.6	0.062095433042860984
6.7	0.05360994460302963
6.8	0.047906276941980915
6.9	0.040762279081681806
7.0	0.03237651644927132
7.1	0.021107975003921052
7.2	0.014723893307279332
7.300000000000001	0.011041711528705162
7.4	0.008099956906700057
7.5	0.006007100101634154
7.6	0.004799611546066228
7.7	0.0035655442750087206
7.800000000000001	0.0029168499788912454
7.9	0.0018829000619471278
8.0	0.0010198639101699069
8.1	4.359519817607511E-4
8.2	1.7616737483282355E-4
8.3	4.388513184895112E-5
8.4	6.996719673869566E-6
8.5	0.0
8.6	0.0
8.7	0.0
8.8	0.0
8.9	0.0
9.0	0.0
#Run 43
5.0	0.5796954795504226
5.1	0.48170532923224063
5.2	0.4002875879655706
5.3	0.332637908182465
5.4	0.2772355343222063
5.5	0.23215243637393435
5.6	0.19545642529753515
5.7	0.16558028536154948
5.8	0.1426740968578849
5.9	0.12111221676234231
6.0	0.1017695966302045
6.1	0.08155796796005105
6.2	0.07039630878056136
6.3	0.0632306341387788
6.4	0.0594910098850204
6.5	0.06321169676126133
6.6	0.05634465471121021
6.7	0.04603185151635991
6.8	0.039048044178571995
6.9	0.031372102797061235
7.0	0.024289858057619518
7.1	0.015831366642596132
7.2	0.012742640360166153
7.300000000000001	0.010500573846802985
7.4	0.008363152410539483
7.5	0.006148595028964607
7.6	0.004424430695198267
7.7	0.0029811317717318036
7.800000000000001	0.0028378995478487243
7.9	0.0027576240162597992
8.0	0.002285063496220793
8.1	0.0014336557429812469
8.2	5.939367355871077E-4
8.3	1.433346269001312E-4
8.4	7.91978960324822E-6
8.5	0.0
8.6	0.0
8.7	0.0
8.8	0.0
8.9	0.0
9.0	0.0
#Run 44
5.0	0.5796954795504226
5.1	0.48170532923224063
5.2	0.4002875879655706
5.3	0.332637908182465
5.4	0.2772355343222063
5.5	0.23215243637393435
5.6	0.19545642529753515
5.7	0.16558028536154948
5.8	0.1426740968578849
5.9	0.12111221676234231
6.0	0.1017695966302045
6.1	0.08155796796005105
6.2	0.07052544339217053
6.3	0.06382399239900235
6.4	0.060653324515406296
6.5	0.06789322100230229
6.6	0.06134036348211214
6.7	0.0512329981017114
6.8	0.04315840226998717
6.9	0.03518851068316861
7.0	0.028731599984942853
7.1	0.02006959230510185
7.2	0.01519525884491233
7.300000000000001	0.011652475320310208
7.4	0.008207674143597736
7.5	0.005574239484968202
7.6	0.0038329756782385844
7.7	0.0025528363116145846
7.800000000000001	0.0025593722207832544
7.9	0.0025278435043681897
8.0	0.0021888387520403374
8.1	0.001399701294562909
8.2	5.939367355871077E-4
8.3	1.433346269001312E-4
8.4	7.91978960324822E-6
8.5	0.0
8.6	0.0
8.7	0.0
8.8	0.0
8.9	0.0
9.0	0.0
#Run 45
5.0	0.5796954795504226
5.1	0.48170532923224063
5.2	0.4002875879655706
5.3	0.332637908182465
5.4	0.2764267800410067
5.5	0.22971907661082433
5.6	0.19090724114220933
5.7	0.15865580136099192
5.8	0.13187102774684656
5.9	0.10950103745354235
6.0	0.09412429499176869
6.1	0.07707469581384105
6.2	0.0667649251353783
6.3	0.05961969819615147
6.4	0.05592959893649674
6.5	0.09016695833487526
6.6	0.07689466037578498
6.7	0.06132663102244999
6.8	0.04953457212100762
6.9	0.03660004661541164
7.0	0.02953892451954978
7.1	0.02121736975612885
7.2	0.01705140155058277
7.300000000000001	0.012347785609067945
7.4	0.00893866069327901
7.5	0.006505550961359492
7.6	0.004871572215819849
7.7	0.0030637703906967757
7.800000000000001	0.001866815303094906
7.9	0.001376240490510511
8.0	0.0010498086194148006
8.1	4.501202863619596E-4
8.2	3.461516667720905E-4
8.3	0.0
8.4	0.0
8.5	0.0
8.6	0.0
8.7	0.0
8.8	0.0
8.9	0.0
9.0	0.0
#Run 46
5.0	0.5796954795504226
5.1	0.48170532923224063
5.2	0.4002875879655706
5.3	0.332637908182465
5.4	0.2764267800410067
5.5	0.22971907661082433
5.6	0.19090724114220933
5.7	0.15865580136099192
5.8	0.13187102774684656
5.9	0.10950103745354235
6.0	0.09412429499176869
6.1	0.07707469581384105
6.2	0.06689405974698746
6.3	0.06021305645637502
6.4	0.05709191356688263
6.5	0.09484848257591622
6.6	0.08189036914668689
6.7	0.06652777760780149
6.8	0.053644930212422795
6.9	0.04041645450151902
7.0	0.033980666446873115
7.1	0.02545559541863457
7.2	0.01950402003532895
7.300000000000001	0.013499687082575169
7.4	0.008783182426337263
7.5	0.005931195417363086
7.6	0.004280117198860166
7.7	0.0026354749305795566
7.800000000000001	0.0015882879760294357
7.9	0.0011464599786189015
8.0	9.535838752343449E-4
8.1	4.1616583794362174E-4
8.2	3.461516667720905E-4
8.3	0.0
8.4	0.0
8.5	0.0
8.6	0.0
8.7	0.0
8.8	0.0
8.9	0.0
9.0	0.0
#Run 47
5.0	0.5796954795504226
5.1	0.48170532923224063
5.2	0.4002875879655706
5.3	0.332637908182465
5.4	0.2764267800410067
5.5	0.22971907661082433
5.6	0.19090724114220933
5.7	0.15865580136099192
5.8	0.13187102774684656
5.9	0.10950103745354235
6.0	0.09412429499176869
6.1	0.07707469581384105
6.2	0.0667649251353783
6.3	0.05961969819615147
6.4	0.05592959893649674
6.5	0.09016695833487526
6.6	0.07689466037578498
6.7	0.06132663102244999
6.8	0.04953457212100762
6.9	0.03660004661541164
7.0	0.02953892451954978
7.1	0.02121736975612885
7.2	0.01705140155058277
7.300000000000001	0.012347785609067945
7.4	0.00893866069327901
7.5	0.006505550961359492
7.6	0.004871572215819849
7.7	0.0030637703906967757
7.800000000000001	0.001866815303094906
7.9	0.001376240490510511
8.0	0.0010498086194148006
8.1	4.501202863619596E-4
8.2	3.461516667720905E-4
8.3	0.0
8.4	0.0
8.5	0.0
8.6	0.0
8.7	0.0
8.8	0.0
8.9	0.0
9.0	0.0
#Run 48
5.0	0.5796954795504226
5.1	0.48170532923224063
5.2	0.4002875879655706
5.3	0.332637908182465
5.4	0.2764267800410067
5.5	0.22971907661082433
5.6	0.19090724114220933
5.7	0.15865580136099192
5.8	0.13187102774684656
5.9	0.10950103745354235
6.0	0.09412429499176869
6.1	0.07707469581384105
6.2	0.06689405974698746
6.3	0.06021305645637502
6.4	0.05709191356688263
6.5	0.09484848257591622
6.6	0.08189036914668689
6.7	0.06652777760780149
6.8	0.053644930212422795
6.9	0.04041645450151902
7.0	0.033980666446873115
7.1	0.02545559541863457
7.2	0.01950402003532895
7.300000000000001	0.013499687082575169
7.4	0.008783182426337263
7.5	0.005931195417363086
7.6	0.004280117198860166
7.7	0.0026354749305795566
7.800000000000001	0.0015882879760294357
7.9	0.0011464599786189015
8.0	9.535838752343449E-4
8.1	4.1616583794362174E-4
8.2	3.461516667720905E-4
8.3	0.0
8.4	0.0
8.5	0.0
8.6	0.0
8.7	0.0
8.8	0.0
8.9	0.0
9.0	0.0
#Run 49
5.0	0.5796954795504226
5.1	0.48170532923224063
5.2	0.4002875879655706
5.3	0.332637908182465
5.4	0.2764267800410067
5.5	0.22971907661082433
5.6	0.1919757129592403
5.7	0.1623495852199288
5.8	0.13824758842716883
5.9	0.11738090255367821
6.0	0.10247153668694979
6.1	0.08452541144309586
6.2	0.06953716600787915
6.3	0.056847436080548874
6.4	0.04822721417617974
6.5	0.04124753645492691
6.6	0.034053755595946394
6.7	0.032592316694545015
6.8	0.030050971251735486
6.9	0.027817853309476653
7.0	0.026942372910674375
7.1	0.020186251153622464
7.2	0.015626404248105172
7.300000000000001	0.011829541889195652
7.4	0.009710321956258176
7.5	0.007827378101916872
7.6	0.006224904846071133
7.7	0.0046687529090513056
7.800000000000001	0.003514518613606977
7.9	0.0020837981344472524
8.0	9.171545354618263E-4
8.1	2.7014076327227545E-4
8.2	4.906964912541775E-5
8.3	2.4167840630987376E-6
8.4	0.0
8.5	0.0
8.6	0.0
8.7	0.0
8.8	0.0
8.9	0.0
9.0	0.0
#Run 50
5.0	0.5796954795504226
5.1	0.48170532923224063
5.2	0.4002875879655706
5.3	0.332637908182465
5.4	0.2764267800410067
5.5	0.22971907661082433
5.6	0.1919757129592403
5.7	0.1623495852199288
5.8	0.13824758842716883
5.9	0.11738090255367821
6.0	0.10247153668694979
6.1	0.08452541144309586
6.2	0.06953716600787915
6.3	0.056847436080548874
6.4	0.04822721417617974
6.5	0.04341747303321562
6.6	0.036398156270913626
6.7	0.03528729832490453
6.8	0.03303801998885799
6.9	0.03125475807621289
7.0	0.030428243829763398
7.1	0.023710446309698444
7.2	0.018957797345436823
7.300000000000001	0.01360072445998004
7.4	0.009872613005762589
7.5	0.007222101876391797
7.6	0.0055517480382347405
7.7	0.004112843608670077
7.800000000000001	0.003114304865118737
7.9	0.0019157451415936916
8.0	8.691926022639673E-4
8.1	2.7014076327227545E-4
8.2	4.906964912541775E-5
8.3	2.4167840630987376E-6
8.4	0.0
8.5	0.0
8.6	0.0
8.7	0.0
8.8	0.0
8.9	0.0
9.0	0.0
#Run 51
5.0	0.5796954795504226
5.1	0.48170532923224063
5.2	0.4002875879655706
5.3	0.332637908182465
5.4	0.2764267800410067
5.5	0.22971907661082433
5.6	0.1914789889563463
5.7	0.16063237464404778
5.8	0.1352831763618814
5.9	0.11574749119166196
6.0	0.10384807254938919
6.1	0.08761068909828018
6.2	0.07184049301225054
6.3	0.0577407112748665
6.4	0.048405008588921536
6.5	0.041378679151627115
6.6	0.0345784196906217
6.7	0.03387977613782446
6.8	0.0320272978059956
6.9	0.02935115438631161
7.0	0.02747411053772436
7.1	0.01998090549110452
7.2	0.015713063613153656
7.300000000000001	0.012604933836165838
7.4	0.010494713050935705
7.5	0.00796280160459184
7.6	0.0055683498484357784
7.7	0.003946409102196096
7.800000000000001	0.003525864287208437
7.9	0.0027753649335786105
8.0	0.001569412187327593
8.1	5.491338753858381E-4
8.2	1.0568950849405323E-4
8.3	2.9562678266824688E-6
8.4	0.0
8.5	0.0
8.6	0.0
8.7	0.0
8.8	0.0
8.9	0.0
9.0	0.0
#Run 52
5.0	0.5796954795504226
5.1	0.48170532923224063
5.2	0.4002875879655706
5.3	0.332637908182465
5.4	0.2764267800410067
5.5	0.22971907661082433
5.6	0.1914789889563463
5.7	0.16063237464404778
5.8	0.1352831763618814
5.9	0.11574749119166196
6.0	0.10384807254938919
6.1	0.08761068909828018
6.2	0.07184049301225054
6.3	0.0577407112748665
6.4	0.048405008588921536
6.5	0.04354861572991582
6.6	0.03692282036558893
6.7	0.036574757768183974
6.8	0.0350143465431181
6.9	0.03278805915304785
7.0	0.030959981456813383
7.1	0.023505100647180498
7.2	0.019044456710485304
7.300000000000001	0.014376116406950227
7.4	0.010657004100440117
7.5	0.007357525379066763
7.6	0.004895193040599386
7.7	0.003390499801814867
7.800000000000001	0.0031256505387201967
7.9	0.0026073119407250497
8.0	0.001521450254129734
8.1	5.491338753858381E-4
8.2	1.0568950849405323E-4
8.3	2.9562678266824688E-6
8.4	0.0
8.5	0.0
8.6	0.0
8.7	0.0
8.8	0.0
8.9	0.0
9.0	0.0
#Run 53
5.0	0.5796954795504226
5.1	0.48170532923224063
5.2	0.4002875879655706
5.3	0.332637908182465
5.4	0.2764267800410067
5.5	0.22971907661082433
5.6	0.19090724114220933
5.7	0.15865580136099192
5.8	0.13187102774684656
5.9	0.10950103745354235
6.0	0.09370433349943166
6.1	0.07543115586145392
6.2	0.06312853851772264
6.3	0.0528673576366715
6.4	0.044816236100893664
6.5	0.07159802386032389
6.6	0.059216320032152256
6.7	0.05315422640748407
6.8	0.04566562871583969
6.9	0.038172395497293905
7.0	0.03227084091070186
7.1	0.022365274129044314
7.2	0.01854560635375192
7.300000000000001	0.015184450882843082
7.4	0.011203279282382734
7.5	0.008069349495157823
7.6	0.005603170382753109
7.7	0.0036558640479452307
7.800000000000001	0.0022914894175613807
7.9	0.001634409625104425
8.0	7.273544446812488E-4
8.1	0.0
8.2	0.0
8.3	0.0
8.4	0.0
8.5	0.0
8.6	0.0
8.7	0.0
8.8	0.0
8.9	0.0
9.0	0.0
#Run 54
5.0	0.5796954795504226
5.1	0.48170532923224063
5.2	0.4002875879655706
5.3	0.332637908182465
5.4	0.2764267800410067
5.5	0.22971907661082433
5.6	0.19090724114220933
5.7	0.15865580136099192
5.8	0.13187102774684656
5.9	0.10950103745354235
6.0	0.09370433349943166
6.1	0.07543115586145392
6.2	0.06312853851772264
6.3	0.0528673576366715
6.4	0.044816236100893664
6.5	0.07376796043861261
6.6	0.06156072070711949
6.7	0.05584920803784359
6.8	0.048652677452962194
6.9	0.04160930026403015
7.0	0.035756711829790885
7.1	0.025889469285120294
7.2	0.021876999451083567
7.300000000000001	0.01695563345362747
7.4	0.011365570331887146
7.5	0.007464073269632746
7.6	0.004930013574916716
7.7	0.0030999547475640014
7.800000000000001	0.0018912756690731404
7.9	0.0014663566322508643
8.0	6.793925114833897E-4
8.1	0.0
8.2	0.0
8.3	0.0
8.4	0.0
8.5	0.0
8.6	0.0
8.7	0.0
8.8	0.0
8.9	0.0
9.0	0.0
#Run 55
5.0	0.5796954795504226
5.1	0.48170532923224063
5.2	0.4002875879655706
5.3	0.332637908182465
5.4	0.2764267800410067
5.5	0.22971907661082433
5.6	0.19090724114220933
5.7	0.15865580136099192
5.8	0.13187102774684656
5.9	0.10950103745354235
6.0	0.09370433349943166
6.1	0.07543115586145392
6.2	0.06312853851772264
6.3	0.0528673576366715
6.4	0.044816236100893664
6.5	0.07159802386032389
6.6	0.059216320032152256
6.7	0.05315422640748407
6.8	0.04566562871583969
6.9	0.038172395497293905
7.0	0.03227084091070186
7.1	0.022365274129044314
7.2	0.01854560635375192
7.300000000000001	0.015184450882843082
7.4	0.011203279282382734
7.5	0.008069349495157823
7.6	0.005603170382753109
7.7	0.0036558640479452307
7.800000000000001	0.0022914894175613807
7.9	0.001634409625104425
8.0	7.273544446812488E-4
8.1	0.0
8.2	0.0
8.3	0.0
8.4	0.0
8.5	0.0
8.6	0.0
8.7	0.0
8.8	0.0
8.9	0.0
9.0	0.0
#Run 56
5.0	0.5796954795504226
5.1	0.48170532923224063
5.2	0.4002875879655706
5.3	0.332637908182465
5.4	0.2764267800410067
5.5	0.22971907661082433
5.6	0.19090724114220933
5.7	0.15865580136099192
5.8	0.13187102774684656
5.9	0.10950103745354235
6.0	0.09370433349943166
6.1	0.07543115586145392
6.2	0.06312853851772264
6.3	0.0528673576366715
6.4	0.044816236100893664
6.5	0.07376796043861261
6.6	0.06156072070711949
6.7	0.05584920803784359
6.8	0.048652677452962194
6.9	0.04160930026403015
7.0	0.035756711829790885
7.1	0.025889469285120294
7.2	0.021876999451083567
7.300000000000001	0.01695563345362747
7.4	0.011365570331887146
7.5	0.007464073269632746
7.6	0.004930013574916716
7.7	0.0030999547475640014
7.800000000000001	0.0018912756690731404
7.9	0.0014663566322508643
8.0	6.793925114833897E-4
8.1	0.0
8.2	0.0
8.3	0.0
8.4	0.0
8.5	0.0
8.6	0.0
8.7	0.0
8.8	0.0
8.9	0.0
9.0	0.0
#Run 57
5.0	0.5796954795504226
5.1	0.48170532923224063
5.2	0.4002875879655706
5.3	0.332637908182465
5.4	0.2796854357064004
5.5	0.2395236387161869
5.6	0.20700020096514246
5.7	0.1760847437474253
5.8	0.15091976097438303
5.9	0.12728645778171943
6.0	0.10620210061772656
6.1	0.0850046033545925
6.2	0.0737885919018758
6.3	0.06611175838645791
6.4	0.06126418991109207
6.5	0.06339953540445317
6.6	0.056186379390609456
6.7	0.046504875500836866
6.8	0.04273295106914193
6.9	0.03594830380376602
7.0	0.027039711386382278
7.1	0.016185566292958028
7.2	0.012493336408360778
7.300000000000001	0.010336505117253493
7.4	0.008465072980246074
7.5	0.006405318339009615
7.6	0.004924429530207766
7.7	0.003691925895814621
7.800000000000001	0.003059854806809279
7.9	0.002106533672308461
8.0	0.0011165155891176785
8.1	4.578471547302276E-4
8.2	1.6269485783471E-4
8.3	3.8115618038053024E-5
8.4	5.395309429990259E-6
8.5	0.0
8.6	0.0
8.7	0.0
8.8	0.0
8.9	0.0
9.0	0.0
#Run 58
5.0	0.5796954795504226
5.1	0.48170532923224063
5.2	0.4002875879655706
5.3	0.332637908182465
5.4	0.2796854357064004
5.5	0.2395236387161869
5.6	0.20700020096514246
5.7	0.1760847437474253
5.8	0.15091976097438303
5.9	0.12728645778171943
6.0	0.10620210061772656
6.1	0.0850046033545925
6.2	0.0737885919018758
6.3	0.06633915738226226
6.4	0.06205012549570782
6.5	0.06949322744047458
6.6	0.06341008662472748
6.7	0.053716668362981744
6.8	0.04788715810221462
6.9	0.04018525721980311
7.0	0.031740899348208104
7.1	0.02063467305368319
7.2	0.014777727906763722
7.300000000000001	0.011090820743468278
7.4	0.00808273292193362
7.5	0.005750565575420016
7.6	0.004332741584820404
7.7	0.0032635482431558668
7.800000000000001	0.002781327479743809
7.9	0.0018767531604168516
8.0	0.0010202908449372227
8.1	4.238927063118897E-4
8.2	1.6269485783471E-4
8.3	3.8115618038053024E-5
8.4	5.395309429990259E-6
8.5	0.0
8.6	0.0
8.7	0.0
8.8	0.0
8.9	0.0
9.0	0.0
#Run 59
5.0	0.5796954795504226
5.1	0.48170532923224063
5.2	0.4002875879655706
5.3	0.332637908182465
5.4	0.2772355343222063
5.5	0.23215243637393435
5.6	0.19545642529753515
5.7	0.16558028536154948
5.8	0.1426740968578849
5.9	0.12111221676234231
6.0	0.1017695966302045
6.1	0.08155796796005105
6.2	0.07035560715373072
6.3	0.06308399663906447
6.4	0.05939672475396937
6.5	0.06259966902467409
6.6	0.055485520214229464
6.7	0.044171888037236956
6.8	0.03807691567235541
6.9	0.03054227483044269
7.0	0.023537160488765595
7.1	0.015223038375748732
7.2	0.012960578115571513
7.300000000000001	0.010888546344913218
7.4	0.008443119150235094
7.5	0.005854434367927815
7.6	0.003955613448505913
7.7	0.002753593629595947
7.800000000000001	0.002757580052290762
7.9	0.0027576240162597992
8.0	0.002285063496220793
8.1	0.0014336557429812469
8.2	5.939367355871077E-4
8.3	1.433346269001312E-4
8.4	7.91978960324822E-6
8.5	0.0
8.6	0.0
8.7	0.0
8.8	0.0
8.9	0.0
9.0	0.0
#Run 60
5.0	0.5796954795504226
5.1	0.48170532923224063
5.2	0.4002875879655706
5.3	0.332637908182465
5.4	0.2772355343222063
5.5	0.23215243637393435
5.6	0.19545642529753515
5.7	0.16558028536154948
5.8	0.1426740968578849
5.9	0.12111221676234231
6.0	0.1017695966302045
6.1	0.08155796796005105
6.2	0.07035560715373072
6.3	0.06331139563486883
6.4	0.06018266033858512
6.5	0.0686933610606955
6.6	0.06270922744834748
6.7	0.05138368089938184
6.8	0.0432311227054281
6.9	0.03477922824647978
7.0	0.028238348450591425
7.1	0.019672145136473893
7.2	0.015244969613974457
7.300000000000001	0.011642861971128004
7.4	0.00806077909192264
7.5	0.005199681604338216
7.6	0.003363925503118551
7.7	0.002325215976937193
7.800000000000001	0.002479052725225292
7.9	0.0025278435043681897
8.0	0.0021888387520403374
8.1	0.001399701294562909
8.2	5.939367355871077E-4
8.3	1.433346269001312E-4
8.4	7.91978960324822E-6
8.5	0.0
8.6	0.0
8.7	0.0
8.8	0.0
8.9	0.0
9.0	0.0
#Run 61
5.0	0.5796954795504226
5.1	0.48170532923224063
5.2	0.4002875879655706
5.3	0.332637908182465
5.4	0.2764267800410067
5.5	0.22971907661082433
5.6	0.19090724114220933
5.7	0.15865580136099192
5.8	0.13187102774684656
5.9	0.10950103745354235
6.0	0.09412429499176869
6.1	0.07707469581384105
6.2	0.06672422350854766
6.3	0.05947306069643714
6.4	0.05583531380544571
6.5	0.0904038555681917
6.6	0.07670982780083374
6.7	0.05999197233961916
6.8	0.04904413073677626
6.9	0.03624442204770579
7.0	0.02918291264191551
7.1	0.02091889510897143
7.2	0.01750724509040711
7.300000000000001	0.012933639519593648
7.4	0.009183218022796435
7.5	0.006348290790000904
7.6	0.00451662383668804
7.7	0.0029309442472542687
7.800000000000001	0.0017576647261033176
7.9	0.0013533354624421868
8.0	0.0010307570468914792
8.1	4.342738785545257E-4
8.2	3.329711988557484E-4
8.3	0.0
8.4	0.0
8.5	0.0
8.6	0.0
8.7	0.0
8.8	0.0
8.9	0.0
9.0	0.0
#Run 62
5.0	0.5796954795504226
5.1	0.48170532923224063
5.2	0.4002875879655706
5.3	0.332637908182465
5.4	0.2764267800410067
5.5	0.22971907661082433
5.6	0.19090724114220933
5.7	0.15865580136099192
5.8	0.13187102774684656
5.9	0.10950103745354235
6.0	0.09412429499176869
6.1	0.07707469581384105
6.2	0.06672422350854766
6.3	0.0597004596922415
6.4	0.056621249390061454
6.5	0.09649754760421309
6.6	0.08393353503495175
6.7	0.06720376520176405
6.8	0.05419833776984895
6.9	0.040481375463742884
7.0	0.033884100603741335
7.1	0.025368001869696587
7.2	0.019791636588810054
7.300000000000001	0.013687955145808433
7.4	0.008800877964483981
7.5	0.005693538026411304
7.6	0.003924935891300678
7.7	0.0025025665945955147
7.800000000000001	0.0014791373990378474
7.9	0.0011235549505505774
8.0	9.345323027110233E-4
8.1	4.003194301361878E-4
8.2	3.329711988557484E-4
8.3	0.0
8.4	0.0
8.5	0.0
8.6	0.0
8.7	0.0
8.8	0.0
8.9	0.0
9.0	0.0
#Run 63
5.0	0.5796954795504226
5.1	0.48170532923224063
5.2	0.4002875879655706
5.3	0.332637908182465
5.4	0.2764267800410067
5.5	0.22971907661082433
5.6	0.19090724114220933
5.7	0.15865580136099192
5.8	0.13187102774684656
5.9	0.10950103745354235
6.0	0.09412429499176869
6.1	0.07707469581384105
6.2	0.06672422350854766
6.3	0.05947306069643714
6.4	0.05583531380544571
6.5	0.0904038555681917
6.6	0.07670982780083374
6.7	0.05999197233961916
6.8	0.04904413073677626
6.9	0.03624442204770579
7.0	0.02918291264191551
7.1	0.02091889510897143
7.2	0.01750724509040711
7.300000000000001	0.012933639519593648
7.4	0.009183218022796435
7.5	0.006348290790000904
7.6	0.00451662383668804
7.7	0.0029309442472542687
7.800000000000001	0.0017576647261033176
7.9	0.0013533354624421868
8.0	0.0010307570468914792
8.1	4.342738785545257E-4
8.2	3.329711988557484E-4
8.3	0.0
8.4	0.0
8.5	0.0
8.6	0.0
8.7	0.0
8.8	0.0
8.9	0.0
9.0	0.0
#Run 64
5.0	0.5796954795504226
5.1	0.48170532923224063
5.2	0.4002875879655706
5.3	0.332637908182465
5.4	0.2764267800410067
5.5	0.22971907661082433
5.6	0.19090724114220933
5.7	0.15865580136099192
5.8	0.13187102774684656
5.9	0.10950103745354235
6.0	0.09412429499176869
6.1	0.07707469581384105
6.2	0.06672422350854766
6.3	0.0597004596922415
6.4	0.056621249390061454
6.5	0.09649754760421309
6.6	0.08393353503495175
6.7	0.06720376520176405
6.8	0.05419833776984895
6.9	0.040481375463742884
7.0	0.033884100603741335
7.1	0.025368001869696587
7.2	0.019791636588810054
7.300000000000001	0.013687955145808433
7.4	0.008800877964483981
7.5	0.005693538026411304
7.6	0.003924935891300678
7.7	0.0025025665945955147
7.800000000000001	0.0014791373990378474
7.9	0.0011235549505505774
8.0	9.345323027110233E-4
8.1	4.003194301361878E-4
8.2	3.329711988557484E-4
8.3	0.0
8.4	0.0
8.5	0.0
8.6	0.0
8.7	0.0
8.8	0.0
8.9	0.0
9.0	0.0
#Run 65
5.0	0.5796954795504226
5.1	0.48170532923224063
5.2	0.4002875879655706
5.3	0.332637908182465
5.4	0.2764267800410067
5.5	0.22971907661082433
5.6	0.1919757129592403
5.7	0.1623495852199288
5.8	0.13824758842716883
5.9	0.11738653181511767
6.0	0.10248665714528285
6.1	0.08454569224402927
6.2	0.06955074951324126
6.3	0.05685197910657283
6.4	0.04822721417617974
6.5	0.04124753645492691
6.6	0.03403965577773392
6.7	0.032532981468181885
6.8	0.029920948528611557
6.9	0.02767880131533841
7.0	0.02686438720014788
7.1	0.02015653696037683
7.2	0.015585722264601866
7.300000000000001	0.011852381693864045
7.4	0.009851775554763848
7.5	0.008042508238866548
7.6	0.006326655162580751
7.7	0.00465666084017768
7.800000000000001	0.0034759468373391214
7.9	0.002071295143368678
8.0	9.053721143588945E-4
8.1	2.619463154562387E-4
8.2	4.646183836178954E-5
8.3	1.9639506161654E-6
8.4	0.0
8.5	0.0
8.6	0.0
8.7	0.0
8.8	0.0
8.9	0.0
9.0	0.0
#Run 66
5.0	0.5796954795504226
5.1	0.48170532923224063
5.2	0.4002875879655706
5.3	0.332637908182465
5.4	0.2764267800410067
5.5	0.22971907661082433
5.6	0.1919757129592403
5.7	0.1623495852199288
5.8	0.13824758842716883
5.9	0.11738653181511767
6.0	0.10248665714528285
6.1	0.08454569224402927
6.2	0.06955074951324126
6.3	0.05685197910657283
6.4	0.04822721417617974
6.5	0.04341747303321562
6.6	0.036384056452701166
6.7	0.0352279630985414
6.8	0.03290799726573406
6.9	0.03111570608207465
7.0	0.030350258119236903
7.1	0.02368073211645281
7.2	0.01891711536193352
7.300000000000001	0.013623564264648433
7.4	0.01001406660426826
7.5	0.007437232013341471
7.6	0.005653498354744359
7.7	0.004100751539796451
7.800000000000001	0.0030757330888508813
7.9	0.0019032421505151174
8.0	8.574101811610355E-4
8.1	2.619463154562387E-4
8.2	4.646183836178954E-5
8.3	1.9639506161654E-6
8.4	0.0
8.5	0.0
8.6	0.0
8.7	0.0
8.8	0.0
8.9	0.0
9.0	0.0
#Run 67
5.0	0.5796954795504226
5.1	0.48170532923224063
5.2	0.4002875879655706
5.3	0.332637908182465
5.4	0.2764267800410067
5.5	0.22971907661082433
5.6	0.1914789889563463
5.7	0.16063237464404778
5.8	0.1352831763618814
5.9	0.11574749119166196
6.0	0.10384807254938919
6.1	0.08761068909828018
6.2	0.07184049301225054
6.3	0.0577407112748665
6.4	0.048405008588921536
6.5	0.041378679151627115
6.6	0.0345784196906217
6.7	0.03387977613782446
6.8	0.0320272978059956
6.9	0.02935115438631161
7.0	0.02747411053772436
7.1	0.01998090549110452
7.2	0.015713063613153656
7.300000000000001	0.012604933836165838
7.4	0.010494713050935705
7.5	0.00796280160459184
7.6	0.0055683498484357784
7.7	0.003946409102196096
7.800000000000001	0.003525864287208437
7.9	0.0027753649335786105
8.0	0.001569412187327593
8.1	5.491338753858381E-4
8.2	1.0568950849405323E-4
8.3	2.9562678266824688E-6
8.4	0.0
8.5	0.0
8.6	0.0
8.7	0.0
8.8	0.0
8.9	0.0
9.0	0.0
#Run 68
5.0	0.5796954795504226
5.1	0.48170532923224063
5.2	0.4002875879655706
5.3	0.332637908182465
5.4	0.2764267800410067
5.5	0.22971907661082433
5.6	0.1914789889563463
5.7	0.16063237464404778
5.8	0.1352831763618814
5.9	0.11574749119166196
6.0	0.10384807254938919
6.1	0.08761068909828018
6.2	0.07184049301225054
6.3	0.0577407112748665
6.4	0.048405008588921536
6.5	0.04354861572991582
6.6	0.03692282036558893
6.7	0.036574757768183974
6.8	0.0350143465431181
6.9	0.03278805915304785
7.0	0.030959981456813383
7.1	0.023505100647180498
7.2	0.019044456710485304
7.300000000000001	0.014376116406950227
7.4	0.010657004100440117
7.5	0.007357525379066763
7.6	0.004895193040599386
7.7	0.003390499801814867
7.800000000000001	0.0031256505387201967
7.9	0.0026073119407250497
8.0	0.001521450254129734
8.1	5.491338753858381E-4
8.2	1.0568950849405323E-4
8.3	2.9562678266824688E-6
8.4	0.0
8.5	0.0
8.6	0.0
8.7	0.0
8.8	0.0
8.9	0.0
9.0	0.0
#Run 69
5.0	0.5796954795504226
5.1	0.48170532923224063
5.2	0.4002875879655706
5.3	0.332637908182465
5.4	0.2764267800410067
5.5	0.22971907661082433
5.6	0.19090724114220933
5.7	0.15865580136099192
5.8	0.13187102774684656
5.9	0.10950103745354235
6.0	0.09370433349943166
6.1	0.07543115586145392
6.2	0.06312853851772264
6.3	0.0528673576366715
6.4	0.044816236100893664
6.5	0.07222974501219037
6.6	0.059741762799714035
6.7	0.053591270665329885
6.8	0.0460291462958843
6.9	0.03847475625053392
7.0	0.032522333631050226
7.1	0.022574456662526138
7.2	0.018719596806649568
7.300000000000001	0.015329169838081094
7.4	0.011323651266341541
7.5	0.008169470550470511
7.6	0.005686447449286769
7.7	0.003725130894851636
7.800000000000001	0.002234544740826716
7.9	0.0015870451060393776
8.0	6.879583536872409E-4
8.1	0.0
8.2	0.0
8.3	0.0
8.4	0.0
8.5	0.0
8.6	0.0
8.7	0.0
8.8	0.0
8.9	0.0
9.0	0.0
#Run 70
5.0	0.5796954795504226
5.1	0.48170532923224063
5.2	0.4002875879655706
5.3	0.332637908182465
5.4	0.2764267800410067
5.5	0.22971907661082433
5.6	0.19090724114220933
5.7	0.15865580136099192
5.8	0.13187102774684656
5.9	0.10950103745354235
6.0	0.09370433349943166
6.1	0.07543115586145392
6.2	0.06312853851772264
6.3	0.0528673576366715
6.4	0.044816236100893664
6.5	0.07439968159047908
6.6	0.06208616347468128
6.7	0.0562862522956894
6.8	0.049016195033006804
6.9	0.04191166101727016
7.0	0.03600820455013924
7.1	0.026098651818602117
7.2	0.022050989903981216
7.300000000000001	0.017100352408865482
7.4	0.011485942315845954
7.5	0.007564194324945434
7.6	0.005013290641450376
7.7	0.0031692215944704068
7.800000000000001	0.001834330992338476
7.9	0.001418992113185817
8.0	6.399964204893818E-4
8.1	0.0
8.2	0.0
8.3	0.0
8.4	0.0
8.5	0.0
8.6	0.0
8.7	0.0
8.8	0.0
8.9	0.0
9.0	0.0
#Run 71
5.0	0.5796954795504226
5.1	0.48170532923224063
5.2	0.4002875879655706
5.3	0.332637908182465
5.4	0.2764267800410067
5.5	0.22971907661082433
5.6	0.19090724114220933
5.7	0.15865580136099192
5.8	0.13187102774684656
5.9	0.10950103745354235
6.0	0.09370433349943166
6.1	0.07543115586145392
6.2	0.06312853851772264
6.3	0.0528673576366715
6.4	0.044816236100893664
6.5	0.07222974501219037
6.6	0.059741762799714035
6.7	0.053591270665329885
6.8	0.0460291462958843
6.9	0.03847475625053392
7.0	0.032522333631050226
7.1	0.022574456662526138
7.2	0.018719596806649568
7.300000000000001	0.015329169838081094
7.4	0.011323651266341541
7.5	0.008169470550470511
7.6	0.005686447449286769
7.7	0.003725130894851636
7.800000000000001	0.002234544740826716
7.9	0.0015870451060393776
8.0	6.879583536872409E-4
8.1	0.0
8.2	0.0
8.3	0.0
8.4	0.0
8.5	0.0
8.6	0.0
8.7	0.0
8.8	0.0
8.9	0.0
9.0	0.0
#Run 72
5.0	0.5796954795504226
5.1	0.48170532923224063
5.2	0.4002875879655706
5.3	0.332637908182465
5.4	0.2764267800410067
5.5	0.22971907661082433
5.6	0.19090724114220933
5.7	0.15865580136099192
5.8	0.13187102774684656
5.9	0.10950103745354235
6.0	0.09370433349943166
6.1	0.07543115586145392
6.2	0.06312853851772264
6.3	0.0528673576366715
6.4	0.044816236100893664
6.5	0.07439968159047908
6.6	0.06208616347468128
6.7	0.0562862522956894
6.8	0.049016195033006804
6.9	0.04191166101727016
7.0	0.03600820455013924
7.1	0.026098651818602117
7.2	0.022050989903981216
7.300000000000001	0.017100352408865482
7.4	0.011485942315845954
7.5	0.007564194324945434
7.6	0.005013290641450376
7.7	0.0031692215944704068
7.800000000000001	0.001834330992338476
7.9	0.001418992113185817
8.0	6.399964204893818E-4
8.1	0.0
8.2	0.0
8.3	0.0
8.4	0.0
8.5	0.0
8.6	0.0
8.7	0.0
8.8	0.0
8.9	0.0
9.0	0.0
#Run 73
5.0	0.5796954795504226
5.1	0.48170532923224063
5.2	0.4002875879655706
5.3	0.332637908182465
5.4	0.2796854357064004
5.5	0.2395236387161869
5.6	0.20700789175038325
5.7	0.17612074842557504
5.8	0.15100393028918535
5.9	0.12738471291750783
6.0	0.10625937538569132
6.1	0.08502127498317968
6.2	0.0737885919018758
6.3	0.06611175838645791
6.4	0.06125130619440709
6.5	0.06335209882883676
6.6	0.056069056519047505
6.7	0.04632309136928496
6.8	0.04254340741897394
6.9	0.03583914060791869
7.0	0.026995931274754144
7.1	0.01616593651172614
7.2	0.012553888683648075
7.300000000000001	0.010507131614608596
7.4	0.008767916126741205
7.5	0.00670622244981859
7.6	0.005024299467355827
7.7	0.003646637145730281
7.800000000000001	0.0030256566500459032
7.9	0.002134143294172371
8.0	0.0011266699112897438
8.1	4.3496179535637027E-4
8.2	1.4088160226306E-4
8.3	2.970260208584045E-5
8.4	3.103707238113769E-6
8.5	0.0
8.6	0.0
8.7	0.0
8.8	0.0
8.9	0.0
9.0	0.0
#Run 74
5.0	0.5796954795504226
5.1	0.48170532923224063
5.2	0.4002875879655706
5.3	0.332637908182465
5.4	0.2796854357064004
5.5	0.2395236387161869
5.6	0.20700789175038325
5.7	0.17612074842557504
5.8	0.15100393028918535
5.9	0.12738471291750783
6.0	0.10625937538569132
6.1	0.08502127498317968
6.2	0.0737885919018758
6.3	0.06633915738226226
6.4	0.06203724177902284
6.5	0.06944579086485815
6.6	0.06329276375316553
6.7	0.05353488423142984
6.8	0.04769761445204662
6.9	0.04007609402395578
7.0	0.031697119236579974
7.1	0.0206150432724513
7.2	0.014838280182051019
7.300000000000001	0.011261447240823381
7.4	0.008385576068428751
7.5	0.006051469686228991
7.6	0.004432611521968466
7.7	0.003218259493071527
7.800000000000001	0.0027471293229804333
7.9	0.0019043627822807618
8.0	0.001030445167109288
8.1	4.010073469380324E-4
8.2	1.4088160226306E-4
8.3	2.970260208584045E-5
8.4	3.103707238113769E-6
8.5	0.0
8.6	0.0
8.7	0.0
8.8	0.0
8.9	0.0
9.0	0.0
#Run 75
5.0	0.5796954795504226
5.1	0.48170532923224063
5.2	0.4002875879655706
5.3	0.332637908182465
5.4	0.2772355343222063
5.5	0.23215243637393435
5.6	0.19545642529753515
5.7	0.16558028536154948
5.8	0.1426740968578849
5.9	0.12111221676234231
6.0	0.1017695966302045
6.1	0.08155796796005105
6.2	0.07035560715373072
6.3	0.06308399663906447
6.4	0.05939672475396937
6.5	0.06259966902467409
6.6	0.055485520214229464
6.7	0.044171888037236956
6.8	0.03807691567235541
6.9	0.03054227483044269
7.0	0.023537160488765595
7.1	0.015223038375748732
7.2	0.012960578115571513
7.300000000000001	0.010888546344913218
7.4	0.008443119150235094
7.5	0.005854434367927815
7.6	0.003955613448505913
7.7	0.002753593629595947
7.800000000000001	0.0027575800522907615
7.9	0.0027576240162597992
8.0	0.002285063496220793
8.1	0.0014336557429812469
8.2	5.939367355871077E-4
8.3	1.433346269001312E-4
8.4	7.91978960324822E-6
8.5	0.0
8.6	0.0
8.7	0.0
8.8	0.0
8.9	0.0
9.0	0.0
#Run 76
5.0	0.5796954795504226
5.1	0.48170532923224063
5.2	0.4002875879655706
5.3	0.332637908182465
5.4	0.2772355343222063
5.5	0.23215243637393435
5.6	0.19545642529753515
5.7	0.16558028536154948
5.8	0.1426740968578849
5.9	0.12111221676234231
6.0	0.1017695966302045
6.1	0.08155796796005105
6.2	0.07035560715373072
6.3	0.06331139563486883
6.4	0.06018266033858512
6.5	0.0686933610606955
6.6	0.06270922744834748
6.7	0.05138368089938184
6.8	0.0432311227054281
6.9	0.03477922824647978
7.0	0.028238348450591425
7.1	0.019672145136473893
7.2	0.015244969613974457
7.300000000000001	0.011642861971128004
7.4	0.00806077909192264
7.5	0.005199681604338216
7.6	0.003363925503118551
7.7	0.002325215976937193
7.800000000000001	0.0024790527252252915
7.9	0.0025278435043681897
8.0	0.0021888387520403374
8.1	0.001399701294562909
8.2	5.939367355871077E-4
8.3	1.433346269001312E-4
8.4	7.91978960324822E-6
8.5	0.0
8.6	0.0
8.7	0.0
8.8	0.0
8.9	0.0
9.0	0.0
#Run 77
5.0	0.5796954795504226
5.1	0.48170532923224063
5.2	0.4002875879655706
5.3	0.332637908182465
5.4	0.2764267800410067
5.5	0.22971907661082433
5.6	0.19090724114220933
5.7	0.15865580136099192
5.8	0.13187102774684656
5.9	0.10950103745354235
6.0	0.09412429499176869
6.1	0.07707469581384105
6.2	0.06672422350854766
6.3	0.05947306069643714
6.4	0.05583531380544571
6.5	0.0912176401695555
6.6	0.07738670434972938
6.7	0.06055497373049956
6.8	0.049512414896791
6.9	0.0366339238465873
7.0	0.029506886127004462
7.1	0.021188364516666294
7.2	0.017731379981148192
7.300000000000001	0.013120066801552137
7.4	0.009338281481874648
7.5	0.006477266957484022
7.6	0.004623901540136169
7.7	0.003020173954429518
7.800000000000001	0.001717324433307863
7.9	0.0013197818683792538
8.0	0.0010028483829596455
8.1	4.1106046299614667E-4
8.2	3.136631207907376E-4
8.3	0.0
8.4	0.0
8.5	0.0
8.6	0.0
8.7	0.0
8.8	0.0
8.9	0.0
9.0	0.0
#Run 78
5.0	0.5796954795504226
5.1	0.48170532923224063
5.2	0.4002875879655706
5.3	0.332637908182465
5.4	0.2764267800410067
5.5	0.22971907661082433
5.6	0.19090724114220933
5.7	0.15865580136099192
5.8	0.13187102774684656
5.9	0.10950103745354235
6.0	0.09412429499176869
6.1	0.07707469581384105
6.2	0.06672422350854766
6.3	0.0597004596922415
6.4	0.056621249390061454
6.5	0.0973113322055769
6.6	0.0846104115838474
6.7	0.06776676659264445
6.8	0.054666621929863685
6.9	0.04087087726262438
7.0	0.034208074088830295
7.1	0.025637471277391452
7.2	0.020015771479551137
7.300000000000001	0.01387438242776692
7.4	0.008955941423562194
7.5	0.005822514193894423
7.6	0.004032213594748807
7.7	0.002591796301770764
7.800000000000001	0.0014387971062423928
7.9	0.0010900013564876443
8.0	9.066236387791898E-4
8.1	3.771060145778088E-4
8.2	3.136631207907376E-4
8.3	0.0
8.4	0.0
8.5	0.0
8.6	0.0
8.7	0.0
8.8	0.0
8.9	0.0
9.0	0.0
#Run 79
5.0	0.5796954795504226
5.1	0.48170532923224063
5.2	0.4002875879655706
5.3	0.332637908182465
5.4	0.2764267800410067
5.5	0.22971907661082433
5.6	0.19090724114220933
5.7	0.15865580136099192
5.8	0.13187102774684656
5.9	0.10950103745354235
6.0	0.09412429499176869
6.1	0.07707469581384105
6.2	0.06672422350854766
6.3	0.05947306069643714
6.4	0.05583531380544571
6.5	0.0912176401695555
6.6	0.07738670434972938
6.7	0.06055497373049956
6.8	0.049512414896791
6.9	0.0366339238465873
7.0	0.029506886127004462
7.1	0.021188364516666294
7.2	0.017731379981148192
7.300000000000001	0.013120066801552137
7.4	0.009338281481874648
7.5	0.006477266957484022
7.6	0.004623901540136169
7.7	0.003020173954429518
7.800000000000001	0.001717324433307863
7.9	0.0013197818683792538
8.0	0.0010028483829596455
8.1	4.1106046299614667E-4
8.2	3.136631207907376E-4
8.3	0.0
8.4	0.0
8.5	0.0
8.6	0.0
8.7	0.0
8.8	0.0
8.9	0.0
9.0	0.0
#Run 80
5.0	0.5796954795504226
5.1	0.48170532923224063
5.2	0.4002875879655706
5.3	0.332637908182465
5.4	0.2764267800410067
5.5	0.22971907661082433
5.6	0.19090724114220933
5.7	0.15865580136099192
5.8	0.13187102774684656
5.9	0.10950103745354235
6.0	0.09412429499176869
6.1	0.07707469581384105
6.2	0.06672422350854766
6.3	0.0597004596922415
6.4	0.056621249390061454
6.5	0.0973113322055769
6.6	0.0846104115838474
6.7	0.06776676659264445
6.8	0.054666621929863685
6.9	0.04087087726262438
7.0	0.034208074088830295
7.1	0.025637471277391452
7.2	0.020015771479551137
7.300000000000001	0.01387438242776692
7.4	0.008955941423562194
7.5	0.005822514193894423
7.6	0.004032213594748807
7.7	0.002591796301770764
7.800000000000001	0.0014387971062423928
7.9	0.0010900013564876443
8.0	9.066236387791898E-4
8.1	3.771060145778088E-4
8.2	3.136631207907376E-4
8.3	0.0
8.4	0.0
8.5	0.0
8.6	0.0
8.7	0.0
8.8	0.0
8.9	0.0
9.0	0.0
#Run 81
5.0	0.5796954795504226
5.1	0.48170532923224063
5.2	0.4002875879655706
5.3	0.332637908182465
5.4	0.2764267800410067
5.5	0.22971907661082433
5.6	0.1919757129592403
5.7	0.1623495852199288
5.8	0.13824758842716883
5.9	0.11737772207476574
6.0	0.10246299377250316
6.1	0.0845139529843992
6.2	0.06952949145717188
6.3	0.05684486931426464
6.4	0.04822721417617974
6.5	0.04124753645492691
6.6	0.03406127452828196
6.7	0.03262406082455287
6.8	0.030125623975977314
6.9	0.027922196035243475
7.0	0.027067064712840518
7.1	0.020314779324835656
7.2	0.015729406377209692
7.300000000000001	0.011830758159701117
7.4	0.009591294676726857
7.5	0.007654166595949048
7.6	0.006151854554928121
7.7	0.004694966535919049
7.800000000000001	0.0035619972268790315
7.9	0.0021001182600179445
8.0	9.259219211735034E-4
8.1	2.752822860384689E-4
8.2	5.105010358549558E-5
8.3	2.76926787827579E-6
8.4	0.0
8.5	0.0
8.6	0.0
8.7	0.0
8.8	0.0
8.9	0.0
9.0	0.0
#Run 82
5.0	0.5796954795504226
5.1	0.48170532923224063
5.2	0.4002875879655706
5.3	0.332637908182465
5.4	0.2764267800410067
5.5	0.22971907661082433
5.6	0.1919757129592403
5.7	0.1623495852199288
5.8	0.13824758842716883
5.9	0.11737772207476574
6.0	0.10246299377250316
6.1	0.0845139529843992
6.2	0.06952949145717188
6.3	0.05684486931426464
6.4	0.04822721417617974
6.5	0.04341747303321562
6.6	0.036405675203249194
6.7	0.03531904245491238
6.8	0.03311267271309982
6.9	0.03135910080197972
7.0	0.03055293563192954
7.1	0.023838974480911636
7.2	0.019060799474541344
7.300000000000001	0.013601940730485505
7.4	0.00975358572623127
7.5	0.007048890370423972
7.6	0.005478697747091728
7.7	0.00413905723553782
7.800000000000001	0.0031617834783907914
7.9	0.0019320652671643839
8.0	8.779599879756443E-4
8.1	2.752822860384689E-4
8.2	5.105010358549558E-5
8.3	2.76926787827579E-6
8.4	0.0
8.5	0.0
8.6	0.0
8.7	0.0
8.8	0.0
8.9	0.0
9.0	0.0
#Run 83
5.0	0.5796954795504226
5.1	0.48170532923224063
5.2	0.4002875879655706
5.3	0.332637908182465
5.4	0.2764267800410067
5.5	0.22971907661082433
5.6	0.1914789889563463
5.7	0.16063237464404778
5.8	0.1352831763618814
5.9	0.11574749119166196
6.0	0.10384807254938919
6.1	0.08761068909828018
6.2	0.07184049301225054
6.3	0.0577407112748665
6.4	0.048405008588921536
6.5	0.041378679151627115
6.6	0.0345784196906217
6.7	0.03387977613782446
6.8	0.0320272978059956
6.9	0.02935115438631161
7.0	0.02747411053772436
7.1	0.01998090549110452
7.2	0.015713063613153656
7.300000000000001	0.012604933836165838
7.4	0.010494713050935705
7.5	0.00796280160459184
7.6	0.0055683498484357784
7.7	0.003946409102196096
7.800000000000001	0.003525864287208437
7.9	0.0027753649335786105
8.0	0.001569412187327593
8.1	5.491338753858381E-4
8.2	1.0568950849405323E-4
8.3	2.9562678266824688E-6
8.4	0.0
8.5	0.0
8.6	0.0
8.7	0.0
8.8	0.0
8.9	0.0
9.0	0.0
#Run 84
5.0	0.5796954795504226
5.1	0.48170532923224063
5.2	0.4002875879655706
5.3	0.332637908182465
5.4	0.2764267800410067
5.5	0.22971907661082433
5.6	0.1914789889563463
5.7	0.16063237464404778
5.8	0.1352831763618814
5.9	0.11574749119166196
6.0	0.10384807254938919
6.1	0.08761068909828018
6.2	0.07184049301225054
6.3	0.0577407112748665
6.4	0.048405008588921536
6.5	0.04354861572991582
6.6	0.03692282036558893
6.7	0.036574757768183974
6.8	0.0350143465431181
6.9	0.03278805915304785
7.0	0.030959981456813383
7.1	0.023505100647180498
7.2	0.019044456710485304
7.300000000000001	0.014376116406950227
7.4	0.010657004100440117
7.5	0.007357525379066763
7.6	0.004895193040599386
7.7	0.003390499801814867
7.800000000000001	0.0031256505387201967
7.9	0.0026073119407250497
8.0	0.001521450254129734
8.1	5.491338753858381E-4
8.2	1.0568950849405323E-4
8.3	2.9562678266824688E-6
8.4	0.0
8.5	0.0
8.6	0.0
8.7	0.0
8.8	0.0
8.9	0.0
9.0	0.0
#Run 85
5.0	0.5796954795504226
5.1	0.48170532923224063
5.2	0.4002875879655706
5.3	0.332637908182465
5.4	0.2764267800410067
5.5	0.22971907661082433
5.6	0.19090724114220933
5.7	0.15865580136099192
5.8	0.13187102774684656
5.9	0.10950103745354235
6.0	0.09370433349943166
6.1	0.07543115586145392
6.2	0.06312853851772264
6.3	0.0528673576366715
6.4	0.044816236100893664
6.5	0.07084434452778278
6.6	0.058589436868315706
6.7	0.05263280770309062
6.8	0.04523193152794992
6.9	0.03781166188877808
7.0	0.03197079576411927
7.1	0.022115707446421724
7.2	0.018338025828672166
7.300000000000001	0.015011792922495278
7.4	0.011059668646172948
7.5	0.007949899370813517
7.6	0.005503816096869806
7.7	0.003573224752443722
7.800000000000001	0.0023303621361292553
7.9	0.0016667425440934534
8.0	7.542477953103203E-4
8.1	0.0
8.2	0.0
8.3	0.0
8.4	0.0
8.5	0.0
8.6	0.0
8.7	0.0
8.8	0.0
8.9	0.0
9.0	0.0
#Run 86
5.0	0.5796954795504226
5.1	0.48170532923224063
5.2	0.4002875879655706
5.3	0.332637908182465
5.4	0.2764267800410067
5.5	0.22971907661082433
5.6	0.19090724114220933
5.7	0.15865580136099192
5.8	0.13187102774684656
5.9	0.10950103745354235
6.0	0.09370433349943166
6.1	0.07543115586145392
6.2	0.06312853851772264
6.3	0.0528673576366715
6.4	0.044816236100893664
6.5	0.07301428110607149
6.6	0.06093383754328295
6.7	0.05532778933345013
6.8	0.048218980265072424
6.9	0.041248566655514324
7.0	0.03545666668320829
7.1	0.025639902602497704
7.2	0.021669418926003815
7.300000000000001	0.016782975493279666
7.4	0.011221959695677361
7.5	0.00734462314528844
7.6	0.004830659289033414
7.7	0.003017315452062493
7.800000000000001	0.0019301483876410152
7.9	0.0014986895512398928
8.0	7.062858621124612E-4
8.1	0.0
8.2	0.0
8.3	0.0
8.4	0.0
8.5	0.0
8.6	0.0
8.7	0.0
8.8	0.0
8.9	0.0
9.0	0.0
#Run 87
5.0	0.5796954795504226
5.1	0.48170532923224063
5.2	0.4002875879655706
5.3	0.332637908182465
5.4	0.2764267800410067
5.5	0.22971907661082433
5.6	0.19090724114220933
5.7	0.15865580136099192
5.8	0.13187102774684656
5.9	0.10950103745354235
6.0	0.09370433349943166
6.1	0.07543115586145392
6.2	0.06312853851772264
6.3	0.0528673576366715
6.4	0.044816236100893664
6.5	0.07084434452778278
6.6	0.058589436868315706
6.7	0.05263280770309062
6.8	0.04523193152794992
6.9	0.03781166188877808
7.0	0.03197079576411927
7.1	0.022115707446421724
7.2	0.018338025828672166
7.300000000000001	0.015011792922495278
7.4	0.011059668646172948
7.5	0.007949899370813517
7.6	0.005503816096869806
7.7	0.003573224752443722
7.800000000000001	0.0023303621361292553
7.9	0.0016667425440934534
8.0	7.542477953103203E-4
8.1	0.0
8.2	0.0
8.3	0.0
8.4	0.0
8.5	0.0
8.6	0.0
8.7	0.0
8.8	0.0
8.9	0.0
9.0	0.0
#Run 88
5.0	0.5796954795504226
5.1	0.48170532923224063
5.2	0.4002875879655706
5.3	0.332637908182465
5.4	0.2764267800410067
5.5	0.22971907661082433
5.6	0.19090724114220933
5.7	0.15865580136099192
5.8	0.13187102774684656
5.9	0.10950103745354235
6.0	0.09370433349943166
6.1	0.07543115586145392
6.2	0.06312853851772264
6.3	0.0528673576366715
6.4	0.044816236100893664
6.5	0.07301428110607149
6.6	0.06093383754328295
6.7	0.05532778933345013
6.8	0.048218980265072424
6.9	0.041248566655514324
7.0	0.03545666668320829
7.1	0.025639902602497704
7.2	0.021669418926003815
7.300000000000001	0.016782975493279666
7.4	0.011221959695677361
7.5	0.00734462314528844
7.6	0.004830659289033414
7.7	0.003017315452062493
7.800000000000001	0.0019301483876410152
7.9	0.0014986895512398928
8.0	7.062858621124612E-4
8.1	0.0
8.2	0.0
8.3	0.0
8.4	0.0
8.5	0.0
8.6	0.0
8.7	0.0
8.8	0.0
8.9	0.0
9.0	0.0
#Run 89
5.0	0.5796954795504226
5.1	0.48170532923224063
5.2	0.4002875879655706
5.3	0.332637908182465
5.4	0.2796854357064004
5.5	0.2395236387161869
5.6	0.20698593448644667
5.7	0.17601795473203988
5.8	0.1507636261066324
5.9	0.12710419358403438
6.0	0.10609585538640175
6.1	0.08497367732732519
6.2	0.0737885919018758
6.3	0.06611175838645791
6.4	0.061272892591389475
6.5	0.06343157323375583
6.6	0.056252123998863895
6.7	0.0465900643110436
6.8	0.04283296342885357
6.9	0.03606285481355262
7.0	0.027142541377016462
7.1	0.016247637830637093
7.2	0.012483134306750186
7.300000000000001	0.0102413645812655
7.4	0.008254531974334706
7.5	0.006193013322455486
7.6	0.004866348898375167
7.7	0.003749792808147366
7.800000000000001	0.0031153237211194243
7.9	0.0021131217442636793
8.0	0.0011161916178521107
8.1	4.6991899903900576E-4
8.2	1.7616737483282355E-4
8.3	4.388513184895112E-5
8.4	6.996719673869566E-6
8.5	0.0
8.6	0.0
8.7	0.0
8.8	0.0
8.9	0.0
9.0	0.0
#Run 90
5.0	0.5796954795504226
5.1	0.48170532923224063
5.2	0.4002875879655706
5.3	0.332637908182465
5.4	0.2796854357064004
5.5	0.2395236387161869
5.6	0.20698593448644667
5.7	0.17601795473203988
5.8	0.1507636261066324
5.9	0.12710419358403438
6.0	0.10609585538640175
6.1	0.08497367732732519
6.2	0.0737885919018758
6.3	0.06633915738226226
6.4	0.06205882817600522
6.5	0.06952526526977722
6.6	0.06347583123298191
6.7	0.05380185717318848
6.8	0.04798717046192626
6.9	0.040299808229589715
7.0	0.03184372933884229
7.1	0.020696744591362254
7.2	0.01476752580515313
7.300000000000001	0.010995680207480287
7.4	0.007872191916022252
7.5	0.0055382605588658864
7.6	0.004274660952987805
7.7	0.003321415155488612
7.800000000000001	0.0028367963940539543
7.9	0.0018833412323720697
8.0	0.001019966873671655
8.1	4.359645506206679E-4
8.2	1.7616737483282355E-4
8.3	4.388513184895112E-5
8.4	6.996719673869566E-6
8.5	0.0
8.6	0.0
8.7	0.0
8.8	0.0
8.9	0.0
9.0	0.0
#Run 91
5.0	0.5796954795504226
5.1	0.48170532923224063
5.2	0.4002875879655706
5.3	0.332637908182465
5.4	0.2772355343222063
5.5	0.23215243637393435
5.6	0.19545642529753515
5.7	0.16558028536154948
5.8	0.1426740968578849
5.9	0.12111221676234231
6.0	0.1017695966302045
6.1	0.08155796796005105
6.2	0.07035560715373072
6.3	0.06308399663906447
6.4	0.05939672475396937
6.5	0.06259966902467409
6.6	0.055485520214229464
6.7	0.044171888037236956
6.8	0.03807691567235541
6.9	0.03054227483044269
7.0	0.023537160488765595
7.1	0.015223038375748732
7.2	0.012960578115571513
7.300000000000001	0.010888546344913218
7.4	0.008443119150235094
7.5	0.005854434367927815
7.6	0.003955613448505913
7.7	0.002753593629595947
7.800000000000001	0.0027575800522907615
7.9	0.0027576240162597992
8.0	0.002285063496220793
8.1	0.0014336557429812469
8.2	5.939367355871077E-4
8.3	1.433346269001312E-4
8.4	7.91978960324822E-6
8.5	0.0
8.6	0.0
8.7	0.0
8.8	0.0
8.9	0.0
9.0	0.0
#Run 92
5.0	0.5796954795504226
5.1	0.48170532923224063
5.2	0.4002875879655706
5.3	0.332637908182465
5.4	0.2772355343222063
5.5	0.23215243637393435
5.6	0.19545642529753515
5.7	0.16558028536154948
5.8	0.1426740968578849
5.9	0.12111221676234231
6.0	0.1017695966302045
6.1	0.08155796796005105
6.2	0.07035560715373072
6.3	0.06331139563486883
6.4	0.06018266033858512
6.5	0.0686933610606955
6.6	0.06270922744834748
6.7	0.05138368089938184
6.8	0.0432311227054281
6.9	0.03477922824647978
7.0	0.028238348450591425
7.1	0.019672145136473893
7.2	0.015244969613974457
7.300000000000001	0.011642861971128004
7.4	0.00806077909192264
7.5	0.005199681604338216
7.6	0.003363925503118551
7.7	0.002325215976937193
7.800000000000001	0.0024790527252252915
7.9	0.0025278435043681897
8.0	0.0021888387520403374
8.1	0.001399701294562909
8.2	5.939367355871077E-4
8.3	1.433346269001312E-4
8.4	7.91978960324822E-6
8.5	0.0
8.6	0.0
8.7	0.0
8.8	0.0
8.9	0.0
9.0	0.0
#Run 93
5.0	0.5796954795504226
5.1	0.48170532923224063
5.2	0.4002875879655706
5.3	0.332637908182465
5.4	0.2764267800410067
5.5	0.22971907661082433
5.6	0.19090724114220933
5.7	0.15865580136099192
5.8	0.13187102774684656
5.9	0.10950103745354235
6.0	0.09412429499176869
6.1	0.07707469581384105
6.2	0.06672422350854766
6.3	0.05947306069643714
6.4	0.05583531380544571
6.5	0.08952589242828463
6.6	0.0759795698686955
6.7	0.05938457024810623
6.8	0.04853891568256381
6.9	0.0358242024689962
7.0	0.028833389220436847
7.1	0.020628174189833627
7.2	0.01726543396236662
7.300000000000001	0.012732509783840098
7.4	0.00901592559530518
7.5	0.006209143009633856
7.6	0.004400885754149379
7.7	0.002834677503261719
7.800000000000001	0.0017852026267237769
7.9	0.001376240490510511
8.0	0.0010498086194148006
8.1	4.501202863619596E-4
8.2	3.461516667720905E-4
8.3	0.0
8.4	0.0
8.5	0.0
8.6	0.0
8.7	0.0
8.8	0.0
8.9	0.0
9.0	0.0
#Run 94
5.0	0.5796954795504226
5.1	0.48170532923224063
5.2	0.4002875879655706
5.3	0.332637908182465
5.4	0.2764267800410067
5.5	0.22971907661082433
5.6	0.19090724114220933
5.7	0.15865580136099192
5.8	0.13187102774684656
5.9	0.10950103745354235
6.0	0.09412429499176869
6.1	0.07707469581384105
6.2	0.06672422350854766
6.3	0.0597004596922415
6.4	0.056621249390061454
6.5	0.09561958446430603
6.6	0.08320327710281351
6.7	0.06659636311025112
6.8	0.053693122715636504
6.9	0.0400611558850333
7.0	0.03353457718226267
7.1	0.02507728095055879
7.2	0.019549825460769565
7.300000000000001	0.013486825410054883
7.4	0.008633585536992726
7.5	0.005554390246044256
7.6	0.0038091978087620164
7.7	0.002406299850602965
7.800000000000001	0.0015066752996583067
7.9	0.0011464599786189015
8.0	9.535838752343449E-4
8.1	4.1616583794362174E-4
8.2	3.461516667720905E-4
8.3	0.0
8.4	0.0
8.5	0.0
8.6	0.0
8.7	0.0
8.8	0.0
8.9	0.0
9.0	0.0
#Run 95
5.0	0.5796954795504226
5.1	0.48170532923224063
5.2	0.4002875879655706
5.3	0.332637908182465
5.4	0.2764267800410067
5.5	0.22971907661082433
5.6	0.19090724114220933
5.7	0.15865580136099192
5.8	0.13187102774684656
5.9	0.10950103745354235
6.0	0.09412429499176869
6.1	0.07707469581384105
6.2	0.06672422350854766
6.3	0.05947306069643714
6.4	0.05583531380544571
6.5	0.08952589242828463
6.6	0.0759795698686955
6.7	0.05938457024810623
6.8	0.04853891568256381
6.9	0.0358242024689962
7.0	0.028833389220436847
7.1	0.020628174189833627
7.2	0.01726543396236662
7.300000000000001	0.012732509783840098
7.4	0.00901592559530518
7.5	0.006209143009633856
7.6	0.004400885754149379
7.7	0.002834677503261719
7.800000000000001	0.0017852026267237769
7.9	0.001376240490510511
8.0	0.0010498086194148006
8.1	4.501202863619596E-4
8.2	3.461516667720905E-4
8.3	0.0
8.4	0.0
8.5	0.0
8.6	0.0
8.7	0.0
8.8	0.0
8.9	0.0
9.0	0.0
#Run 96
5.0	0.5796954795504226
5.1	0.48170532923224063
5.2	0.4002875879655706
5.3	0.332637908182465
5.4	0.2764267800410067
5.5	0.22971907661082433
5.6	0.19090724114220933
5.7	0.15865580136099192
5.8	0.13187102774684656
5.9	0.10950103745354235
6.0	0.09412429499176869
6.1	0.07707469581384105
6.2	0.06672422350854766
6.3	0.0597004596922415
6.4	0.056621249390061454
6.5	0.09561958446430603
6.6	0.08320327710281351
6.7	0.06659636311025112
6.8	0.053693122715636504
6.9	0.0400611558850333
7.0	0.03353457718226267
7.1	0.02507728095055879
7.2	0.019549825460769565
7.300000000000001	0.013486825410054883
7.4	0.008633585536992726
7.5	0.005554390246044256
7.6	0.0038091978087620164
7.7	0.002406299850602965
7.800000000000001	0.0015066752996583067
7.9	0.0011464599786189015
8.0	9.535838752343449E-4
8.1	4.1616583794362174E-4
8.2	3.461516667720905E-4
8.3	0.0
8.4	0.0
8.5	0.0
8.6	0.0
8.7	0.0
8.8	0.0
8.9	0.0
9.0	0.0
