
#Mag   6.05
#Dcenter(km) Dbar(km) from getmeanrjf
    0.00     0.00
    1.00     0.64
    2.00     1.27
    3.00     1.91
    4.00     2.55
    5.00     3.29
    6.00     4.14
    7.00     5.04
    8.00     5.96
    9.00     6.90
   10.00     7.86
   11.00     8.82
   12.00     9.79
   13.00    10.76
   14.00    11.74
   15.00    12.72
   16.00    13.71
   17.00    14.69
   18.00    15.68
   19.00    16.67
   20.00    17.66
   21.00    18.65
   22.00    19.64
   23.00    20.63
   24.00    21.62
   25.00    22.61
   26.00    23.61
   27.00    24.60
   28.00    25.60
   29.00    26.59
   30.00    27.59
   31.00    28.58
   32.00    29.58
   33.00    30.58
   34.00    31.57
   35.00    32.57
   36.00    33.57
   37.00    34.56
   38.00    35.56
   39.00    36.56
   40.00    37.55
   41.00    38.55
   42.00    39.55
   43.00    40.55
   44.00    41.55
   45.00    42.54
   46.00    43.54
   47.00    44.54
   48.00    45.54
   49.00    46.54
   50.00    47.53
   51.00    48.53
   52.00    49.53
   53.00    50.53
   54.00    51.53
   55.00    52.53
   56.00    53.53
   57.00    54.52
   58.00    55.52
   59.00    56.52
   60.00    57.52
   61.00    58.52
   62.00    59.52
   63.00    60.52
   64.00    61.52
   65.00    62.52
   66.00    63.52
   67.00    64.51
   68.00    65.51
   69.00    66.51
   70.00    67.51
   71.00    68.51
   72.00    69.51
   73.00    70.51
   74.00    71.51
   75.00    72.51
   76.00    73.51
   77.00    74.51
   78.00    75.51
   79.00    76.51
   80.00    77.50
   81.00    78.50
   82.00    79.50
   83.00    80.50
   84.00    81.50
   85.00    82.50
   86.00    83.50
   87.00    84.50
   88.00    85.50
   89.00    86.50
   90.00    87.50
   91.00    88.50
   92.00    89.50
   93.00    90.50
   94.00    91.50
   95.00    92.50
   96.00    93.50
   97.00    94.50
   98.00    95.50
   99.00    96.49
  100.00    97.49
  101.00    98.49
  102.00    99.49
  103.00   100.49
  104.00   101.49
  105.00   102.49
  106.00   103.49
  107.00   104.49
  108.00   105.49
  109.00   106.49
  110.00   107.49
  111.00   108.49
  112.00   109.49
  113.00   110.49
  114.00   111.49
  115.00   112.49
  116.00   113.49
  117.00   114.49
  118.00   115.49
  119.00   116.49
  120.00   117.49
  121.00   118.49
  122.00   119.49
  123.00   120.49
  124.00   121.49
  125.00   122.49
  126.00   123.49
  127.00   124.49
  128.00   125.49
  129.00   126.49
  130.00   127.49
  131.00   128.49
  132.00   129.48
  133.00   130.48
  134.00   131.48
  135.00   132.48
  136.00   133.48
  137.00   134.48
  138.00   135.48
  139.00   136.48
  140.00   137.48
  141.00   138.48
  142.00   139.48
  143.00   140.48
  144.00   141.48
  145.00   142.48
  146.00   143.48
  147.00   144.48
  148.00   145.48
  149.00   146.48
  150.00   147.48
  151.00   148.48
  152.00   149.48
  153.00   150.48
  154.00   151.48
  155.00   152.48
  156.00   153.48
  157.00   154.48
  158.00   155.48
  159.00   156.48
  160.00   157.48
  161.00   158.48
  162.00   159.48
  163.00   160.48
  164.00   161.48
  165.00   162.48
  166.00   163.48
  167.00   164.48
  168.00   165.48
  169.00   166.48
  170.00   167.48
  171.00   168.48
  172.00   169.48
  173.00   170.48
  174.00   171.48
  175.00   172.48
  176.00   173.48
  177.00   174.48
  178.00   175.48
  179.00   176.48
  180.00   177.48
  181.00   178.48
  182.00   179.48
  183.00   180.48
  184.00   181.48
  185.00   182.48
  186.00   183.48
  187.00   184.48
  188.00   185.48
  189.00   186.48
  190.00   187.48
  191.00   188.48
  192.00   189.48
  193.00   190.48
  194.00   191.48
  195.00   192.48
  196.00   193.47
  197.00   194.47
  198.00   195.47
  199.00   196.47

#Mag   6.15
#Dcenter(km) Dbar(km) from getmeanrjf
    0.00     0.00
    1.00     0.64
    2.00     1.27
    3.00     1.91
    4.00     2.55
    5.00     3.18
    6.00     3.92
    7.00     4.74
    8.00     5.62
    9.00     6.53
   10.00     7.45
   11.00     8.39
   12.00     9.34
   13.00    10.30
   14.00    11.27
   15.00    12.24
   16.00    13.21
   17.00    14.19
   18.00    15.17
   19.00    16.15
   20.00    17.13
   21.00    18.12
   22.00    19.10
   23.00    20.09
   24.00    21.08
   25.00    22.07
   26.00    23.06
   27.00    24.05
   28.00    25.04
   29.00    26.03
   30.00    27.03
   31.00    28.02
   32.00    29.01
   33.00    30.01
   34.00    31.00
   35.00    32.00
   36.00    32.99
   37.00    33.99
   38.00    34.98
   39.00    35.98
   40.00    36.97
   41.00    37.97
   42.00    38.97
   43.00    39.96
   44.00    40.96
   45.00    41.96
   46.00    42.95
   47.00    43.95
   48.00    44.95
   49.00    45.95
   50.00    46.94
   51.00    47.94
   52.00    48.94
   53.00    49.94
   54.00    50.93
   55.00    51.93
   56.00    52.93
   57.00    53.93
   58.00    54.93
   59.00    55.92
   60.00    56.92
   61.00    57.92
   62.00    58.92
   63.00    59.92
   64.00    60.92
   65.00    61.91
   66.00    62.91
   67.00    63.91
   68.00    64.91
   69.00    65.91
   70.00    66.91
   71.00    67.91
   72.00    68.90
   73.00    69.90
   74.00    70.90
   75.00    71.90
   76.00    72.90
   77.00    73.90
   78.00    74.90
   79.00    75.90
   80.00    76.90
   81.00    77.90
   82.00    78.89
   83.00    79.89
   84.00    80.89
   85.00    81.89
   86.00    82.89
   87.00    83.89
   88.00    84.89
   89.00    85.89
   90.00    86.89
   91.00    87.89
   92.00    88.89
   93.00    89.89
   94.00    90.88
   95.00    91.88
   96.00    92.88
   97.00    93.88
   98.00    94.88
   99.00    95.88
  100.00    96.88
  101.00    97.88
  102.00    98.88
  103.00    99.88
  104.00   100.88
  105.00   101.88
  106.00   102.88
  107.00   103.88
  108.00   104.88
  109.00   105.88
  110.00   106.87
  111.00   107.87
  112.00   108.87
  113.00   109.87
  114.00   110.87
  115.00   111.87
  116.00   112.87
  117.00   113.87
  118.00   114.87
  119.00   115.87
  120.00   116.87
  121.00   117.87
  122.00   118.87
  123.00   119.87
  124.00   120.87
  125.00   121.87
  126.00   122.87
  127.00   123.87
  128.00   124.87
  129.00   125.87
  130.00   126.87
  131.00   127.87
  132.00   128.87
  133.00   129.86
  134.00   130.86
  135.00   131.86
  136.00   132.86
  137.00   133.86
  138.00   134.86
  139.00   135.86
  140.00   136.86
  141.00   137.86
  142.00   138.86
  143.00   139.86
  144.00   140.86
  145.00   141.86
  146.00   142.86
  147.00   143.86
  148.00   144.86
  149.00   145.86
  150.00   146.86
  151.00   147.86
  152.00   148.86
  153.00   149.86
  154.00   150.86
  155.00   151.86
  156.00   152.86
  157.00   153.86
  158.00   154.86
  159.00   155.86
  160.00   156.86
  161.00   157.86
  162.00   158.86
  163.00   159.86
  164.00   160.86
  165.00   161.86
  166.00   162.86
  167.00   163.86
  168.00   164.86
  169.00   165.85
  170.00   166.85
  171.00   167.85
  172.00   168.85
  173.00   169.85
  174.00   170.85
  175.00   171.85
  176.00   172.85
  177.00   173.85
  178.00   174.85
  179.00   175.85
  180.00   176.85
  181.00   177.85
  182.00   178.85
  183.00   179.85
  184.00   180.85
  185.00   181.85
  186.00   182.85
  187.00   183.85
  188.00   184.85
  189.00   185.85
  190.00   186.85
  191.00   187.85
  192.00   188.85
  193.00   189.85
  194.00   190.85
  195.00   191.85
  196.00   192.85
  197.00   193.85
  198.00   194.85
  199.00   195.85

#Mag   6.25
#Dcenter(km) Dbar(km) from getmeanrjf
    0.00     0.00
    1.00     0.64
    2.00     1.27
    3.00     1.91
    4.00     2.55
    5.00     3.18
    6.00     3.82
    7.00     4.54
    8.00     5.35
    9.00     6.21
   10.00     7.10
   11.00     8.02
   12.00     8.94
   13.00     9.88
   14.00    10.83
   15.00    11.79
   16.00    12.75
   17.00    13.71
   18.00    14.68
   19.00    15.66
   20.00    16.63
   21.00    17.61
   22.00    18.59
   23.00    19.57
   24.00    20.56
   25.00    21.54
   26.00    22.53
   27.00    23.52
   28.00    24.50
   29.00    25.49
   30.00    26.48
   31.00    27.47
   32.00    28.46
   33.00    29.45
   34.00    30.45
   35.00    31.44
   36.00    32.43
   37.00    33.42
   38.00    34.42
   39.00    35.41
   40.00    36.41
   41.00    37.40
   42.00    38.40
   43.00    39.39
   44.00    40.39
   45.00    41.38
   46.00    42.38
   47.00    43.37
   48.00    44.37
   49.00    45.37
   50.00    46.36
   51.00    47.36
   52.00    48.35
   53.00    49.35
   54.00    50.35
   55.00    51.35
   56.00    52.34
   57.00    53.34
   58.00    54.34
   59.00    55.33
   60.00    56.33
   61.00    57.33
   62.00    58.33
   63.00    59.32
   64.00    60.32
   65.00    61.32
   66.00    62.32
   67.00    63.32
   68.00    64.31
   69.00    65.31
   70.00    66.31
   71.00    67.31
   72.00    68.31
   73.00    69.30
   74.00    70.30
   75.00    71.30
   76.00    72.30
   77.00    73.30
   78.00    74.30
   79.00    75.30
   80.00    76.29
   81.00    77.29
   82.00    78.29
   83.00    79.29
   84.00    80.29
   85.00    81.29
   86.00    82.29
   87.00    83.28
   88.00    84.28
   89.00    85.28
   90.00    86.28
   91.00    87.28
   92.00    88.28
   93.00    89.28
   94.00    90.28
   95.00    91.28
   96.00    92.28
   97.00    93.27
   98.00    94.27
   99.00    95.27
  100.00    96.27
  101.00    97.27
  102.00    98.27
  103.00    99.27
  104.00   100.27
  105.00   101.27
  106.00   102.27
  107.00   103.27
  108.00   104.26
  109.00   105.26
  110.00   106.26
  111.00   107.26
  112.00   108.26
  113.00   109.26
  114.00   110.26
  115.00   111.26
  116.00   112.26
  117.00   113.26
  118.00   114.26
  119.00   115.26
  120.00   116.26
  121.00   117.26
  122.00   118.26
  123.00   119.25
  124.00   120.25
  125.00   121.25
  126.00   122.25
  127.00   123.25
  128.00   124.25
  129.00   125.25
  130.00   126.25
  131.00   127.25
  132.00   128.25
  133.00   129.25
  134.00   130.25
  135.00   131.25
  136.00   132.25
  137.00   133.25
  138.00   134.25
  139.00   135.25
  140.00   136.25
  141.00   137.25
  142.00   138.24
  143.00   139.24
  144.00   140.24
  145.00   141.24
  146.00   142.24
  147.00   143.24
  148.00   144.24
  149.00   145.24
  150.00   146.24
  151.00   147.24
  152.00   148.24
  153.00   149.24
  154.00   150.24
  155.00   151.24
  156.00   152.24
  157.00   153.24
  158.00   154.24
  159.00   155.24
  160.00   156.24
  161.00   157.24
  162.00   158.24
  163.00   159.24
  164.00   160.24
  165.00   161.24
  166.00   162.24
  167.00   163.24
  168.00   164.23
  169.00   165.23
  170.00   166.23
  171.00   167.23
  172.00   168.23
  173.00   169.23
  174.00   170.23
  175.00   171.23
  176.00   172.23
  177.00   173.23
  178.00   174.23
  179.00   175.23
  180.00   176.23
  181.00   177.23
  182.00   178.23
  183.00   179.23
  184.00   180.23
  185.00   181.23
  186.00   182.23
  187.00   183.23
  188.00   184.23
  189.00   185.23
  190.00   186.23
  191.00   187.23
  192.00   188.23
  193.00   189.23
  194.00   190.23
  195.00   191.23
  196.00   192.23
  197.00   193.23
  198.00   194.23
  199.00   195.23

#Mag   6.35
#Dcenter(km) Dbar(km) from getmeanrjf
    0.00     0.00
    1.00     0.64
    2.00     1.27
    3.00     1.91
    4.00     2.55
    5.00     3.18
    6.00     3.82
    7.00     4.46
    8.00     5.17
    9.00     5.97
   10.00     6.81
   11.00     7.69
   12.00     8.59
   13.00     9.51
   14.00    10.43
   15.00    11.37
   16.00    12.32
   17.00    13.27
   18.00    14.23
   19.00    15.20
   20.00    16.16
   21.00    17.13
   22.00    18.11
   23.00    19.08
   24.00    20.06
   25.00    21.04
   26.00    22.02
   27.00    23.00
   28.00    23.98
   29.00    24.97
   30.00    25.95
   31.00    26.94
   32.00    27.93
   33.00    28.92
   34.00    29.91
   35.00    30.90
   36.00    31.89
   37.00    32.88
   38.00    33.87
   39.00    34.86
   40.00    35.85
   41.00    36.84
   42.00    37.84
   43.00    38.83
   44.00    39.82
   45.00    40.82
   46.00    41.81
   47.00    42.81
   48.00    43.80
   49.00    44.79
   50.00    45.79
   51.00    46.79
   52.00    47.78
   53.00    48.78
   54.00    49.77
   55.00    50.77
   56.00    51.76
   57.00    52.76
   58.00    53.76
   59.00    54.75
   60.00    55.75
   61.00    56.75
   62.00    57.74
   63.00    58.74
   64.00    59.74
   65.00    60.73
   66.00    61.73
   67.00    62.73
   68.00    63.72
   69.00    64.72
   70.00    65.72
   71.00    66.72
   72.00    67.71
   73.00    68.71
   74.00    69.71
   75.00    70.71
   76.00    71.71
   77.00    72.70
   78.00    73.70
   79.00    74.70
   80.00    75.70
   81.00    76.70
   82.00    77.69
   83.00    78.69
   84.00    79.69
   85.00    80.69
   86.00    81.69
   87.00    82.69
   88.00    83.68
   89.00    84.68
   90.00    85.68
   91.00    86.68
   92.00    87.68
   93.00    88.68
   94.00    89.68
   95.00    90.67
   96.00    91.67
   97.00    92.67
   98.00    93.67
   99.00    94.67
  100.00    95.67
  101.00    96.67
  102.00    97.66
  103.00    98.66
  104.00    99.66
  105.00   100.66
  106.00   101.66
  107.00   102.66
  108.00   103.66
  109.00   104.66
  110.00   105.66
  111.00   106.66
  112.00   107.65
  113.00   108.65
  114.00   109.65
  115.00   110.65
  116.00   111.65
  117.00   112.65
  118.00   113.65
  119.00   114.65
  120.00   115.65
  121.00   116.65
  122.00   117.65
  123.00   118.64
  124.00   119.64
  125.00   120.64
  126.00   121.64
  127.00   122.64
  128.00   123.64
  129.00   124.64
  130.00   125.64
  131.00   126.64
  132.00   127.64
  133.00   128.64
  134.00   129.64
  135.00   130.64
  136.00   131.63
  137.00   132.63
  138.00   133.63
  139.00   134.63
  140.00   135.63
  141.00   136.63
  142.00   137.63
  143.00   138.63
  144.00   139.63
  145.00   140.63
  146.00   141.63
  147.00   142.63
  148.00   143.63
  149.00   144.63
  150.00   145.63
  151.00   146.63
  152.00   147.63
  153.00   148.62
  154.00   149.62
  155.00   150.62
  156.00   151.62
  157.00   152.62
  158.00   153.62
  159.00   154.62
  160.00   155.62
  161.00   156.62
  162.00   157.62
  163.00   158.62
  164.00   159.62
  165.00   160.62
  166.00   161.62
  167.00   162.62
  168.00   163.62
  169.00   164.62
  170.00   165.62
  171.00   166.62
  172.00   167.62
  173.00   168.62
  174.00   169.62
  175.00   170.61
  176.00   171.61
  177.00   172.61
  178.00   173.61
  179.00   174.61
  180.00   175.61
  181.00   176.61
  182.00   177.61
  183.00   178.61
  184.00   179.61
  185.00   180.61
  186.00   181.61
  187.00   182.61
  188.00   183.61
  189.00   184.61
  190.00   185.61
  191.00   186.61
  192.00   187.61
  193.00   188.61
  194.00   189.61
  195.00   190.61
  196.00   191.61
  197.00   192.61
  198.00   193.61
  199.00   194.61

#Mag   6.45
#Dcenter(km) Dbar(km) from getmeanrjf
    0.00     0.00
    1.00     0.64
    2.00     1.27
    3.00     1.91
    4.00     2.55
    5.00     3.18
    6.00     3.82
    7.00     4.46
    8.00     5.09
    9.00     5.80
   10.00     6.59
   11.00     7.42
   12.00     8.28
   13.00     9.17
   14.00    10.08
   15.00    11.00
   16.00    11.92
   17.00    12.86
   18.00    13.81
   19.00    14.76
   20.00    15.72
   21.00    16.68
   22.00    17.64
   23.00    18.61
   24.00    19.58
   25.00    20.55
   26.00    21.53
   27.00    22.50
   28.00    23.48
   29.00    24.46
   30.00    25.44
   31.00    26.43
   32.00    27.41
   33.00    28.39
   34.00    29.38
   35.00    30.37
   36.00    31.35
   37.00    32.34
   38.00    33.33
   39.00    34.32
   40.00    35.31
   41.00    36.30
   42.00    37.29
   43.00    38.28
   44.00    39.27
   45.00    40.26
   46.00    41.26
   47.00    42.25
   48.00    43.24
   49.00    44.24
   50.00    45.23
   51.00    46.22
   52.00    47.22
   53.00    48.21
   54.00    49.20
   55.00    50.20
   56.00    51.19
   57.00    52.19
   58.00    53.18
   59.00    54.18
   60.00    55.18
   61.00    56.17
   62.00    57.17
   63.00    58.16
   64.00    59.16
   65.00    60.15
   66.00    61.15
   67.00    62.15
   68.00    63.14
   69.00    64.14
   70.00    65.14
   71.00    66.13
   72.00    67.13
   73.00    68.13
   74.00    69.12
   75.00    70.12
   76.00    71.12
   77.00    72.12
   78.00    73.11
   79.00    74.11
   80.00    75.11
   81.00    76.11
   82.00    77.10
   83.00    78.10
   84.00    79.10
   85.00    80.10
   86.00    81.09
   87.00    82.09
   88.00    83.09
   89.00    84.09
   90.00    85.09
   91.00    86.08
   92.00    87.08
   93.00    88.08
   94.00    89.08
   95.00    90.08
   96.00    91.07
   97.00    92.07
   98.00    93.07
   99.00    94.07
  100.00    95.07
  101.00    96.07
  102.00    97.06
  103.00    98.06
  104.00    99.06
  105.00   100.06
  106.00   101.06
  107.00   102.06
  108.00   103.06
  109.00   104.05
  110.00   105.05
  111.00   106.05
  112.00   107.05
  113.00   108.05
  114.00   109.05
  115.00   110.05
  116.00   111.05
  117.00   112.04
  118.00   113.04
  119.00   114.04
  120.00   115.04
  121.00   116.04
  122.00   117.04
  123.00   118.04
  124.00   119.04
  125.00   120.04
  126.00   121.04
  127.00   122.03
  128.00   123.03
  129.00   124.03
  130.00   125.03
  131.00   126.03
  132.00   127.03
  133.00   128.03
  134.00   129.03
  135.00   130.03
  136.00   131.03
  137.00   132.02
  138.00   133.02
  139.00   134.02
  140.00   135.02
  141.00   136.02
  142.00   137.02
  143.00   138.02
  144.00   139.02
  145.00   140.02
  146.00   141.02
  147.00   142.02
  148.00   143.02
  149.00   144.02
  150.00   145.01
  151.00   146.01
  152.00   147.01
  153.00   148.01
  154.00   149.01
  155.00   150.01
  156.00   151.01
  157.00   152.01
  158.00   153.01
  159.00   154.01
  160.00   155.01
  161.00   156.01
  162.00   157.01
  163.00   158.01
  164.00   159.01
  165.00   160.01
  166.00   161.00
  167.00   162.00
  168.00   163.00
  169.00   164.00
  170.00   165.00
  171.00   166.00
  172.00   167.00
  173.00   168.00
  174.00   169.00
  175.00   170.00
  176.00   171.00
  177.00   172.00
  178.00   173.00
  179.00   174.00
  180.00   175.00
  181.00   176.00
  182.00   177.00
  183.00   178.00
  184.00   178.99
  185.00   179.99
  186.00   180.99
  187.00   181.99
  188.00   182.99
  189.00   183.99
  190.00   184.99
  191.00   185.99
  192.00   186.99
  193.00   187.99
  194.00   188.99
  195.00   189.99
  196.00   190.99
  197.00   191.99
  198.00   192.99
  199.00   193.99

#Mag   6.55
#Dcenter(km) Dbar(km) from getmeanrjf
    0.00     0.00
    1.00     0.64
    2.00     1.27
    3.00     1.91
    4.00     2.55
    5.00     3.18
    6.00     3.82
    7.00     4.46
    8.00     5.09
    9.00     5.73
   10.00     6.43
   11.00     7.21
   12.00     8.03
   13.00     8.88
   14.00     9.76
   15.00    10.65
   16.00    11.56
   17.00    12.49
   18.00    13.42
   19.00    14.35
   20.00    15.30
   21.00    16.25
   22.00    17.20
   23.00    18.16
   24.00    19.12
   25.00    20.09
   26.00    21.06
   27.00    22.03
   28.00    23.00
   29.00    23.97
   30.00    24.95
   31.00    25.93
   32.00    26.91
   33.00    27.89
   34.00    28.87
   35.00    29.85
   36.00    30.84
   37.00    31.82
   38.00    32.81
   39.00    33.79
   40.00    34.78
   41.00    35.77
   42.00    36.75
   43.00    37.74
   44.00    38.73
   45.00    39.72
   46.00    40.71
   47.00    41.70
   48.00    42.69
   49.00    43.69
   50.00    44.68
   51.00    45.67
   52.00    46.66
   53.00    47.65
   54.00    48.65
   55.00    49.64
   56.00    50.63
   57.00    51.63
   58.00    52.62
   59.00    53.62
   60.00    54.61
   61.00    55.60
   62.00    56.60
   63.00    57.59
   64.00    58.59
   65.00    59.58
   66.00    60.58
   67.00    61.57
   68.00    62.57
   69.00    63.57
   70.00    64.56
   71.00    65.56
   72.00    66.55
   73.00    67.55
   74.00    68.55
   75.00    69.54
   76.00    70.54
   77.00    71.53
   78.00    72.53
   79.00    73.53
   80.00    74.52
   81.00    75.52
   82.00    76.52
   83.00    77.52
   84.00    78.51
   85.00    79.51
   86.00    80.51
   87.00    81.50
   88.00    82.50
   89.00    83.50
   90.00    84.50
   91.00    85.49
   92.00    86.49
   93.00    87.49
   94.00    88.49
   95.00    89.48
   96.00    90.48
   97.00    91.48
   98.00    92.48
   99.00    93.48
  100.00    94.47
  101.00    95.47
  102.00    96.47
  103.00    97.47
  104.00    98.47
  105.00    99.46
  106.00   100.46
  107.00   101.46
  108.00   102.46
  109.00   103.46
  110.00   104.46
  111.00   105.45
  112.00   106.45
  113.00   107.45
  114.00   108.45
  115.00   109.45
  116.00   110.45
  117.00   111.44
  118.00   112.44
  119.00   113.44
  120.00   114.44
  121.00   115.44
  122.00   116.44
  123.00   117.44
  124.00   118.43
  125.00   119.43
  126.00   120.43
  127.00   121.43
  128.00   122.43
  129.00   123.43
  130.00   124.43
  131.00   125.43
  132.00   126.42
  133.00   127.42
  134.00   128.42
  135.00   129.42
  136.00   130.42
  137.00   131.42
  138.00   132.42
  139.00   133.42
  140.00   134.42
  141.00   135.42
  142.00   136.41
  143.00   137.41
  144.00   138.41
  145.00   139.41
  146.00   140.41
  147.00   141.41
  148.00   142.41
  149.00   143.41
  150.00   144.41
  151.00   145.41
  152.00   146.40
  153.00   147.40
  154.00   148.40
  155.00   149.40
  156.00   150.40
  157.00   151.40
  158.00   152.40
  159.00   153.40
  160.00   154.40
  161.00   155.40
  162.00   156.40
  163.00   157.40
  164.00   158.39
  165.00   159.39
  166.00   160.39
  167.00   161.39
  168.00   162.39
  169.00   163.39
  170.00   164.39
  171.00   165.39
  172.00   166.39
  173.00   167.39
  174.00   168.39
  175.00   169.39
  176.00   170.39
  177.00   171.39
  178.00   172.39
  179.00   173.38
  180.00   174.38
  181.00   175.38
  182.00   176.38
  183.00   177.38
  184.00   178.38
  185.00   179.38
  186.00   180.38
  187.00   181.38
  188.00   182.38
  189.00   183.38
  190.00   184.38
  191.00   185.38
  192.00   186.38
  193.00   187.38
  194.00   188.38
  195.00   189.38
  196.00   190.37
  197.00   191.37
  198.00   192.37
  199.00   193.37

#Mag   6.65
#Dcenter(km) Dbar(km) from getmeanrjf
    0.00     0.00
    1.00     0.64
    2.00     1.27
    3.00     1.91
    4.00     2.55
    5.00     3.18
    6.00     3.82
    7.00     4.46
    8.00     5.09
    9.00     5.73
   10.00     6.37
   11.00     7.00
   12.00     7.70
   13.00     8.46
   14.00     9.26
   15.00    10.09
   16.00    10.95
   17.00    11.83
   18.00    12.72
   19.00    13.63
   20.00    14.54
   21.00    15.47
   22.00    16.40
   23.00    17.33
   24.00    18.28
   25.00    19.22
   26.00    20.18
   27.00    21.13
   28.00    22.09
   29.00    23.05
   30.00    24.02
   31.00    24.98
   32.00    25.95
   33.00    26.92
   34.00    27.89
   35.00    28.87
   36.00    29.84
   37.00    30.82
   38.00    31.80
   39.00    32.78
   40.00    33.76
   41.00    34.74
   42.00    35.72
   43.00    36.70
   44.00    37.69
   45.00    38.67
   46.00    39.66
   47.00    40.64
   48.00    41.63
   49.00    42.62
   50.00    43.61
   51.00    44.59
   52.00    45.58
   53.00    46.57
   54.00    47.56
   55.00    48.55
   56.00    49.54
   57.00    50.53
   58.00    51.52
   59.00    52.51
   60.00    53.50
   61.00    54.50
   62.00    55.49
   63.00    56.48
   64.00    57.47
   65.00    58.46
   66.00    59.46
   67.00    60.45
   68.00    61.44
   69.00    62.44
   70.00    63.43
   71.00    64.42
   72.00    65.42
   73.00    66.41
   74.00    67.41
   75.00    68.40
   76.00    69.40
   77.00    70.39
   78.00    71.39
   79.00    72.38
   80.00    73.38
   81.00    74.37
   82.00    75.37
   83.00    76.36
   84.00    77.36
   85.00    78.35
   86.00    79.35
   87.00    80.35
   88.00    81.34
   89.00    82.34
   90.00    83.33
   91.00    84.33
   92.00    85.33
   93.00    86.32
   94.00    87.32
   95.00    88.32
   96.00    89.31
   97.00    90.31
   98.00    91.31
   99.00    92.30
  100.00    93.30
  101.00    94.30
  102.00    95.29
  103.00    96.29
  104.00    97.29
  105.00    98.29
  106.00    99.28
  107.00   100.28
  108.00   101.28
  109.00   102.28
  110.00   103.27
  111.00   104.27
  112.00   105.27
  113.00   106.27
  114.00   107.26
  115.00   108.26
  116.00   109.26
  117.00   110.26
  118.00   111.25
  119.00   112.25
  120.00   113.25
  121.00   114.25
  122.00   115.25
  123.00   116.24
  124.00   117.24
  125.00   118.24
  126.00   119.24
  127.00   120.24
  128.00   121.23
  129.00   122.23
  130.00   123.23
  131.00   124.23
  132.00   125.23
  133.00   126.23
  134.00   127.22
  135.00   128.22
  136.00   129.22
  137.00   130.22
  138.00   131.22
  139.00   132.22
  140.00   133.21
  141.00   134.21
  142.00   135.21
  143.00   136.21
  144.00   137.21
  145.00   138.21
  146.00   139.21
  147.00   140.20
  148.00   141.20
  149.00   142.20
  150.00   143.20
  151.00   144.20
  152.00   145.20
  153.00   146.20
  154.00   147.19
  155.00   148.19
  156.00   149.19
  157.00   150.19
  158.00   151.19
  159.00   152.19
  160.00   153.19
  161.00   154.19
  162.00   155.18
  163.00   156.18
  164.00   157.18
  165.00   158.18
  166.00   159.18
  167.00   160.18
  168.00   161.18
  169.00   162.18
  170.00   163.18
  171.00   164.18
  172.00   165.17
  173.00   166.17
  174.00   167.17
  175.00   168.17
  176.00   169.17
  177.00   170.17
  178.00   171.17
  179.00   172.17
  180.00   173.17
  181.00   174.17
  182.00   175.16
  183.00   176.16
  184.00   177.16
  185.00   178.16
  186.00   179.16
  187.00   180.16
  188.00   181.16
  189.00   182.16
  190.00   183.16
  191.00   184.16
  192.00   185.16
  193.00   186.15
  194.00   187.15
  195.00   188.15
  196.00   189.15
  197.00   190.15
  198.00   191.15
  199.00   192.15

#Mag   6.75
#Dcenter(km) Dbar(km) from getmeanrjf
    0.00     0.00
    1.00     0.64
    2.00     1.27
    3.00     1.91
    4.00     2.55
    5.00     3.18
    6.00     3.82
    7.00     4.46
    8.00     5.09
    9.00     5.73
   10.00     6.37
   11.00     7.00
   12.00     7.64
   13.00     8.28
   14.00     8.96
   15.00     9.71
   16.00    10.50
   17.00    11.32
   18.00    12.16
   19.00    13.02
   20.00    13.90
   21.00    14.79
   22.00    15.69
   23.00    16.60
   24.00    17.52
   25.00    18.45
   26.00    19.38
   27.00    20.31
   28.00    21.26
   29.00    22.20
   30.00    23.15
   31.00    24.10
   32.00    25.06
   33.00    26.02
   34.00    26.98
   35.00    27.94
   36.00    28.91
   37.00    29.88
   38.00    30.85
   39.00    31.82
   40.00    32.79
   41.00    33.76
   42.00    34.74
   43.00    35.71
   44.00    36.69
   45.00    37.67
   46.00    38.65
   47.00    39.63
   48.00    40.61
   49.00    41.59
   50.00    42.57
   51.00    43.56
   52.00    44.54
   53.00    45.53
   54.00    46.51
   55.00    47.50
   56.00    48.48
   57.00    49.47
   58.00    50.46
   59.00    51.44
   60.00    52.43
   61.00    53.42
   62.00    54.41
   63.00    55.40
   64.00    56.39
   65.00    57.38
   66.00    58.37
   67.00    59.36
   68.00    60.35
   69.00    61.34
   70.00    62.33
   71.00    63.32
   72.00    64.31
   73.00    65.30
   74.00    66.30
   75.00    67.29
   76.00    68.28
   77.00    69.27
   78.00    70.27
   79.00    71.26
   80.00    72.25
   81.00    73.25
   82.00    74.24
   83.00    75.23
   84.00    76.23
   85.00    77.22
   86.00    78.22
   87.00    79.21
   88.00    80.21
   89.00    81.20
   90.00    82.19
   91.00    83.19
   92.00    84.18
   93.00    85.18
   94.00    86.17
   95.00    87.17
   96.00    88.17
   97.00    89.16
   98.00    90.16
   99.00    91.15
  100.00    92.15
  101.00    93.14
  102.00    94.14
  103.00    95.14
  104.00    96.13
  105.00    97.13
  106.00    98.12
  107.00    99.12
  108.00   100.12
  109.00   101.11
  110.00   102.11
  111.00   103.11
  112.00   104.10
  113.00   105.10
  114.00   106.10
  115.00   107.09
  116.00   108.09
  117.00   109.09
  118.00   110.08
  119.00   111.08
  120.00   112.08
  121.00   113.07
  122.00   114.07
  123.00   115.07
  124.00   116.07
  125.00   117.06
  126.00   118.06
  127.00   119.06
  128.00   120.06
  129.00   121.05
  130.00   122.05
  131.00   123.05
  132.00   124.05
  133.00   125.04
  134.00   126.04
  135.00   127.04
  136.00   128.04
  137.00   129.03
  138.00   130.03
  139.00   131.03
  140.00   132.03
  141.00   133.02
  142.00   134.02
  143.00   135.02
  144.00   136.02
  145.00   137.02
  146.00   138.01
  147.00   139.01
  148.00   140.01
  149.00   141.01
  150.00   142.01
  151.00   143.00
  152.00   144.00
  153.00   145.00
  154.00   146.00
  155.00   147.00
  156.00   148.00
  157.00   148.99
  158.00   149.99
  159.00   150.99
  160.00   151.99
  161.00   152.99
  162.00   153.99
  163.00   154.98
  164.00   155.98
  165.00   156.98
  166.00   157.98
  167.00   158.98
  168.00   159.98
  169.00   160.98
  170.00   161.97
  171.00   162.97
  172.00   163.97
  173.00   164.97
  174.00   165.97
  175.00   166.97
  176.00   167.97
  177.00   168.96
  178.00   169.96
  179.00   170.96
  180.00   171.96
  181.00   172.96
  182.00   173.96
  183.00   174.96
  184.00   175.95
  185.00   176.95
  186.00   177.95
  187.00   178.95
  188.00   179.95
  189.00   180.95
  190.00   181.95
  191.00   182.95
  192.00   183.95
  193.00   184.94
  194.00   185.94
  195.00   186.94
  196.00   187.94
  197.00   188.94
  198.00   189.94
  199.00   190.94

#Mag   6.85
#Dcenter(km) Dbar(km) from getmeanrjf
    0.00     0.00
    1.00     0.64
    2.00     1.27
    3.00     1.91
    4.00     2.55
    5.00     3.18
    6.00     3.82
    7.00     4.46
    8.00     5.09
    9.00     5.73
   10.00     6.37
   11.00     7.00
   12.00     7.64
   13.00     8.28
   14.00     8.91
   15.00     9.55
   16.00    10.19
   17.00    10.87
   18.00    11.60
   19.00    12.37
   20.00    13.17
   21.00    13.99
   22.00    14.84
   23.00    15.69
   24.00    16.57
   25.00    17.45
   26.00    18.34
   27.00    19.24
   28.00    20.15
   29.00    21.07
   30.00    21.99
   31.00    22.92
   32.00    23.85
   33.00    24.78
   34.00    25.73
   35.00    26.67
   36.00    27.62
   37.00    28.57
   38.00    29.52
   39.00    30.47
   40.00    31.43
   41.00    32.39
   42.00    33.35
   43.00    34.32
   44.00    35.28
   45.00    36.25
   46.00    37.22
   47.00    38.19
   48.00    39.16
   49.00    40.13
   50.00    41.10
   51.00    42.08
   52.00    43.05
   53.00    44.03
   54.00    45.01
   55.00    45.98
   56.00    46.96
   57.00    47.94
   58.00    48.92
   59.00    49.90
   60.00    50.89
   61.00    51.87
   62.00    52.85
   63.00    53.84
   64.00    54.82
   65.00    55.80
   66.00    56.79
   67.00    57.77
   68.00    58.76
   69.00    59.75
   70.00    60.73
   71.00    61.72
   72.00    62.71
   73.00    63.69
   74.00    64.68
   75.00    65.67
   76.00    66.66
   77.00    67.65
   78.00    68.64
   79.00    69.63
   80.00    70.62
   81.00    71.61
   82.00    72.60
   83.00    73.59
   84.00    74.58
   85.00    75.57
   86.00    76.56
   87.00    77.55
   88.00    78.54
   89.00    79.54
   90.00    80.53
   91.00    81.52
   92.00    82.51
   93.00    83.50
   94.00    84.50
   95.00    85.49
   96.00    86.48
   97.00    87.48
   98.00    88.47
   99.00    89.46
  100.00    90.46
  101.00    91.45
  102.00    92.44
  103.00    93.44
  104.00    94.43
  105.00    95.43
  106.00    96.42
  107.00    97.41
  108.00    98.41
  109.00    99.40
  110.00   100.40
  111.00   101.39
  112.00   102.39
  113.00   103.38
  114.00   104.38
  115.00   105.37
  116.00   106.37
  117.00   107.36
  118.00   108.36
  119.00   109.35
  120.00   110.35
  121.00   111.34
  122.00   112.34
  123.00   113.34
  124.00   114.33
  125.00   115.33
  126.00   116.32
  127.00   117.32
  128.00   118.32
  129.00   119.31
  130.00   120.31
  131.00   121.30
  132.00   122.30
  133.00   123.30
  134.00   124.29
  135.00   125.29
  136.00   126.29
  137.00   127.28
  138.00   128.28
  139.00   129.28
  140.00   130.27
  141.00   131.27
  142.00   132.27
  143.00   133.26
  144.00   134.26
  145.00   135.26
  146.00   136.25
  147.00   137.25
  148.00   138.25
  149.00   139.24
  150.00   140.24
  151.00   141.24
  152.00   142.24
  153.00   143.23
  154.00   144.23
  155.00   145.23
  156.00   146.23
  157.00   147.22
  158.00   148.22
  159.00   149.22
  160.00   150.22
  161.00   151.21
  162.00   152.21
  163.00   153.21
  164.00   154.21
  165.00   155.20
  166.00   156.20
  167.00   157.20
  168.00   158.20
  169.00   159.19
  170.00   160.19
  171.00   161.19
  172.00   162.19
  173.00   163.19
  174.00   164.18
  175.00   165.18
  176.00   166.18
  177.00   167.18
  178.00   168.17
  179.00   169.17
  180.00   170.17
  181.00   171.17
  182.00   172.17
  183.00   173.16
  184.00   174.16
  185.00   175.16
  186.00   176.16
  187.00   177.16
  188.00   178.16
  189.00   179.15
  190.00   180.15
  191.00   181.15
  192.00   182.15
  193.00   183.15
  194.00   184.15
  195.00   185.14
  196.00   186.14
  197.00   187.14
  198.00   188.14
  199.00   189.14

#Mag   6.95
#Dcenter(km) Dbar(km) from getmeanrjf
    0.00     0.00
    1.00     0.64
    2.00     1.27
    3.00     1.91
    4.00     2.55
    5.00     3.18
    6.00     3.82
    7.00     4.46
    8.00     5.09
    9.00     5.73
   10.00     6.37
   11.00     7.00
   12.00     7.64
   13.00     8.28
   14.00     8.91
   15.00     9.55
   16.00    10.19
   17.00    10.82
   18.00    11.46
   19.00    12.14
   20.00    12.86
   21.00    13.62
   22.00    14.41
   23.00    15.23
   24.00    16.06
   25.00    16.90
   26.00    17.76
   27.00    18.64
   28.00    19.52
   29.00    20.41
   30.00    21.31
   31.00    22.22
   32.00    23.13
   33.00    24.05
   34.00    24.97
   35.00    25.90
   36.00    26.83
   37.00    27.77
   38.00    28.71
   39.00    29.65
   40.00    30.59
   41.00    31.54
   42.00    32.49
   43.00    33.45
   44.00    34.40
   45.00    35.36
   46.00    36.32
   47.00    37.28
   48.00    38.24
   49.00    39.21
   50.00    40.18
   51.00    41.14
   52.00    42.11
   53.00    43.08
   54.00    44.05
   55.00    45.02
   56.00    46.00
   57.00    46.97
   58.00    47.95
   59.00    48.92
   60.00    49.90
   61.00    50.88
   62.00    51.86
   63.00    52.83
   64.00    53.81
   65.00    54.79
   66.00    55.77
   67.00    56.76
   68.00    57.74
   69.00    58.72
   70.00    59.70
   71.00    60.69
   72.00    61.67
   73.00    62.66
   74.00    63.64
   75.00    64.63
   76.00    65.61
   77.00    66.60
   78.00    67.58
   79.00    68.57
   80.00    69.56
   81.00    70.54
   82.00    71.53
   83.00    72.52
   84.00    73.51
   85.00    74.50
   86.00    75.49
   87.00    76.48
   88.00    77.46
   89.00    78.45
   90.00    79.44
   91.00    80.43
   92.00    81.42
   93.00    82.41
   94.00    83.41
   95.00    84.40
   96.00    85.39
   97.00    86.38
   98.00    87.37
   99.00    88.36
  100.00    89.35
  101.00    90.35
  102.00    91.34
  103.00    92.33
  104.00    93.32
  105.00    94.31
  106.00    95.31
  107.00    96.30
  108.00    97.29
  109.00    98.29
  110.00    99.28
  111.00   100.27
  112.00   101.27
  113.00   102.26
  114.00   103.25
  115.00   104.25
  116.00   105.24
  117.00   106.24
  118.00   107.23
  119.00   108.22
  120.00   109.22
  121.00   110.21
  122.00   111.21
  123.00   112.20
  124.00   113.20
  125.00   114.19
  126.00   115.19
  127.00   116.18
  128.00   117.18
  129.00   118.17
  130.00   119.17
  131.00   120.16
  132.00   121.16
  133.00   122.15
  134.00   123.15
  135.00   124.14
  136.00   125.14
  137.00   126.13
  138.00   127.13
  139.00   128.13
  140.00   129.12
  141.00   130.12
  142.00   131.11
  143.00   132.11
  144.00   133.10
  145.00   134.10
  146.00   135.10
  147.00   136.09
  148.00   137.09
  149.00   138.09
  150.00   139.08
  151.00   140.08
  152.00   141.08
  153.00   142.07
  154.00   143.07
  155.00   144.06
  156.00   145.06
  157.00   146.06
  158.00   147.05
  159.00   148.05
  160.00   149.05
  161.00   150.05
  162.00   151.04
  163.00   152.04
  164.00   153.04
  165.00   154.03
  166.00   155.03
  167.00   156.03
  168.00   157.02
  169.00   158.02
  170.00   159.02
  171.00   160.02
  172.00   161.01
  173.00   162.01
  174.00   163.01
  175.00   164.00
  176.00   165.00
  177.00   166.00
  178.00   167.00
  179.00   167.99
  180.00   168.99
  181.00   169.99
  182.00   170.99
  183.00   171.98
  184.00   172.98
  185.00   173.98
  186.00   174.98
  187.00   175.98
  188.00   176.97
  189.00   177.97
  190.00   178.97
  191.00   179.97
  192.00   180.96
  193.00   181.96
  194.00   182.96
  195.00   183.96
  196.00   184.96
  197.00   185.95
  198.00   186.95
  199.00   187.95

#Mag   7.05
#Dcenter(km) Dbar(km) from getmeanrjf
    0.00     0.00
    1.00     0.64
    2.00     1.27
    3.00     1.91
    4.00     2.55
    5.00     3.18
    6.00     3.82
    7.00     4.46
    8.00     5.09
    9.00     5.73
   10.00     6.37
   11.00     7.00
   12.00     7.64
   13.00     8.28
   14.00     8.91
   15.00     9.55
   16.00    10.19
   17.00    10.82
   18.00    11.46
   19.00    12.10
   20.00    12.73
   21.00    13.37
   22.00    13.99
   23.00    14.68
   24.00    15.39
   25.00    16.14
   26.00    16.91
   27.00    17.71
   28.00    18.52
   29.00    19.35
   30.00    20.19
   31.00    21.04
   32.00    21.90
   33.00    22.78
   34.00    23.66
   35.00    24.55
   36.00    25.44
   37.00    26.35
   38.00    27.25
   39.00    28.17
   40.00    29.08
   41.00    30.00
   42.00    30.93
   43.00    31.86
   44.00    32.79
   45.00    33.73
   46.00    34.67
   47.00    35.61
   48.00    36.55
   49.00    37.50
   50.00    38.45
   51.00    39.40
   52.00    40.35
   53.00    41.30
   54.00    42.26
   55.00    43.22
   56.00    44.18
   57.00    45.14
   58.00    46.10
   59.00    47.06
   60.00    48.03
   61.00    49.00
   62.00    49.96
   63.00    50.93
   64.00    51.90
   65.00    52.87
   66.00    53.84
   67.00    54.81
   68.00    55.79
   69.00    56.76
   70.00    57.73
   71.00    58.71
   72.00    59.69
   73.00    60.66
   74.00    61.64
   75.00    62.62
   76.00    63.60
   77.00    64.57
   78.00    65.55
   79.00    66.53
   80.00    67.52
   81.00    68.50
   82.00    69.48
   83.00    70.46
   84.00    71.44
   85.00    72.42
   86.00    73.41
   87.00    74.39
   88.00    75.38
   89.00    76.36
   90.00    77.34
   91.00    78.33
   92.00    79.32
   93.00    80.30
   94.00    81.29
   95.00    82.27
   96.00    83.26
   97.00    84.25
   98.00    85.23
   99.00    86.22
  100.00    87.21
  101.00    88.20
  102.00    89.19
  103.00    90.17
  104.00    91.16
  105.00    92.15
  106.00    93.14
  107.00    94.13
  108.00    95.12
  109.00    96.11
  110.00    97.10
  111.00    98.09
  112.00    99.08
  113.00   100.07
  114.00   101.06
  115.00   102.05
  116.00   103.04
  117.00   104.03
  118.00   105.02
  119.00   106.01
  120.00   107.01
  121.00   108.00
  122.00   108.99
  123.00   109.98
  124.00   110.97
  125.00   111.97
  126.00   112.96
  127.00   113.95
  128.00   114.94
  129.00   115.94
  130.00   116.93
  131.00   117.92
  132.00   118.91
  133.00   119.91
  134.00   120.90
  135.00   121.89
  136.00   122.89
  137.00   123.88
  138.00   124.87
  139.00   125.87
  140.00   126.86
  141.00   127.85
  142.00   128.85
  143.00   129.84
  144.00   130.84
  145.00   131.83
  146.00   132.83
  147.00   133.82
  148.00   134.81
  149.00   135.81
  150.00   136.80
  151.00   137.80
  152.00   138.79
  153.00   139.79
  154.00   140.78
  155.00   141.78
  156.00   142.77
  157.00   143.77
  158.00   144.76
  159.00   145.76
  160.00   146.75
  161.00   147.75
  162.00   148.74
  163.00   149.74
  164.00   150.73
  165.00   151.73
  166.00   152.73
  167.00   153.72
  168.00   154.72
  169.00   155.71
  170.00   156.71
  171.00   157.70
  172.00   158.70
  173.00   159.70
  174.00   160.69
  175.00   161.69
  176.00   162.68
  177.00   163.68
  178.00   164.68
  179.00   165.67
  180.00   166.67
  181.00   167.66
  182.00   168.66
  183.00   169.66
  184.00   170.65
  185.00   171.65
  186.00   172.65
  187.00   173.64
  188.00   174.64
  189.00   175.64
  190.00   176.63
  191.00   177.63
  192.00   178.63
  193.00   179.62
  194.00   180.62
  195.00   181.62
  196.00   182.61
  197.00   183.61
  198.00   184.61
  199.00   185.60

#Mag   7.15
#Dcenter(km) Dbar(km) from getmeanrjf
    0.00     0.00
    1.00     0.64
    2.00     1.27
    3.00     1.91
    4.00     2.55
    5.00     3.18
    6.00     3.82
    7.00     4.46
    8.00     5.09
    9.00     5.73
   10.00     6.37
   11.00     7.00
   12.00     7.64
   13.00     8.28
   14.00     8.91
   15.00     9.55
   16.00    10.19
   17.00    10.82
   18.00    11.46
   19.00    12.10
   20.00    12.73
   21.00    13.37
   22.00    14.01
   23.00    14.64
   24.00    15.28
   25.00    15.92
   26.00    16.58
   27.00    17.29
   28.00    18.03
   29.00    18.79
   30.00    19.58
   31.00    20.38
   32.00    21.19
   33.00    22.02
   34.00    22.86
   35.00    23.72
   36.00    24.58
   37.00    25.45
   38.00    26.32
   39.00    27.21
   40.00    28.10
   41.00    28.99
   42.00    29.90
   43.00    30.80
   44.00    31.71
   45.00    32.63
   46.00    33.55
   47.00    34.47
   48.00    35.40
   49.00    36.33
   50.00    37.26
   51.00    38.20
   52.00    39.14
   53.00    40.08
   54.00    41.02
   55.00    41.97
   56.00    42.91
   57.00    43.86
   58.00    44.81
   59.00    45.76
   60.00    46.72
   61.00    47.68
   62.00    48.63
   63.00    49.59
   64.00    50.55
   65.00    51.51
   66.00    52.47
   67.00    53.44
   68.00    54.40
   69.00    55.37
   70.00    56.34
   71.00    57.30
   72.00    58.27
   73.00    59.24
   74.00    60.21
   75.00    61.18
   76.00    62.16
   77.00    63.13
   78.00    64.10
   79.00    65.08
   80.00    66.05
   81.00    67.03
   82.00    68.00
   83.00    68.98
   84.00    69.96
   85.00    70.93
   86.00    71.91
   87.00    72.89
   88.00    73.87
   89.00    74.85
   90.00    75.83
   91.00    76.81
   92.00    77.79
   93.00    78.77
   94.00    79.76
   95.00    80.74
   96.00    81.72
   97.00    82.70
   98.00    83.69
   99.00    84.67
  100.00    85.65
  101.00    86.64
  102.00    87.62
  103.00    88.61
  104.00    89.59
  105.00    90.58
  106.00    91.56
  107.00    92.55
  108.00    93.54
  109.00    94.52
  110.00    95.51
  111.00    96.50
  112.00    97.48
  113.00    98.47
  114.00    99.46
  115.00   100.45
  116.00   101.44
  117.00   102.42
  118.00   103.41
  119.00   104.40
  120.00   105.39
  121.00   106.38
  122.00   107.37
  123.00   108.36
  124.00   109.35
  125.00   110.34
  126.00   111.33
  127.00   112.32
  128.00   113.31
  129.00   114.30
  130.00   115.29
  131.00   116.28
  132.00   117.27
  133.00   118.26
  134.00   119.25
  135.00   120.25
  136.00   121.24
  137.00   122.23
  138.00   123.22
  139.00   124.21
  140.00   125.20
  141.00   126.20
  142.00   127.19
  143.00   128.18
  144.00   129.17
  145.00   130.17
  146.00   131.16
  147.00   132.15
  148.00   133.14
  149.00   134.14
  150.00   135.13
  151.00   136.12
  152.00   137.12
  153.00   138.11
  154.00   139.10
  155.00   140.10
  156.00   141.09
  157.00   142.08
  158.00   143.08
  159.00   144.07
  160.00   145.06
  161.00   146.06
  162.00   147.05
  163.00   148.05
  164.00   149.04
  165.00   150.03
  166.00   151.03
  167.00   152.02
  168.00   153.02
  169.00   154.01
  170.00   155.01
  171.00   156.00
  172.00   157.00
  173.00   157.99
  174.00   158.98
  175.00   159.98
  176.00   160.97
  177.00   161.97
  178.00   162.96
  179.00   163.96
  180.00   164.95
  181.00   165.95
  182.00   166.95
  183.00   167.94
  184.00   168.94
  185.00   169.93
  186.00   170.93
  187.00   171.92
  188.00   172.92
  189.00   173.91
  190.00   174.91
  191.00   175.90
  192.00   176.90
  193.00   177.90
  194.00   178.89
  195.00   179.89
  196.00   180.88
  197.00   181.88
  198.00   182.88
  199.00   183.87

#Mag   7.25
#Dcenter(km) Dbar(km) from getmeanrjf
    0.00     0.00
    1.00     0.64
    2.00     1.27
    3.00     1.91
    4.00     2.55
    5.00     3.18
    6.00     3.82
    7.00     4.46
    8.00     5.09
    9.00     5.73
   10.00     6.37
   11.00     7.00
   12.00     7.64
   13.00     8.28
   14.00     8.91
   15.00     9.55
   16.00    10.19
   17.00    10.82
   18.00    11.46
   19.00    12.10
   20.00    12.73
   21.00    13.37
   22.00    14.01
   23.00    14.64
   24.00    15.28
   25.00    15.92
   26.00    16.55
   27.00    17.19
   28.00    17.83
   29.00    18.46
   30.00    19.10
   31.00    19.76
   32.00    20.46
   33.00    21.19
   34.00    21.94
   35.00    22.71
   36.00    23.49
   37.00    24.29
   38.00    25.10
   39.00    25.93
   40.00    26.76
   41.00    27.61
   42.00    28.46
   43.00    29.32
   44.00    30.19
   45.00    31.06
   46.00    31.94
   47.00    32.83
   48.00    33.72
   49.00    34.61
   50.00    35.51
   51.00    36.42
   52.00    37.33
   53.00    38.24
   54.00    39.16
   55.00    40.08
   56.00    41.00
   57.00    41.92
   58.00    42.85
   59.00    43.78
   60.00    44.72
   61.00    45.65
   62.00    46.59
   63.00    47.53
   64.00    48.47
   65.00    49.41
   66.00    50.36
   67.00    51.30
   68.00    52.25
   69.00    53.20
   70.00    54.16
   71.00    55.11
   72.00    56.06
   73.00    57.02
   74.00    57.98
   75.00    58.93
   76.00    59.89
   77.00    60.85
   78.00    61.81
   79.00    62.78
   80.00    63.74
   81.00    64.70
   82.00    65.67
   83.00    66.64
   84.00    67.60
   85.00    68.57
   86.00    69.54
   87.00    70.51
   88.00    71.48
   89.00    72.45
   90.00    73.42
   91.00    74.39
   92.00    75.36
   93.00    76.34
   94.00    77.31
   95.00    78.29
   96.00    79.26
   97.00    80.24
   98.00    81.21
   99.00    82.19
  100.00    83.17
  101.00    84.14
  102.00    85.12
  103.00    86.10
  104.00    87.08
  105.00    88.06
  106.00    89.04
  107.00    90.02
  108.00    91.00
  109.00    91.98
  110.00    92.96
  111.00    93.94
  112.00    94.92
  113.00    95.90
  114.00    96.88
  115.00    97.87
  116.00    98.85
  117.00    99.83
  118.00   100.82
  119.00   101.80
  120.00   102.78
  121.00   103.77
  122.00   104.75
  123.00   105.74
  124.00   106.72
  125.00   107.71
  126.00   108.69
  127.00   109.68
  128.00   110.67
  129.00   111.65
  130.00   112.64
  131.00   113.63
  132.00   114.61
  133.00   115.60
  134.00   116.59
  135.00   117.57
  136.00   118.56
  137.00   119.55
  138.00   120.54
  139.00   121.53
  140.00   122.51
  141.00   123.50
  142.00   124.49
  143.00   125.48
  144.00   126.47
  145.00   127.46
  146.00   128.45
  147.00   129.44
  148.00   130.43
  149.00   131.42
  150.00   132.41
  151.00   133.40
  152.00   134.39
  153.00   135.38
  154.00   136.37
  155.00   137.36
  156.00   138.35
  157.00   139.34
  158.00   140.33
  159.00   141.32
  160.00   142.31
  161.00   143.30
  162.00   144.29
  163.00   145.29
  164.00   146.28
  165.00   147.27
  166.00   148.26
  167.00   149.25
  168.00   150.24
  169.00   151.24
  170.00   152.23
  171.00   153.22
  172.00   154.21
  173.00   155.21
  174.00   156.20
  175.00   157.19
  176.00   158.18
  177.00   159.18
  178.00   160.17
  179.00   161.16
  180.00   162.15
  181.00   163.15
  182.00   164.14
  183.00   165.13
  184.00   166.13
  185.00   167.12
  186.00   168.11
  187.00   169.11
  188.00   170.10
  189.00   171.09
  190.00   172.09
  191.00   173.08
  192.00   174.08
  193.00   175.07
  194.00   176.06
  195.00   177.06
  196.00   178.05
  197.00   179.05
  198.00   180.04
  199.00   181.03

#Mag   7.35
#Dcenter(km) Dbar(km) from getmeanrjf
    0.00     0.00
    1.00     0.64
    2.00     1.27
    3.00     1.91
    4.00     2.55
    5.00     3.18
    6.00     3.82
    7.00     4.46
    8.00     5.09
    9.00     5.73
   10.00     6.37
   11.00     7.00
   12.00     7.64
   13.00     8.28
   14.00     8.91
   15.00     9.55
   16.00    10.19
   17.00    10.82
   18.00    11.46
   19.00    12.10
   20.00    12.73
   21.00    13.37
   22.00    14.01
   23.00    14.64
   24.00    15.28
   25.00    15.92
   26.00    16.55
   27.00    17.19
   28.00    17.83
   29.00    18.46
   30.00    19.10
   31.00    19.74
   32.00    20.37
   33.00    21.01
   34.00    21.65
   35.00    22.20
   36.00    22.94
   37.00    23.63
   38.00    24.35
   39.00    25.09
   40.00    25.85
   41.00    26.62
   42.00    27.41
   43.00    28.20
   44.00    29.01
   45.00    29.83
   46.00    30.66
   47.00    31.50
   48.00    32.35
   49.00    33.20
   50.00    34.06
   51.00    34.93
   52.00    35.80
   53.00    36.68
   54.00    37.56
   55.00    38.45
   56.00    39.34
   57.00    40.23
   58.00    41.13
   59.00    42.04
   60.00    42.94
   61.00    43.85
   62.00    44.77
   63.00    45.68
   64.00    46.60
   65.00    47.52
   66.00    48.45
   67.00    49.37
   68.00    50.30
   69.00    51.23
   70.00    52.17
   71.00    53.10
   72.00    54.04
   73.00    54.98
   74.00    55.92
   75.00    56.86
   76.00    57.81
   77.00    58.75
   78.00    59.70
   79.00    60.65
   80.00    61.60
   81.00    62.55
   82.00    63.50
   83.00    64.45
   84.00    65.41
   85.00    66.36
   86.00    67.32
   87.00    68.28
   88.00    69.24
   89.00    70.19
   90.00    71.16
   91.00    72.12
   92.00    73.08
   93.00    74.04
   94.00    75.01
   95.00    75.97
   96.00    76.94
   97.00    77.90
   98.00    78.87
   99.00    79.84
  100.00    80.81
  101.00    81.77
  102.00    82.74
  103.00    83.71
  104.00    84.69
  105.00    85.66
  106.00    86.63
  107.00    87.60
  108.00    88.57
  109.00    89.55
  110.00    90.52
  111.00    91.50
  112.00    92.47
  113.00    93.45
  114.00    94.42
  115.00    95.40
  116.00    96.37
  117.00    97.35
  118.00    98.33
  119.00    99.31
  120.00   100.29
  121.00   101.26
  122.00   102.24
  123.00   103.22
  124.00   104.20
  125.00   105.18
  126.00   106.16
  127.00   107.14
  128.00   108.12
  129.00   109.10
  130.00   110.09
  131.00   111.07
  132.00   112.05
  133.00   113.03
  134.00   114.01
  135.00   115.00
  136.00   115.98
  137.00   116.96
  138.00   117.95
  139.00   118.93
  140.00   119.92
  141.00   120.90
  142.00   121.88
  143.00   122.87
  144.00   123.85
  145.00   124.84
  146.00   125.82
  147.00   126.81
  148.00   127.80
  149.00   128.78
  150.00   129.77
  151.00   130.75
  152.00   131.74
  153.00   132.73
  154.00   133.71
  155.00   134.70
  156.00   135.69
  157.00   136.68
  158.00   137.66
  159.00   138.65
  160.00   139.64
  161.00   140.63
  162.00   141.62
  163.00   142.60
  164.00   143.59
  165.00   144.58
  166.00   145.57
  167.00   146.56
  168.00   147.55
  169.00   148.54
  170.00   149.53
  171.00   150.51
  172.00   151.50
  173.00   152.49
  174.00   153.48
  175.00   154.47
  176.00   155.46
  177.00   156.45
  178.00   157.44
  179.00   158.43
  180.00   159.42
  181.00   160.42
  182.00   161.41
  183.00   162.40
  184.00   163.39
  185.00   164.38
  186.00   165.37
  187.00   166.36
  188.00   167.35
  189.00   168.34
  190.00   169.33
  191.00   170.33
  192.00   171.32
  193.00   172.31
  194.00   173.30
  195.00   174.29
  196.00   175.28
  197.00   176.28
  198.00   177.27
  199.00   178.26

#Mag   7.45
#Dcenter(km) Dbar(km) from getmeanrjf
    0.00     0.00
    1.00     0.64
    2.00     1.27
    3.00     1.91
    4.00     2.55
    5.00     3.18
    6.00     3.82
    7.00     4.46
    8.00     5.09
    9.00     5.73
   10.00     6.37
   11.00     7.00
   12.00     7.64
   13.00     8.28
   14.00     8.91
   15.00     9.55
   16.00    10.19
   17.00    10.82
   18.00    11.46
   19.00    12.10
   20.00    12.73
   21.00    13.37
   22.00    14.01
   23.00    14.64
   24.00    15.28
   25.00    15.92
   26.00    16.55
   27.00    17.19
   28.00    17.83
   29.00    18.46
   30.00    19.10
   31.00    19.74
   32.00    20.37
   33.00    21.01
   34.00    21.65
   35.00    22.28
   36.00    22.92
   37.00    23.56
   38.00    24.19
   39.00    24.83
   40.00    25.47
   41.00    26.10
   42.00    26.76
   43.00    27.45
   44.00    28.15
   45.00    28.88
   46.00    29.63
   47.00    30.39
   48.00    31.16
   49.00    31.95
   50.00    32.74
   51.00    33.55
   52.00    34.36
   53.00    35.18
   54.00    36.02
   55.00    36.85
   56.00    37.70
   57.00    38.55
   58.00    39.41
   59.00    40.27
   60.00    41.14
   61.00    42.01
   62.00    42.89
   63.00    43.77
   64.00    44.66
   65.00    45.54
   66.00    46.44
   67.00    47.33
   68.00    48.24
   69.00    49.14
   70.00    50.04
   71.00    50.95
   72.00    51.87
   73.00    52.78
   74.00    53.70
   75.00    54.62
   76.00    55.54
   77.00    56.46
   78.00    57.39
   79.00    58.32
   80.00    59.25
   81.00    60.18
   82.00    61.11
   83.00    62.05
   84.00    62.98
   85.00    63.92
   86.00    64.86
   87.00    65.80
   88.00    66.74
   89.00    67.69
   90.00    68.63
   91.00    69.58
   92.00    70.53
   93.00    71.48
   94.00    72.43
   95.00    73.38
   96.00    74.33
   97.00    75.28
   98.00    76.24
   99.00    77.19
  100.00    78.15
  101.00    79.11
  102.00    80.06
  103.00    81.02
  104.00    81.98
  105.00    82.94
  106.00    83.90
  107.00    84.86
  108.00    85.83
  109.00    86.79
  110.00    87.75
  111.00    88.72
  112.00    89.68
  113.00    90.65
  114.00    91.62
  115.00    92.58
  116.00    93.55
  117.00    94.52
  118.00    95.49
  119.00    96.46
  120.00    97.43
  121.00    98.40
  122.00    99.37
  123.00   100.34
  124.00   101.31
  125.00   102.28
  126.00   103.26
  127.00   104.23
  128.00   105.20
  129.00   106.18
  130.00   107.15
  131.00   108.13
  132.00   109.10
  133.00   110.08
  134.00   111.05
  135.00   112.03
  136.00   113.01
  137.00   113.98
  138.00   114.96
  139.00   115.94
  140.00   116.92
  141.00   117.90
  142.00   118.87
  143.00   119.85
  144.00   120.83
  145.00   121.81
  146.00   122.79
  147.00   123.77
  148.00   124.75
  149.00   125.73
  150.00   126.71
  151.00   127.70
  152.00   128.68
  153.00   129.66
  154.00   130.64
  155.00   131.62
  156.00   132.61
  157.00   133.59
  158.00   134.57
  159.00   135.55
  160.00   136.54
  161.00   137.52
  162.00   138.50
  163.00   139.49
  164.00   140.47
  165.00   141.46
  166.00   142.44
  167.00   143.43
  168.00   144.41
  169.00   145.40
  170.00   146.38
  171.00   147.37
  172.00   148.35
  173.00   149.34
  174.00   150.32
  175.00   151.31
  176.00   152.30
  177.00   153.28
  178.00   154.27
  179.00   155.26
  180.00   156.24
  181.00   157.23
  182.00   158.22
  183.00   159.20
  184.00   160.19
  185.00   161.18
  186.00   162.17
  187.00   163.15
  188.00   164.14
  189.00   165.13
  190.00   166.12
  191.00   167.11
  192.00   168.09
  193.00   169.08
  194.00   170.07
  195.00   171.06
  196.00   172.05
  197.00   173.04
  198.00   174.03
  199.00   175.02

#Mag   7.55
#Dcenter(km) Dbar(km) from getmeanrjf
    0.00     0.00
    1.00     0.64
    2.00     1.27
    3.00     1.91
    4.00     2.55
    5.00     3.18
    6.00     3.82
    7.00     4.46
    8.00     5.09
    9.00     5.73
   10.00     6.37
   11.00     7.00
   12.00     7.64
   13.00     8.28
   14.00     8.91
   15.00     9.55
   16.00    10.19
   17.00    10.82
   18.00    11.46
   19.00    12.10
   20.00    12.73
   21.00    13.37
   22.00    14.01
   23.00    14.64
   24.00    15.28
   25.00    15.92
   26.00    16.55
   27.00    17.19
   28.00    17.83
   29.00    18.46
   30.00    19.10
   31.00    19.74
   32.00    20.37
   33.00    21.01
   34.00    21.65
   35.00    22.28
   36.00    22.92
   37.00    23.56
   38.00    24.19
   39.00    24.83
   40.00    25.47
   41.00    26.10
   42.00    26.74
   43.00    27.38
   44.00    28.01
   45.00    28.65
   46.00    29.29
   47.00    29.92
   48.00    30.46
   49.00    31.21
   50.00    31.89
   51.00    32.60
   52.00    33.31
   53.00    34.05
   54.00    34.80
   55.00    35.56
   56.00    36.33
   57.00    37.11
   58.00    37.90
   59.00    38.70
   60.00    39.51
   61.00    40.33
   62.00    41.15
   63.00    41.98
   64.00    42.82
   65.00    43.66
   66.00    44.51
   67.00    45.36
   68.00    46.22
   69.00    47.08
   70.00    47.95
   71.00    48.82
   72.00    49.70
   73.00    50.57
   74.00    51.46
   75.00    52.34
   76.00    53.23
   77.00    54.13
   78.00    55.02
   79.00    55.92
   80.00    56.82
   81.00    57.73
   82.00    58.63
   83.00    59.54
   84.00    60.45
   85.00    61.37
   86.00    62.28
   87.00    63.20
   88.00    64.12
   89.00    65.04
   90.00    65.97
   91.00    66.89
   92.00    67.82
   93.00    68.75
   94.00    69.68
   95.00    70.61
   96.00    71.54
   97.00    72.48
   98.00    73.41
   99.00    74.35
  100.00    75.29
  101.00    76.23
  102.00    77.17
  103.00    78.12
  104.00    79.06
  105.00    80.00
  106.00    80.95
  107.00    81.90
  108.00    82.85
  109.00    83.80
  110.00    84.75
  111.00    85.70
  112.00    86.65
  113.00    87.60
  114.00    88.55
  115.00    89.51
  116.00    90.46
  117.00    91.42
  118.00    92.38
  119.00    93.33
  120.00    94.29
  121.00    95.25
  122.00    96.21
  123.00    97.17
  124.00    98.13
  125.00    99.10
  126.00   100.06
  127.00   101.02
  128.00   101.98
  129.00   102.95
  130.00   103.91
  131.00   104.88
  132.00   105.84
  133.00   106.81
  134.00   107.78
  135.00   108.74
  136.00   109.71
  137.00   110.68
  138.00   111.65
  139.00   112.62
  140.00   113.59
  141.00   114.56
  142.00   115.53
  143.00   116.50
  144.00   117.47
  145.00   118.44
  146.00   119.42
  147.00   120.39
  148.00   121.36
  149.00   122.33
  150.00   123.31
  151.00   124.28
  152.00   125.26
  153.00   126.23
  154.00   127.21
  155.00   128.18
  156.00   129.16
  157.00   130.13
  158.00   131.11
  159.00   132.09
  160.00   133.06
  161.00   134.04
  162.00   135.02
  163.00   136.00
  164.00   136.97
  165.00   137.95
  166.00   138.93
  167.00   139.91
  168.00   140.89
  169.00   141.87
  170.00   142.85
  171.00   143.83
  172.00   144.81
  173.00   145.79
  174.00   146.77
  175.00   147.75
  176.00   148.73
  177.00   149.71
  178.00   150.69
  179.00   151.68
  180.00   152.66
  181.00   153.64
  182.00   154.62
  183.00   155.60
  184.00   156.59
  185.00   157.57
  186.00   158.55
  187.00   159.54
  188.00   160.52
  189.00   161.50
  190.00   162.49
  191.00   163.47
  192.00   164.46
  193.00   165.44
  194.00   166.42
  195.00   167.41
  196.00   168.39
  197.00   169.38
  198.00   170.36
  199.00   171.35
