#Run 1
5.0	0.5796954795504226
5.1	0.48170532923224063
5.2	0.4002875879655706
5.3	0.332637908182465
5.4	0.2764267800410067
5.5	0.23123838375897726
5.6	0.19615959514084744
5.7	0.16772291391166746
5.8	0.14299808992565344
5.9	0.12172487259825789
6.0	0.1079620154100029
6.1	0.09412312510816237
6.2	0.08436380930214987
6.3	0.06910995835032038
6.4	0.05442572191536771
6.5	0.06565303411335037
6.6	0.05141409937478905
6.7	0.044767291375909284
6.8	0.04024380511653395
6.9	0.03773976223859493
7.0	0.03295647402111444
7.1	0.021093703269074504
7.2	0.01482707640441819
7.300000000000001	0.011654335775313088
7.4	0.010756341144380876
7.5	0.009609219404865733
7.6	0.007890043855790238
7.7	0.005319913719661081
7.800000000000001	0.003147129319044973
7.9	0.0013677752031835888
8.0	3.9113034892748196E-4
8.1	6.825232127406015E-5
8.2	3.3772781846360755E-6
8.3	0.0
8.4	0.0
8.5	0.0
8.6	0.0
8.7	0.0
8.8	0.0
8.9	0.0
9.0	0.0
#Run 2
5.0	0.5796954795504226
5.1	0.48170532923224063
5.2	0.4002875879655706
5.3	0.332637908182465
5.4	0.2764267800410067
5.5	0.23123838375897726
5.6	0.19615959514084738
5.7	0.16772291391166744
5.8	0.1429980899256534
5.9	0.12172487259825787
6.0	0.10796201541000292
6.1	0.09412312510816243
6.2	0.0843638093021499
6.3	0.0692013786542272
6.4	0.05479266196137306
6.5	0.0700816477576891
6.6	0.0554727494934815
6.7	0.048286467157658296
6.8	0.043800323125061
6.9	0.04112988928809195
7.0	0.03660266635686835
7.1	0.024667266541756872
7.2	0.017124727980094966
7.300000000000001	0.012383596545568873
7.4	0.010318973202242588
7.5	0.008865876655981746
7.6	0.007176591033060694
7.7	0.004806655109241497
7.800000000000001	0.0029097481571531084
7.9	0.0013000271718289328
8.0	3.911303489274845E-4
8.1	6.825232127406066E-5
8.2	3.3772781846360628E-6
8.3	0.0
8.4	0.0
8.5	0.0
8.6	0.0
8.7	0.0
8.8	0.0
8.9	0.0
9.0	0.0
#Run 3
5.0	0.5796954795504226
5.1	0.48170532923224063
5.2	0.4002875879655706
5.3	0.332637908182465
5.4	0.2764267800410067
5.5	0.22971907661082433
5.6	0.1919757129592403
5.7	0.16234958521992876
5.8	0.13823184962504223
5.9	0.11731237574685537
6.0	0.09973169283774928
6.1	0.0848152486478749
6.2	0.07570565324492252
6.3	0.06690741656009777
6.4	0.05494950011964616
6.5	0.05818747645232235
6.6	0.04068477073409519
6.7	0.03619085972873549
6.8	0.032179399049035176
6.9	0.029075686648254797
7.0	0.02720036661516793
7.1	0.019665935264110403
7.2	0.01521738898545358
7.300000000000001	0.010808224775609797
7.4	0.008529208945310163
7.5	0.007818845522570974
7.6	0.006999957278295907
7.7	0.0052964906451172
7.800000000000001	0.003803995300111245
7.9	0.002171797435117183
8.0	9.306904772648621E-4
8.1	2.689364252595344E-4
8.2	4.9616335424089526E-5
8.3	2.645126892538653E-6
8.4	0.0
8.5	0.0
8.6	0.0
8.7	0.0
8.8	0.0
8.9	0.0
9.0	0.0
#Run 4
5.0	0.5796954795504226
5.1	0.48170532923224063
5.2	0.4002875879655706
5.3	0.332637908182465
5.4	0.2764267800410067
5.5	0.22971907661082433
5.6	0.1919757129592403
5.7	0.16234958521992876
5.8	0.13823184962504223
5.9	0.11731237574685537
6.0	0.09973169283774928
6.1	0.0848152486478749
6.2	0.07570565324492252
6.3	0.06690741656009777
6.4	0.054992862934213974
6.5	0.061345120810295986
6.6	0.043535758435685516
6.7	0.038718355090922744
6.8	0.03447163176983557
6.9	0.03144562504116367
7.0	0.029516347083872272
7.1	0.022191425984470367
7.2	0.017714086061992523
7.300000000000001	0.012431002596966292
7.4	0.009050787942469211
7.5	0.007515896158687183
7.6	0.0064771839991079935
7.7	0.004793484768217481
7.800000000000001	0.0034416626881566435
7.9	0.0020037444422636216
8.0	8.827285440670029E-4
8.1	2.689364252595344E-4
8.2	4.9616335424089526E-5
8.3	2.645126892538653E-6
8.4	0.0
8.5	0.0
8.6	0.0
8.7	0.0
8.8	0.0
8.9	0.0
9.0	0.0
#Run 5
5.0	0.5796954795504226
5.1	0.48170532923224063
5.2	0.4002875879655706
5.3	0.332637908182465
5.4	0.2764267800410067
5.5	0.22971907661082433
5.6	0.19090724114220933
5.7	0.15940510620562198
5.8	0.13444568964261458
5.9	0.11389653303698542
6.0	0.09652622457657045
6.1	0.07894202531928575
6.2	0.0691623789979749
6.3	0.06083556974047435
6.4	0.053437142692292425
6.5	0.054159202265480766
6.6	0.03619787877204996
6.7	0.02953121587804263
6.8	0.02636379885186948
6.9	0.02359756776865868
7.0	0.021467618194343115
7.1	0.015900311062031724
7.2	0.014395373338172422
7.300000000000001	0.011270275382368139
7.4	0.00816711000739601
7.5	0.006425357729702723
7.6	0.0057707732359937175
7.7	0.004717555002329657
7.800000000000001	0.00393989630827498
7.9	0.00274344530575394
8.0	0.001488126521480279
8.1	6.211990280728059E-4
8.2	1.8102718887957935E-4
8.3	3.6048267480465224E-5
8.4	2.117778230483166E-6
8.5	0.0
8.6	0.0
8.7	0.0
8.8	0.0
8.9	0.0
9.0	0.0
#Run 6
5.0	0.5796954795504226
5.1	0.48170532923224063
5.2	0.4002875879655706
5.3	0.332637908182465
5.4	0.2764267800410067
5.5	0.22971907661082433
5.6	0.19090724114220933
5.7	0.15940510620562198
5.8	0.13444568964261458
5.9	0.11389653303698542
6.0	0.09652622457657045
6.1	0.07894202531928575
6.2	0.0691623789979749
6.3	0.06083556974047435
6.4	0.053437142692292425
6.5	0.05643731391681439
6.6	0.038208251666997095
6.7	0.0313623570970762
6.8	0.028021336886527866
6.9	0.025131512778303017
7.0	0.023071519280497183
7.1	0.017496440812790212
7.2	0.016154081603521483
7.300000000000001	0.013020333239686533
7.4	0.009314075384035756
7.5	0.006797680798509142
7.6	0.005560121181969782
7.7	0.004349460802830998
7.800000000000001	0.0035849984135057273
7.9	0.002487529058490091
8.0	0.0013691541136364627
8.1	5.872445796544679E-4
8.2	1.8102718887957935E-4
8.3	3.6048267480465224E-5
8.4	2.117778230483166E-6
8.5	0.0
8.6	0.0
8.7	0.0
8.8	0.0
8.9	0.0
9.0	0.0
#Run 7
5.0	0.5796954795504226
5.1	0.48170532923224063
5.2	0.4002875879655706
5.3	0.332637908182465
5.4	0.2764267800410067
5.5	0.23029082442496138
5.6	0.1928838144252655
5.7	0.16206794997602733
5.8	0.13815905628455957
5.9	0.11972242326540924
6.0	0.10763961729357988
6.1	0.09400354384509191
6.2	0.08367833050151366
6.3	0.06791791857242001
6.4	0.053188703433275114
6.5	0.06486371973500268
6.6	0.051360637539190554
6.7	0.045536814154586054
6.8	0.04055254614348217
6.9	0.036041485333422565
7.0	0.02983423611933157
7.1	0.01893232146984887
7.2	0.014352001451949035
7.300000000000001	0.011462540836028372
7.4	0.009847147313467098
7.5	0.008023081117086397
7.6	0.006150906268735787
7.7	0.004222927320164096
7.800000000000001	0.0029705455187006564
7.9	0.0016141148952900288
8.0	5.51371417959561E-4
8.1	1.0681940763817093E-4
8.2	3.2623769688650525E-6
8.3	0.0
8.4	0.0
8.5	0.0
8.6	0.0
8.7	0.0
8.8	0.0
8.9	0.0
9.0	0.0
#Run 8
5.0	0.5796954795504226
5.1	0.48170532923224063
5.2	0.4002875879655706
5.3	0.332637908182465
5.4	0.2764267800410067
5.5	0.23029082442496138
5.6	0.1928838144252655
5.7	0.16206794997602733
5.8	0.13815905628455957
5.9	0.11972242326540924
6.0	0.10763961729357988
6.1	0.09400354384509191
6.2	0.08367833050151366
6.3	0.0680093388763268
6.4	0.053555643479280435
6.5	0.06929233337934142
6.6	0.05541928765788301
6.7	0.04905598994225977
6.8	0.04410906417529496
6.9	0.03943161242893502
7.0	0.03348042849877788
7.1	0.0225058847572333
7.2	0.016649653017062414
7.300000000000001	0.012191801589986393
7.4	0.009409779363192315
7.5	0.00727973836617401
7.6	0.0054374534460062485
7.7	0.0037096687097445116
7.800000000000001	0.002733164356808782
7.9	0.0015463668639353646
8.0	5.51371417959561E-4
8.1	1.0681940763817093E-4
8.2	3.2623769688650525E-6
8.3	0.0
8.4	0.0
8.5	0.0
8.6	0.0
8.7	0.0
8.8	0.0
8.9	0.0
9.0	0.0
#Run 9
5.0	0.5796954795504226
5.1	0.48170532923224063
5.2	0.4002875879655706
5.3	0.332637908182465
5.4	0.2764267800410067
5.5	0.22971907661082433
5.6	0.19147898895634638
5.7	0.1606323746440481
5.8	0.13526743755975537
5.9	0.11572850455246594
6.0	0.101241295897096
6.1	0.08807900695965051
6.2	0.07812852153189916
6.3	0.06784067253576269
6.4	0.055127294532388016
6.5	0.05831871199211444
6.6	0.04103792072795716
6.7	0.037174278785392124
6.8	0.03427376059978495
6.9	0.03151479704828807
7.0	0.02880981258534791
7.1	0.020001736241892356
7.2	0.015282346564951135
7.300000000000001	0.011600678944823025
7.4	0.00958141063746543
7.5	0.008415403457050379
7.6	0.006913658199755185
7.7	0.00500016436364849
7.800000000000001	0.003988392173516548
7.9	0.002901217349659787
8.0	0.0015943287971314055
8.1	5.513714179588429E-4
8.2	1.0681940763803027E-4
8.3	3.2623769688646574E-6
8.4	0.0
8.5	0.0
8.6	0.0
8.7	0.0
8.8	0.0
8.9	0.0
9.0	0.0
#Run 10
5.0	0.5796954795504226
5.1	0.48170532923224063
5.2	0.4002875879655706
5.3	0.332637908182465
5.4	0.2764267800410067
5.5	0.22971907661082433
5.6	0.19147898895634638
5.7	0.1606323746440481
5.8	0.13526743755975537
5.9	0.11572850455246594
6.0	0.101241295897096
6.1	0.08807900695965051
6.2	0.07812852153189916
6.3	0.06784067253576269
6.4	0.05517065734695583
6.5	0.061476356350088086
6.6	0.043888908429547485
6.7	0.03970177414757938
6.8	0.03656599332058535
6.9	0.033884735441196946
7.0	0.03112579305405225
7.1	0.02252722696225232
7.2	0.01777904364149008
7.300000000000001	0.01322345676617952
7.4	0.010102989634624476
7.5	0.008112454093166587
7.6	0.006390884920567271
7.7	0.00449715848674877
7.800000000000001	0.0036260595615619467
7.9	0.002733164356806226
8.0	0.0015463668639335462
8.1	5.513714179588429E-4
8.2	1.0681940763803027E-4
8.3	3.2623769688646574E-6
8.4	0.0
8.5	0.0
8.6	0.0
8.7	0.0
8.8	0.0
8.9	0.0
9.0	0.0
#Run 11
5.0	0.5796954795504226
5.1	0.48170532923224063
5.2	0.4002875879655706
5.3	0.332637908182465
5.4	0.2764267800410067
5.5	0.22971907661082433
5.6	0.19090724114220933
5.7	0.15922754917512894
5.8	0.13383186222777602
5.9	0.11283688582766283
6.0	0.0972473771841525
6.1	0.08293943568248117
6.2	0.07496690610086595
6.3	0.06505967021163478
6.4	0.05551681518127104
6.5	0.05530676501866172
6.6	0.03729776397930785
6.7	0.030696857911859964
6.8	0.028101354503163645
6.9	0.026622377910025394
7.0	0.02524848172454693
7.1	0.019433263858863313
7.2	0.016726401916784123
7.300000000000001	0.012644973910075458
7.4	0.00971055771717892
7.5	0.008237833299276886
7.6	0.007325256042581066
7.7	0.0056365143439281
7.800000000000001	0.004641378896248828
7.9	0.0038227850648299465
8.0	0.0028521367646434054
8.1	0.0015803213123471952
8.2	5.51371417957001E-4
8.3	1.068194076376684E-4
8.4	3.2623769688638218E-6
8.5	0.0
8.6	0.0
8.7	0.0
8.8	0.0
8.9	0.0
9.0	0.0
#Run 12
5.0	0.5796954795504226
5.1	0.48170532923224063
5.2	0.4002875879655706
5.3	0.332637908182465
5.4	0.2764267800410067
5.5	0.22971907661082433
5.6	0.19090724114220933
5.7	0.15922754917512894
5.8	0.13383186222777602
5.9	0.11283688582766283
6.0	0.0972473771841525
6.1	0.08293943568248117
6.2	0.07496690610086595
6.3	0.06505967021163478
6.4	0.05551681518127104
6.5	0.057584876669995344
6.6	0.03930813687425498
6.7	0.032527999130893534
6.8	0.029758892537822032
6.9	0.028156322919669727
7.0	0.026852382810700997
7.1	0.0210293936096218
7.2	0.018485110182133183
7.300000000000001	0.014395031767393852
7.4	0.010857523093818667
7.5	0.008610156368083306
7.6	0.00711460398855713
7.7	0.005268420144429442
7.800000000000001	0.004286481001479575
7.9	0.0035668688175660972
8.0	0.0027331643567995887
8.1	0.001546366863928857
8.2	5.51371417957001E-4
8.3	1.068194076376684E-4
8.4	3.2623769688638218E-6
8.5	0.0
8.6	0.0
8.7	0.0
8.8	0.0
8.9	0.0
9.0	0.0
#Run 13
5.0	0.5796954795504226
5.1	0.48170532923224063
5.2	0.4002875879655706
5.3	0.332637908182465
5.4	0.2764267800410067
5.5	0.22971907661082433
5.6	0.19090724114220933
5.7	0.15865580136099192
5.8	0.13185528894471998
5.9	0.10942473721262766
6.0	0.09525359768909206
6.1	0.08515329063684225
6.2	0.07875872262784919
6.3	0.0643291460843917
6.4	0.04951039711335753
6.5	0.07118826185624648
6.6	0.05728233054206319
6.7	0.04964858039440207
6.8	0.04279166009669018
6.9	0.036833364263459116
7.0	0.028941281237688177
7.1	0.020341804175977543
7.2	0.017081533692915735
7.300000000000001	0.012860197544935201
7.4	0.010764010266846582
7.5	0.009403970721910116
7.6	0.007874404577055233
7.7	0.004562365091326702
7.800000000000001	0.003674959126717147
7.9	0.001852555020901892
8.0	0.0
8.1	0.0
8.2	0.0
8.3	0.0
8.4	0.0
8.5	0.0
8.6	0.0
8.7	0.0
8.8	0.0
8.9	0.0
9.0	0.0
#Run 14
5.0	0.5796954795504226
5.1	0.48170532923224063
5.2	0.4002875879655706
5.3	0.332637908182465
5.4	0.2764267800410067
5.5	0.22971907661082433
5.6	0.19090724114220933
5.7	0.15865580136099192
5.8	0.13185528894471998
5.9	0.10942473721262766
6.0	0.09525359768909206
6.1	0.08515329063684225
6.2	0.07875872262784919
6.3	0.0644205663882985
6.4	0.04987733715936285
6.5	0.07561687550058521
6.6	0.06134098066075565
6.7	0.05316775618207579
6.8	0.046348178128502976
6.9	0.04022349135897157
7.0	0.03258747361713449
7.1	0.023915367463361974
7.2	0.019379185258029112
7.300000000000001	0.013589458298893225
7.4	0.010326642316571799
7.5	0.008660627970997729
7.6	0.007160951754325694
7.7	0.004049106480907117
7.800000000000001	0.0034375779648252724
7.9	0.001784806989547228
8.0	0.0
8.1	0.0
8.2	0.0
8.3	0.0
8.4	0.0
8.5	0.0
8.6	0.0
8.7	0.0
8.8	0.0
8.9	0.0
9.0	0.0
#Run 15
5.0	0.5796954795504226
5.1	0.48170532923224063
5.2	0.4002875879655706
5.3	0.332637908182465
5.4	0.2764267800410067
5.5	0.22971907661082433
5.6	0.19090724114220933
5.7	0.15865580136099192
5.8	0.13185528894471998
5.9	0.10942473721262766
6.0	0.09094360984431796
6.1	0.07569298735516741
6.2	0.06927826832365279
6.3	0.06292106466209951
6.4	0.051538522044360074
6.5	0.06136158385198385
6.6	0.04440737720291563
6.7	0.04014088614197955
6.8	0.03543044119331605
6.9	0.030798825355211463
7.0	0.026646605869100098
7.1	0.01689250306139808
7.2	0.014475550972228442
7.300000000000001	0.012113932886938064
7.4	0.009208572459316732
7.5	0.007714846246066571
7.6	0.006677127640215742
7.7	0.005106242507605372
7.800000000000001	0.0032233066645981235
7.9	0.002596858587014774
8.0	0.001309425047894732
8.1	0.0
8.2	0.0
8.3	0.0
8.4	0.0
8.5	0.0
8.6	0.0
8.7	0.0
8.8	0.0
8.9	0.0
9.0	0.0
#Run 16
5.0	0.5796954795504226
5.1	0.48170532923224063
5.2	0.4002875879655706
5.3	0.332637908182465
5.4	0.2764267800410067
5.5	0.22971907661082433
5.6	0.19090724114220933
5.7	0.15865580136099192
5.8	0.13185528894471998
5.9	0.10942473721262766
6.0	0.09094360984431796
6.1	0.07569298735516741
6.2	0.06927826832365279
6.3	0.06292106466209951
6.4	0.05158188485892788
6.5	0.06451922820995748
6.6	0.04725836490450596
6.7	0.0426683815041668
6.8	0.03772267391411645
6.9	0.03316876374812033
7.0	0.02896258633780444
7.1	0.019417993781758045
7.2	0.016972248048767385
7.300000000000001	0.013736710708294561
7.4	0.009730151456475778
7.5	0.007411896882182781
7.6	0.006154354361027827
7.7	0.004603236630705652
7.800000000000001	0.002860974052643522
7.9	0.002428805594161213
8.0	0.0012614631146968727
8.1	0.0
8.2	0.0
8.3	0.0
8.4	0.0
8.5	0.0
8.6	0.0
8.7	0.0
8.8	0.0
8.9	0.0
9.0	0.0
#Run 17
5.0	0.5796954795504226
5.1	0.48170532923224063
5.2	0.4002875879655706
5.3	0.332637908182465
5.4	0.2764267800410067
5.5	0.22971907661082433
5.6	0.19090724114220933
5.7	0.15865580136099192
5.8	0.13185528894471998
5.9	0.10942473721262766
6.0	0.09094360984431796
6.1	0.07264174962971276
6.2	0.06258088649639569
6.3	0.056209417003397225
6.4	0.050597207307611386
6.5	0.05641647570081014
6.6	0.038317940829567125
6.7	0.03204361937720834
6.8	0.02904526685014116
6.9	0.025756363493947228
7.0	0.02250981502186183
7.1	0.015247362133007678
7.2	0.012066575010575273
7.300000000000001	0.010287584591636954
7.4	0.008673217933577436
7.5	0.006619734964205827
7.6	0.00548533740889003
7.7	0.0042606223616818385
7.800000000000001	0.0036080956175004843
7.9	0.0022785477694103043
8.0	0.0018360311373949673
8.1	9.259606716272667E-4
8.2	0.0
8.3	0.0
8.4	0.0
8.5	0.0
8.6	0.0
8.7	0.0
8.8	0.0
8.9	0.0
9.0	0.0
#Run 18
5.0	0.5796954795504226
5.1	0.48170532923224063
5.2	0.4002875879655706
5.3	0.332637908182465
5.4	0.2764267800410067
5.5	0.22971907661082433
5.6	0.19090724114220933
5.7	0.15865580136099192
5.8	0.13185528894471998
5.9	0.10942473721262766
6.0	0.09094360984431796
6.1	0.07264174962971276
6.2	0.06258088649639569
6.3	0.056209417003397225
6.4	0.050597207307611386
6.5	0.058694587352143765
6.6	0.04032831372451426
6.7	0.033874760596241914
6.8	0.030702804884799546
6.9	0.02729030850359156
7.0	0.0241137161080159
7.1	0.016843491883766167
7.2	0.013825283275924334
7.300000000000001	0.012037642448955348
7.4	0.009820183310217181
7.5	0.006992058033012246
7.6	0.005274685354866095
7.7	0.0038925281621831798
7.800000000000001	0.003253197722731232
7.9	0.0020226315221464554
8.0	0.0017170587295511509
8.1	8.920062232089286E-4
8.2	0.0
8.3	0.0
8.4	0.0
8.5	0.0
8.6	0.0
8.7	0.0
8.8	0.0
8.9	0.0
9.0	0.0
#Run 19
5.0	0.5796954795504226
5.1	0.48170532923224063
5.2	0.4002875879655706
5.3	0.332637908182465
5.4	0.2764267800410067
5.5	0.22971907661082433
5.6	0.19090724114220933
5.7	0.15865580136099192
5.8	0.13185528894471998
5.9	0.10942473721262766
6.0	0.09525359768909206
6.1	0.08515329063684225
6.2	0.07875872262784919
6.3	0.0643291460843917
6.4	0.04951039711335753
6.5	0.07118826185624648
6.6	0.05728233054206319
6.7	0.04964858039440207
6.8	0.04279166009669018
6.9	0.036833364263459116
7.0	0.028941281237688177
7.1	0.020341804175977543
7.2	0.017081533692915735
7.300000000000001	0.012860197544935201
7.4	0.010764010266846582
7.5	0.009403970721910116
7.6	0.007874404577055233
7.7	0.004562365091326702
7.800000000000001	0.003674959126717147
7.9	0.001852555020901892
8.0	0.0
8.1	0.0
8.2	0.0
8.3	0.0
8.4	0.0
8.5	0.0
8.6	0.0
8.7	0.0
8.8	0.0
8.9	0.0
9.0	0.0
#Run 20
5.0	0.5796954795504226
5.1	0.48170532923224063
5.2	0.4002875879655706
5.3	0.332637908182465
5.4	0.2764267800410067
5.5	0.22971907661082433
5.6	0.19090724114220933
5.7	0.15865580136099192
5.8	0.13185528894471998
5.9	0.10942473721262766
6.0	0.09525359768909206
6.1	0.08515329063684225
6.2	0.07875872262784919
6.3	0.0644205663882985
6.4	0.04987733715936285
6.5	0.07561687550058521
6.6	0.06134098066075565
6.7	0.05316775618207579
6.8	0.046348178128502976
6.9	0.04022349135897157
7.0	0.03258747361713449
7.1	0.023915367463361974
7.2	0.019379185258029112
7.300000000000001	0.013589458298893225
7.4	0.010326642316571799
7.5	0.008660627970997729
7.6	0.007160951754325694
7.7	0.004049106480907117
7.800000000000001	0.0034375779648252724
7.9	0.001784806989547228
8.0	0.0
8.1	0.0
8.2	0.0
8.3	0.0
8.4	0.0
8.5	0.0
8.6	0.0
8.7	0.0
8.8	0.0
8.9	0.0
9.0	0.0
#Run 21
5.0	0.5796954795504226
5.1	0.48170532923224063
5.2	0.4002875879655706
5.3	0.332637908182465
5.4	0.2764267800410067
5.5	0.22971907661082433
5.6	0.19090724114220933
5.7	0.15865580136099192
5.8	0.13185528894471998
5.9	0.10942473721262766
6.0	0.09094360984431796
6.1	0.07569298735516741
6.2	0.06927826832365279
6.3	0.06292106466209951
6.4	0.051538522044360074
6.5	0.06136158385198385
6.6	0.04440737720291563
6.7	0.04014088614197955
6.8	0.03543044119331605
6.9	0.030798825355211463
7.0	0.026646605869100098
7.1	0.01689250306139808
7.2	0.014475550972228442
7.300000000000001	0.012113932886938064
7.4	0.009208572459316732
7.5	0.007714846246066571
7.6	0.006677127640215742
7.7	0.005106242507605372
7.800000000000001	0.0032233066645981235
7.9	0.002596858587014774
8.0	0.001309425047894732
8.1	0.0
8.2	0.0
8.3	0.0
8.4	0.0
8.5	0.0
8.6	0.0
8.7	0.0
8.8	0.0
8.9	0.0
9.0	0.0
#Run 22
5.0	0.5796954795504226
5.1	0.48170532923224063
5.2	0.4002875879655706
5.3	0.332637908182465
5.4	0.2764267800410067
5.5	0.22971907661082433
5.6	0.19090724114220933
5.7	0.15865580136099192
5.8	0.13185528894471998
5.9	0.10942473721262766
6.0	0.09094360984431796
6.1	0.07569298735516741
6.2	0.06927826832365279
6.3	0.06292106466209951
6.4	0.05158188485892788
6.5	0.06451922820995748
6.6	0.04725836490450596
6.7	0.0426683815041668
6.8	0.03772267391411645
6.9	0.03316876374812033
7.0	0.02896258633780444
7.1	0.019417993781758045
7.2	0.016972248048767385
7.300000000000001	0.013736710708294561
7.4	0.009730151456475778
7.5	0.007411896882182781
7.6	0.006154354361027827
7.7	0.004603236630705652
7.800000000000001	0.002860974052643522
7.9	0.002428805594161213
8.0	0.0012614631146968727
8.1	0.0
8.2	0.0
8.3	0.0
8.4	0.0
8.5	0.0
8.6	0.0
8.7	0.0
8.8	0.0
8.9	0.0
9.0	0.0
#Run 23
5.0	0.5796954795504226
5.1	0.48170532923224063
5.2	0.4002875879655706
5.3	0.332637908182465
5.4	0.2764267800410067
5.5	0.22971907661082433
5.6	0.19090724114220933
5.7	0.15865580136099192
5.8	0.13185528894471998
5.9	0.10942473721262766
6.0	0.09094360984431796
6.1	0.07264174962971276
6.2	0.06258088649639569
6.3	0.056209417003397225
6.4	0.050597207307611386
6.5	0.05641647570081014
6.6	0.038317940829567125
6.7	0.03204361937720834
6.8	0.02904526685014116
6.9	0.025756363493947228
7.0	0.02250981502186183
7.1	0.015247362133007678
7.2	0.012066575010575273
7.300000000000001	0.010287584591636954
7.4	0.008673217933577436
7.5	0.006619734964205827
7.6	0.00548533740889003
7.7	0.0042606223616818385
7.800000000000001	0.0036080956175004843
7.9	0.0022785477694103043
8.0	0.0018360311373949673
8.1	9.259606716272667E-4
8.2	0.0
8.3	0.0
8.4	0.0
8.5	0.0
8.6	0.0
8.7	0.0
8.8	0.0
8.9	0.0
9.0	0.0
#Run 24
5.0	0.5796954795504226
5.1	0.48170532923224063
5.2	0.4002875879655706
5.3	0.332637908182465
5.4	0.2764267800410067
5.5	0.22971907661082433
5.6	0.19090724114220933
5.7	0.15865580136099192
5.8	0.13185528894471998
5.9	0.10942473721262766
6.0	0.09094360984431796
6.1	0.07264174962971276
6.2	0.06258088649639569
6.3	0.056209417003397225
6.4	0.050597207307611386
6.5	0.058694587352143765
6.6	0.04032831372451426
6.7	0.033874760596241914
6.8	0.030702804884799546
6.9	0.02729030850359156
7.0	0.0241137161080159
7.1	0.016843491883766167
7.2	0.013825283275924334
7.300000000000001	0.012037642448955348
7.4	0.009820183310217181
7.5	0.006992058033012246
7.6	0.005274685354866095
7.7	0.0038925281621831798
7.800000000000001	0.003253197722731232
7.9	0.0020226315221464554
8.0	0.0017170587295511509
8.1	8.920062232089286E-4
8.2	0.0
8.3	0.0
8.4	0.0
8.5	0.0
8.6	0.0
8.7	0.0
8.8	0.0
8.9	0.0
9.0	0.0
#Run 25
5.0	0.5796954795504226
5.1	0.48170532923224063
5.2	0.4002875879655706
5.3	0.33725340987116403
5.4	0.2903137867090735
5.5	0.25247282011605016
5.6	0.21540584746229502
5.7	0.18519791067155295
5.8	0.1651352178044948
5.9	0.15119567486419688
6.0	0.13887063370198052
6.1	0.11235132799423714
6.2	0.0888736064947578
6.3	0.0764518508663621
6.4	0.07528454021185078
6.5	0.09384662606725386
6.6	0.0750187019267858
6.7	0.06328403923713387
6.8	0.05180608065973176
6.9	0.03949211176712363
7.0	0.026824072016148507
7.1	0.014380792838732118
7.2	0.011154359459627172
7.300000000000001	0.010501178017894169
7.4	0.009489111512424684
7.5	0.008100825829133022
7.6	0.006464908241411673
7.7	0.004659148265393647
7.800000000000001	0.0031603411634031882
7.9	0.0016965021829952692
8.0	6.507828566168358E-4
8.1	2.1823118036787086E-4
8.2	5.292731572940952E-5
8.3	8.549128468975567E-6
8.4	0.0
8.5	0.0
8.6	0.0
8.7	0.0
8.8	0.0
8.9	0.0
9.0	0.0
#Run 26
5.0	0.5796954795504226
5.1	0.48170532923224063
5.2	0.4002875879655706
5.3	0.33725340987116403
5.4	0.2903137867090735
5.5	0.25247282011605016
5.6	0.21540584746229502
5.7	0.18519791067155295
5.8	0.1651352178044948
5.9	0.15119567486419688
6.0	0.13887063370198052
6.1	0.11253373548144535
6.2	0.0897117473147356
6.3	0.07809366392044648
6.4	0.07757378383313579
6.5	0.10291362896291399
6.6	0.08331029159618121
6.7	0.06915849045342821
6.8	0.05686467456236984
6.9	0.04509835163107826
7.0	0.03212574515437256
7.1	0.01755901861645731
7.2	0.012585154686237391
7.300000000000001	0.010323780049541612
7.4	0.008755288485736375
7.5	0.007321326250514957
7.6	0.005909658911149856
7.7	0.004293452332311016
7.800000000000001	0.0028734456295978024
7.9	0.0015605811191186545
8.0	6.028209234189765E-4
8.1	2.1823118036787086E-4
8.2	5.292731572940952E-5
8.3	8.549128468975567E-6
8.4	0.0
8.5	0.0
8.6	0.0
8.7	0.0
8.8	0.0
8.9	0.0
9.0	0.0
#Run 27
5.0	0.5796954795504226
5.1	0.48170532923224063
5.2	0.4002875879655706
5.3	0.332637908182465
5.4	0.27968543570640036
5.5	0.23952363871618684
5.6	0.20700345094951436
5.7	0.1760999586621109
5.8	0.1509395905764104
5.9	0.13333969800141207
6.0	0.12071864014731491
6.1	0.10663758501584615
6.2	0.08858506988238507
6.3	0.07015048024151578
6.4	0.05942172953348107
6.5	0.07783062398684044
6.6	0.062275375909118795
6.7	0.05031159399678359
6.8	0.04391279399477219
6.9	0.0370266995085548
7.0	0.02866628522829952
7.1	0.015613913879539927
7.2	0.010524843901295818
7.300000000000001	0.008083167554821802
7.4	0.007548686778749258
7.5	0.006837088116811994
7.6	0.005921504442607147
7.7	0.004313902649151569
7.800000000000001	0.003384792858679897
7.9	0.0022094809026277657
8.0	0.001156674047809343
8.1	4.44017371511002E-4
8.2	1.52026277848025E-4
8.3	3.881193192107596E-5
8.4	6.112873584394478E-6
8.5	0.0
8.6	0.0
8.7	0.0
8.8	0.0
8.9	0.0
9.0	0.0
#Run 28
5.0	0.5796954795504226
5.1	0.48170532923224063
5.2	0.4002875879655706
5.3	0.332637908182465
5.4	0.27968543570640036
5.5	0.23952363871618684
5.6	0.20700345094951436
5.7	0.1760999586621109
5.8	0.1509395905764104
5.9	0.13333969800141207
6.0	0.12071864014731491
6.1	0.10663758501584615
6.2	0.08871420449399423
6.3	0.07074383850173933
6.4	0.06058404416386696
6.5	0.083892207428046
6.6	0.06790401973005049
6.7	0.055524244831566816
6.8	0.047791863970015974
6.9	0.04044829756166494
7.0	0.032502439481496045
7.1	0.01929715616462398
7.2	0.012769610808877244
7.300000000000001	0.009095618047175623
7.4	0.007432225913887296
7.5	0.006323724885327735
7.6	0.005372685148504689
7.7	0.003922522854823977
7.800000000000001	0.0031266160306773253
7.9	0.0020069700168259103
8.0	0.0010604493036288866
8.1	4.100629230926639E-4
8.2	1.52026277848025E-4
8.3	3.881193192107596E-5
8.4	6.112873584394478E-6
8.5	0.0
8.6	0.0
8.7	0.0
8.8	0.0
8.9	0.0
9.0	0.0
#Run 29
5.0	0.5796954795504226
5.1	0.48170532923224063
5.2	0.4002875879655706
5.3	0.332637908182465
5.4	0.2764267800410067
5.5	0.23201715884965352
5.6	0.19782165381646444
5.7	0.1700389315491551
5.8	0.14430571564997494
5.9	0.12323033660048271
6.0	0.10822987314549687
6.1	0.09392502283960574
6.2	0.08455428713416469
6.3	0.06992965144555177
6.4	0.055339297412465946
6.5	0.06374188888595886
6.6	0.04976917748192618
6.7	0.04241567949661967
6.8	0.03585256618349555
6.9	0.03190556306898618
7.0	0.027274417999794503
7.1	0.017104766935891167
7.2	0.011534110795310836
7.300000000000001	0.007841902987370518
7.4	0.0060894633677454815
7.5	0.0055948664920696806
7.6	0.005004293737853463
7.7	0.003945212401476659
7.800000000000001	0.0032789061894737334
7.9	0.002522733326733186
8.0	0.0015706241609120195
8.1	7.827942151930567E-4
8.2	2.916094636637668E-4
8.3	1.0071504884681757E-4
8.4	2.773388862694871E-5
8.5	4.372938285359526E-6
8.6	0.0
8.7	0.0
8.8	0.0
8.9	0.0
9.0	0.0
#Run 30
5.0	0.5796954795504226
5.1	0.48170532923224063
5.2	0.4002875879655706
5.3	0.332637908182465
5.4	0.2764267800410067
5.5	0.23201715884965352
5.6	0.19782165381646444
5.7	0.1700389315491551
5.8	0.14430571564997494
5.9	0.12323033660048271
6.0	0.10822987314549687
6.1	0.09392502283960574
6.2	0.08455428713416469
6.3	0.07002107174945857
6.4	0.05570623745847127
6.5	0.06815187485801988
6.6	0.05381233377767807
6.7	0.04592196808369554
6.8	0.03921695299044176
6.9	0.03451816853300841
7.0	0.029616129605076435
7.1	0.01975352073858217
7.2	0.014105787591972148
7.300000000000001	0.009428580690562212
7.4	0.006806217231871041
7.5	0.0055176071087930986
7.6	0.004644371444173935
7.7	0.0035584223290052773
7.800000000000001	0.00300281999011061
7.9	0.002340376130120602
8.0	0.0014276051106036497
8.1	7.146723131970605E-4
8.2	2.675715550449157E-4
8.3	1.0071504884681757E-4
8.4	2.773388862694871E-5
8.5	4.372938285359526E-6
8.6	0.0
8.7	0.0
8.8	0.0
8.9	0.0
9.0	0.0
#Run 31
5.0	0.5796954795504226
5.1	0.48170532923224063
5.2	0.4002875879655706
5.3	0.3334466624636647
5.4	0.27886013980411695
5.5	0.23428375002330315
5.6	0.19790423863795625
5.7	0.16962838764362143
5.8	0.15226391062194272
5.9	0.14214919662421271
6.0	0.13226960889997005
6.1	0.10607757076569382
6.2	0.08312623060238478
6.3	0.07222197382674633
6.4	0.0722527918250592
6.5	0.09154127665318779
6.6	0.07125948577730006
6.7	0.05601109018275479
6.8	0.041885606463824145
6.9	0.031694420084578685
7.0	0.023713557830546194
7.1	0.014000301507984607
7.2	0.010989490669237472
7.300000000000001	0.0094006084691059
7.4	0.007927997219353281
7.5	0.00650346904992667
7.6	0.004873867361568601
7.7	0.003455957113104804
7.800000000000001	0.0029683773511959984
7.9	0.0023789560083012536
8.0	0.0014622365085699834
8.1	5.962601119241582E-4
8.2	1.4523723246411398E-4
8.3	8.971072177433409E-6
8.4	0.0
8.5	0.0
8.6	0.0
8.7	0.0
8.8	0.0
8.9	0.0
9.0	0.0
#Run 32
5.0	0.5796954795504226
5.1	0.48170532923224063
5.2	0.4002875879655706
5.3	0.3334466624636647
5.4	0.27886013980411695
5.5	0.23428375002330315
5.6	0.19790423863795625
5.7	0.16962838764362143
5.8	0.15226391062194272
5.9	0.14214919662421271
6.0	0.13226960889997005
6.1	0.10625997825290205
6.2	0.08396437142236257
6.3	0.07386378688083071
6.4	0.07454203544634422
6.5	0.10060827954884792
6.6	0.07955107544669547
6.7	0.061885541399049136
6.8	0.04694420036646223
6.9	0.037300659948533314
7.0	0.029015230968770244
7.1	0.017178527285709802
7.2	0.01242028589584769
7.300000000000001	0.009223210500753344
7.4	0.007194174192664972
7.5	0.005723969471308605
7.6	0.004318618031306783
7.7	0.0030902611800221733
7.800000000000001	0.0026814818173906125
7.9	0.002243034944424639
8.0	0.0014142745753721242
8.1	5.962601119241582E-4
8.2	1.4523723246411398E-4
8.3	8.971072177433409E-6
8.4	0.0
8.5	0.0
8.6	0.0
8.7	0.0
8.8	0.0
8.9	0.0
9.0	0.0
#Run 33
5.0	0.5796954795504226
5.1	0.48170532923224063
5.2	0.4002875879655706
5.3	0.332637908182465
5.4	0.2772355343222064
5.5	0.23215243637393468
5.6	0.1954719145546882
5.7	0.16565279885673875
5.8	0.14282787522734905
5.9	0.12732182221280924
6.0	0.11637728439584688
6.1	0.10321748119169573
6.2	0.08515208513424044
6.3	0.06703952285196874
6.4	0.05735037040748761
6.5	0.07673363667004836
6.6	0.06197781679454445
6.7	0.04947615722990257
6.8	0.04126864814229078
6.9	0.03259917575553987
7.0	0.024845087667993464
7.1	0.014282728276436172
7.2	0.010948741564255638
7.300000000000001	0.008876026579208123
7.4	0.007864248945345771
7.5	0.006727558913291855
7.6	0.005492384572412675
7.7	0.00381173589137367
7.800000000000001	0.003264828859841986
7.9	0.002883992703188172
8.0	0.002339259688599523
8.1	0.0014482290237859791
8.2	5.962601119221198E-4
8.3	1.45237232463632E-4
8.4	8.971072177431584E-6
8.5	0.0
8.6	0.0
8.7	0.0
8.8	0.0
8.9	0.0
9.0	0.0
#Run 34
5.0	0.5796954795504226
5.1	0.48170532923224063
5.2	0.4002875879655706
5.3	0.332637908182465
5.4	0.2772355343222064
5.5	0.23215243637393468
5.6	0.1954719145546882
5.7	0.16565279885673875
5.8	0.14282787522734905
5.9	0.12732182221280924
6.0	0.11637728439584688
6.1	0.10321748119169573
6.2	0.08528121974584961
6.3	0.06763288111219228
6.4	0.058512685037873505
6.5	0.08279522011125393
6.6	0.06760646061547615
6.7	0.0546888080646858
6.8	0.045147718117534576
6.9	0.03602077380865001
7.0	0.028681241921189985
7.1	0.017965970561520224
7.2	0.013193508471837064
7.300000000000001	0.009888477071561944
7.4	0.007747788080483809
7.5	0.006214195681807595
7.6	0.0049435652783102165
7.7	0.0034203560970460767
7.800000000000001	0.003006652031839414
7.9	0.0026814818173863165
8.0	0.002243034944419067
8.1	0.001414274575367641
8.2	5.962601119221198E-4
8.3	1.45237232463632E-4
8.4	8.971072177431584E-6
8.5	0.0
8.6	0.0
8.7	0.0
8.8	0.0
8.9	0.0
9.0	0.0
#Run 35
5.0	0.5796954795504226
5.1	0.48170532923224063
5.2	0.4002875879655706
5.3	0.332637908182465
5.4	0.2764267800410067
5.5	0.23052783089202408
5.6	0.19334060090531974
5.7	0.1632204747734707
5.8	0.138852286440466
5.9	0.12039732349525469
6.0	0.10706266304166007
6.1	0.09291394377471215
6.2	0.08338590062034391
6.3	0.06850777959863313
6.4	0.054106480858313336
6.5	0.0632468240642933
6.6	0.050153206503308734
6.7	0.043656129134225
6.8	0.03699876776908549
6.9	0.03205924558910667
7.0	0.026125882110634425
7.1	0.01570709871514979
7.2	0.011285550609839058
7.300000000000001	0.008721086620941614
7.4	0.007427589113166039
7.5	0.006764869756974396
7.6	0.005799109359353128
7.7	0.004284666765847883
7.800000000000001	0.0035155219139920554
7.9	0.0031298184844561323
8.0	0.0028245008676844427
8.1	0.0023111568464019233
8.2	0.0014383124839760064
8.3	5.962601119173626E-4
8.4	1.452372324625225E-4
8.5	8.971072177426909E-6
8.6	0.0
8.7	0.0
8.8	0.0
8.9	0.0
9.0	0.0
#Run 36
5.0	0.5796954795504226
5.1	0.48170532923224063
5.2	0.4002875879655706
5.3	0.332637908182465
5.4	0.2764267800410067
5.5	0.23052783089202408
5.6	0.19334060090531974
5.7	0.1632204747734707
5.8	0.138852286440466
5.9	0.12039732349525469
6.0	0.10706266304166007
6.1	0.09291394377471215
6.2	0.08338590062034391
6.3	0.06859919990253992
6.4	0.054473420904318656
6.5	0.06765681003635432
6.6	0.05419636279906063
6.7	0.04716241772130087
6.8	0.04036315457603171
6.9	0.03467185105312891
7.0	0.028467593715916357
7.1	0.018355852517840797
7.2	0.01385722740650037
7.300000000000001	0.010307764324133308
7.4	0.008144342977291599
7.5	0.006687610373697814
7.6	0.005439187065673601
7.7	0.0038978766933765
7.800000000000001	0.003239435714628932
7.9	0.0029474612878435482
8.0	0.002681481817376073
8.1	0.0022430349444059272
8.2	0.0014142745753571552
8.3	5.962601119173626E-4
8.4	1.452372324625225E-4
8.5	8.971072177426909E-6
8.6	0.0
8.7	0.0
8.8	0.0
8.9	0.0
9.0	0.0
#Run 37
5.0	0.5796954795504226
5.1	0.48170532923224063
5.2	0.4002875879655706
5.3	0.332637908182465
5.4	0.2764267800410067
5.5	0.22971907661082433
5.6	0.19090724114220933
5.7	0.15865580136099192
5.8	0.14045484526937166
5.9	0.13438854348634108
6.0	0.1277527600598
6.1	0.10244618712051035
6.2	0.07961147451893658
6.3	0.06890604570481812
6.4	0.06827751704044208
6.5	0.09881331704218599
6.6	0.0773688328681885
6.7	0.061037664987885765
6.8	0.041163702671461966
6.9	0.03304742710322388
7.0	0.027123413339464403
7.1	0.017903517499675385
7.2	0.01235947192221025
7.300000000000001	0.009793387254587775
7.4	0.008609943351332179
7.5	0.007690565682729846
7.6	0.0061940498286786804
7.7	0.003036573151837745
7.800000000000001	0.0023462442364786547
7.9	0.0021952697665498836
8.0	9.399681564067879E-4
8.1	8.920062232089286E-4
8.2	0.0
8.3	0.0
8.4	0.0
8.5	0.0
8.6	0.0
8.7	0.0
8.8	0.0
8.9	0.0
9.0	0.0
#Run 38
5.0	0.5796954795504226
5.1	0.48170532923224063
5.2	0.4002875879655706
5.3	0.332637908182465
5.4	0.2764267800410067
5.5	0.22971907661082433
5.6	0.19090724114220933
5.7	0.15865580136099192
5.8	0.14045484526937166
5.9	0.13438854348634108
6.0	0.1277527600598
6.1	0.10262859460771856
6.2	0.08044961533891437
6.3	0.07054785875890252
6.4	0.0705667606617271
6.5	0.10788031993784611
6.6	0.08566042253758391
6.7	0.06691211620418012
6.8	0.04622229657410005
6.9	0.038653666967178514
7.0	0.03242508647768846
7.1	0.021081743277400578
7.2	0.01379026714882047
7.300000000000001	0.00961598928623522
7.4	0.00787612032464387
7.5	0.00691106610411178
7.6	0.005638800498416862
7.7	0.002670877218755114
7.800000000000001	0.002059348702673269
7.9	0.002059348702673269
8.0	8.920062232089286E-4
8.1	8.920062232089286E-4
8.2	0.0
8.3	0.0
8.4	0.0
8.5	0.0
8.6	0.0
8.7	0.0
8.8	0.0
8.9	0.0
9.0	0.0
#Run 39
5.0	0.5796954795504226
5.1	0.48170532923224063
5.2	0.4002875879655706
5.3	0.332637908182465
5.4	0.2764267800410067
5.5	0.22971907661082433
5.6	0.19090724114220933
5.7	0.15865580136099192
5.8	0.13185528894471998
5.9	0.11551275686023876
6.0	0.10861663125797555
6.1	0.09870063235152574
6.2	0.08152070148905691
6.3	0.06352476676852051
6.4	0.05403444228555943
6.5	0.08106263773657287
6.6	0.06496116859905088
6.7	0.0512968157362993
6.8	0.042006534362930094
6.9	0.0297813932460599
7.0	0.024102215969520783
7.1	0.015596705068236455
7.2	0.012756078838828516
7.300000000000001	0.008810547763193918
7.4	0.007045054952841747
7.5	0.006197532267284886
7.6	0.005467508427230029
7.7	0.003919945580498461
7.800000000000001	0.002146369004871616
7.9	0.0016585346041885906
8.0	0.0015522484625671918
8.1	6.649256604628512E-4
8.2	6.309712120445132E-4
8.3	0.0
8.4	0.0
8.5	0.0
8.6	0.0
8.7	0.0
8.8	0.0
8.9	0.0
9.0	0.0
#Run 40
5.0	0.5796954795504226
5.1	0.48170532923224063
5.2	0.4002875879655706
5.3	0.332637908182465
5.4	0.2764267800410067
5.5	0.22971907661082433
5.6	0.19090724114220933
5.7	0.15865580136099192
5.8	0.13185528894471998
5.9	0.11551275686023876
6.0	0.10861663125797555
6.1	0.09870063235152574
6.2	0.08164983610066606
6.3	0.06411812502874406
6.4	0.05519675691594532
6.5	0.08712422117777842
6.6	0.07058981241998258
6.7	0.05650946657108253
6.8	0.04588560433817389
6.9	0.03320299129917003
7.0	0.027938370222717303
7.1	0.019279947353320507
7.2	0.015000845746409941
7.300000000000001	0.009822998255547739
7.4	0.006928594087979786
7.5	0.005684169035800626
7.6	0.004918689133127571
7.7	0.0035285657861708684
7.800000000000001	0.0018881921768690443
7.9	0.0014560237183867354
8.0	0.0014560237183867354
8.1	6.309712120445132E-4
8.2	6.309712120445132E-4
8.3	0.0
8.4	0.0
8.5	0.0
8.6	0.0
8.7	0.0
8.8	0.0
8.9	0.0
9.0	0.0
#Run 41
5.0	0.5796954795504226
5.1	0.48170532923224063
5.2	0.4002875879655706
5.3	0.332637908182465
5.4	0.2764267800410067
5.5	0.22971907661082433
5.6	0.19090724114220933
5.7	0.15865580136099192
5.8	0.13185528894471998
5.9	0.10942473721262766
6.0	0.09525359768909206
6.1	0.08515329063684225
6.2	0.07886905178017438
6.3	0.06487639595344964
6.4	0.05059172477486522
6.5	0.06556430546605305
6.6	0.05181134124237972
6.7	0.043968614611278024
6.8	0.036148559948028985
6.9	0.030126265482292924
7.0	0.021855447338908828
7.1	0.013511574754431252
7.2	0.011146875139393312
7.300000000000001	0.009075771633268486
7.4	0.006355241446702178
7.5	0.00509188163671314
7.6	0.0044152885855890155
7.7	0.0034059964929082248
7.800000000000001	0.002769937475361128
7.9	0.0015177741379349182
8.0	0.0011728631990353994
8.1	0.001097966050723026
8.2	4.704706507363152E-4
8.3	4.4643274211746413E-4
8.4	0.0
8.5	0.0
8.6	0.0
8.7	0.0
8.8	0.0
8.9	0.0
9.0	0.0
#Run 42
5.0	0.5796954795504226
5.1	0.48170532923224063
5.2	0.4002875879655706
5.3	0.332637908182465
5.4	0.2764267800410067
5.5	0.22971907661082433
5.6	0.19090724114220933
5.7	0.15865580136099192
5.8	0.13185528894471998
5.9	0.10942473721262766
6.0	0.09525359768909206
6.1	0.08515329063684225
6.2	0.07886905178017438
6.3	0.06496781625735643
6.4	0.05095866482087054
6.5	0.06997429143811407
6.6	0.055854497538131605
6.7	0.0474749031983539
6.8	0.0395129467549752
6.9	0.03273887094631515
7.0	0.024197158944190753
7.1	0.01616032855712226
7.2	0.013718551936054623
7.300000000000001	0.01066244933646018
7.4	0.007071995310827738
7.5	0.005014622253436558
7.6	0.004055366291909487
7.7	0.0030192064204368424
7.800000000000001	0.002493851275998005
7.9	0.001335416941322334
8.0	0.0010298441487270296
8.1	0.0010298441487270296
8.2	4.4643274211746413E-4
8.3	4.4643274211746413E-4
8.4	0.0
8.5	0.0
8.6	0.0
8.7	0.0
8.8	0.0
8.9	0.0
9.0	0.0
#Run 43
5.0	0.5796954795504226
5.1	0.48170532923224063
5.2	0.4002875879655706
5.3	0.332637908182465
5.4	0.2764267800410067
5.5	0.22971907661082433
5.6	0.19090724114220933
5.7	0.15865580136099192
5.8	0.14045484526937166
5.9	0.13438854348634108
6.0	0.1277527600598
6.1	0.10244618712051035
6.2	0.07961147451893658
6.3	0.06890604570481812
6.4	0.06827751704044208
6.5	0.09881331704218599
6.6	0.0773688328681885
6.7	0.061037664987885765
6.8	0.041163702671461966
6.9	0.03304742710322388
7.0	0.027123413339464403
7.1	0.017903517499675385
7.2	0.01235947192221025
7.300000000000001	0.009793387254587775
7.4	0.008609943351332179
7.5	0.007690565682729846
7.6	0.0061940498286786804
7.7	0.003036573151837745
7.800000000000001	0.0023462442364786547
7.9	0.0021952697665498836
8.0	9.399681564067879E-4
8.1	8.920062232089286E-4
8.2	0.0
8.3	0.0
8.4	0.0
8.5	0.0
8.6	0.0
8.7	0.0
8.8	0.0
8.9	0.0
9.0	0.0
#Run 44
5.0	0.5796954795504226
5.1	0.48170532923224063
5.2	0.4002875879655706
5.3	0.332637908182465
5.4	0.2764267800410067
5.5	0.22971907661082433
5.6	0.19090724114220933
5.7	0.15865580136099192
5.8	0.14045484526937166
5.9	0.13438854348634108
6.0	0.1277527600598
6.1	0.10262859460771856
6.2	0.08044961533891437
6.3	0.07054785875890252
6.4	0.0705667606617271
6.5	0.10788031993784611
6.6	0.08566042253758391
6.7	0.06691211620418012
6.8	0.04622229657410005
6.9	0.038653666967178514
7.0	0.03242508647768846
7.1	0.021081743277400578
7.2	0.01379026714882047
7.300000000000001	0.00961598928623522
7.4	0.00787612032464387
7.5	0.00691106610411178
7.6	0.005638800498416862
7.7	0.002670877218755114
7.800000000000001	0.002059348702673269
7.9	0.002059348702673269
8.0	8.920062232089286E-4
8.1	8.920062232089286E-4
8.2	0.0
8.3	0.0
8.4	0.0
8.5	0.0
8.6	0.0
8.7	0.0
8.8	0.0
8.9	0.0
9.0	0.0
#Run 45
5.0	0.5796954795504226
5.1	0.48170532923224063
5.2	0.4002875879655706
5.3	0.332637908182465
5.4	0.2764267800410067
5.5	0.22971907661082433
5.6	0.19090724114220933
5.7	0.15865580136099192
5.8	0.13185528894471998
5.9	0.11551275686023876
6.0	0.10861663125797555
6.1	0.09870063235152574
6.2	0.08152070148905691
6.3	0.06352476676852051
6.4	0.05403444228555943
6.5	0.08106263773657287
6.6	0.06496116859905088
6.7	0.0512968157362993
6.8	0.042006534362930094
6.9	0.0297813932460599
7.0	0.024102215969520783
7.1	0.015596705068236455
7.2	0.012756078838828516
7.300000000000001	0.008810547763193918
7.4	0.007045054952841747
7.5	0.006197532267284886
7.6	0.005467508427230029
7.7	0.003919945580498461
7.800000000000001	0.002146369004871616
7.9	0.0016585346041885906
8.0	0.0015522484625671918
8.1	6.649256604628512E-4
8.2	6.309712120445132E-4
8.3	0.0
8.4	0.0
8.5	0.0
8.6	0.0
8.7	0.0
8.8	0.0
8.9	0.0
9.0	0.0
#Run 46
5.0	0.5796954795504226
5.1	0.48170532923224063
5.2	0.4002875879655706
5.3	0.332637908182465
5.4	0.2764267800410067
5.5	0.22971907661082433
5.6	0.19090724114220933
5.7	0.15865580136099192
5.8	0.13185528894471998
5.9	0.11551275686023876
6.0	0.10861663125797555
6.1	0.09870063235152574
6.2	0.08164983610066606
6.3	0.06411812502874406
6.4	0.05519675691594532
6.5	0.08712422117777842
6.6	0.07058981241998258
6.7	0.05650946657108253
6.8	0.04588560433817389
6.9	0.03320299129917003
7.0	0.027938370222717303
7.1	0.019279947353320507
7.2	0.015000845746409941
7.300000000000001	0.009822998255547739
7.4	0.006928594087979786
7.5	0.005684169035800626
7.6	0.004918689133127571
7.7	0.0035285657861708684
7.800000000000001	0.0018881921768690443
7.9	0.0014560237183867354
8.0	0.0014560237183867354
8.1	6.309712120445132E-4
8.2	6.309712120445132E-4
8.3	0.0
8.4	0.0
8.5	0.0
8.6	0.0
8.7	0.0
8.8	0.0
8.9	0.0
9.0	0.0
#Run 47
5.0	0.5796954795504226
5.1	0.48170532923224063
5.2	0.4002875879655706
5.3	0.332637908182465
5.4	0.2764267800410067
5.5	0.22971907661082433
5.6	0.19090724114220933
5.7	0.15865580136099192
5.8	0.13185528894471998
5.9	0.10942473721262766
6.0	0.09525359768909206
6.1	0.08515329063684225
6.2	0.07886905178017438
6.3	0.06487639595344964
6.4	0.05059172477486522
6.5	0.06556430546605305
6.6	0.05181134124237972
6.7	0.043968614611278024
6.8	0.036148559948028985
6.9	0.030126265482292924
7.0	0.021855447338908828
7.1	0.013511574754431252
7.2	0.011146875139393312
7.300000000000001	0.009075771633268486
7.4	0.006355241446702178
7.5	0.00509188163671314
7.6	0.0044152885855890155
7.7	0.0034059964929082248
7.800000000000001	0.002769937475361128
7.9	0.0015177741379349182
8.0	0.0011728631990353994
8.1	0.001097966050723026
8.2	4.704706507363152E-4
8.3	4.4643274211746413E-4
8.4	0.0
8.5	0.0
8.6	0.0
8.7	0.0
8.8	0.0
8.9	0.0
9.0	0.0
#Run 48
5.0	0.5796954795504226
5.1	0.48170532923224063
5.2	0.4002875879655706
5.3	0.332637908182465
5.4	0.2764267800410067
5.5	0.22971907661082433
5.6	0.19090724114220933
5.7	0.15865580136099192
5.8	0.13185528894471998
5.9	0.10942473721262766
6.0	0.09525359768909206
6.1	0.08515329063684225
6.2	0.07886905178017438
6.3	0.06496781625735643
6.4	0.05095866482087054
6.5	0.06997429143811407
6.6	0.055854497538131605
6.7	0.0474749031983539
6.8	0.0395129467549752
6.9	0.03273887094631515
7.0	0.024197158944190753
7.1	0.01616032855712226
7.2	0.013718551936054623
7.300000000000001	0.01066244933646018
7.4	0.007071995310827738
7.5	0.005014622253436558
7.6	0.004055366291909487
7.7	0.0030192064204368424
7.800000000000001	0.002493851275998005
7.9	0.001335416941322334
8.0	0.0010298441487270296
8.1	0.0010298441487270296
8.2	4.4643274211746413E-4
8.3	4.4643274211746413E-4
8.4	0.0
8.5	0.0
8.6	0.0
8.7	0.0
8.8	0.0
8.9	0.0
9.0	0.0
#Run 49
5.0	0.5796954795504226
5.1	0.48170532923224063
5.2	0.4002875879655706
5.3	0.332637908182465
5.4	0.2764267800410067
5.5	0.23123838375897726
5.6	0.19615959514084738
5.7	0.16772291391166744
5.8	0.14299102626903587
5.9	0.12170589928768893
6.0	0.1079365668471207
6.1	0.09410608038238932
6.2	0.08435810866518662
6.3	0.0691099583503204
6.4	0.05439721210895445
6.5	0.06446600764348032
6.6	0.05042636607421741
6.7	0.0439467998008461
6.8	0.03928146021516473
6.9	0.03725077915336588
7.0	0.032313906572540955
7.1	0.020218818468070894
7.2	0.014177360045022387
7.300000000000001	0.011767063313538745
7.4	0.010950287381329516
7.5	0.00965857928417759
7.6	0.00776911617285223
7.7	0.0052141718364779295
7.800000000000001	0.0030994823091029656
7.9	0.001366436782855321
8.0	3.97764592955484E-4
8.1	6.823050488622797E-5
8.2	3.318181200259985E-6
8.3	0.0
8.4	0.0
8.5	0.0
8.6	0.0
8.7	0.0
8.8	0.0
8.9	0.0
9.0	0.0
#Run 50
5.0	0.5796954795504226
5.1	0.48170532923224063
5.2	0.4002875879655706
5.3	0.332637908182465
5.4	0.2764267800410067
5.5	0.23123838375897726
5.6	0.19615959514084738
5.7	0.16772291391166744
5.8	0.14299102626903587
5.9	0.12170589928768893
6.0	0.1079365668471207
6.1	0.09410608038238932
6.2	0.08435810866518662
6.3	0.0691099583503204
6.4	0.05450507283645788
6.5	0.06931820984237629
6.6	0.05501706656342119
6.7	0.04832287296438081
6.8	0.04383982874363998
6.9	0.04166385445749928
7.0	0.03672724000295698
7.1	0.024359626887222666
7.2	0.0164787328191363
7.300000000000001	0.012057473949029989
7.4	0.010188495502098186
7.5	0.00878274615142475
7.6	0.007055547250071885
7.7	0.004700913226058346
7.800000000000001	0.002862101147211091
7.9	0.001298688751500657
8.0	3.97764592955484E-4
8.1	6.823050488622797E-5
8.2	3.318181200259985E-6
8.3	0.0
8.4	0.0
8.5	0.0
8.6	0.0
8.7	0.0
8.8	0.0
8.9	0.0
9.0	0.0
#Run 51
5.0	0.5796954795504226
5.1	0.48170532923224063
5.2	0.4002875879655706
5.3	0.332637908182465
5.4	0.2764267800410067
5.5	0.22971907661082433
5.6	0.1919757129592403
5.7	0.16234958521992876
5.8	0.13823184962504223
5.9	0.11730776742655002
6.0	0.09971931467483902
6.1	0.08479864603885506
6.2	0.07569453328820155
6.3	0.06690369747202574
6.4	0.05494950011964616
6.5	0.05725418739892193
6.6	0.03993457780707321
6.7	0.035568421352292094
6.8	0.03165169974766644
6.9	0.028466860697448537
7.0	0.026881999202772077
7.1	0.019224378732689257
7.2	0.014603806451830686
7.300000000000001	0.010347796521249664
7.4	0.008601627616574401
7.5	0.007949387138049787
7.6	0.0070281169948320866
7.7	0.005208180727175072
7.800000000000001	0.0037306256935344373
7.9	0.002140706564448871
8.0	9.308649075946819E-4
8.1	2.738232417108977E-4
8.2	4.9627464487533727E-5
8.3	2.6107684388282882E-6
8.4	0.0
8.5	0.0
8.6	0.0
8.7	0.0
8.8	0.0
8.9	0.0
9.0	0.0
#Run 52
5.0	0.5796954795504226
5.1	0.48170532923224063
5.2	0.4002875879655706
5.3	0.332637908182465
5.4	0.2764267800410067
5.5	0.22971907661082433
5.6	0.1919757129592403
5.7	0.16234958521992876
5.8	0.13823184962504223
5.9	0.11730776742655002
6.0	0.09971931467483902
6.1	0.08479864603885506
6.2	0.07569453328820155
6.3	0.06690369747202574
6.4	0.05494950011964616
6.5	0.06065124863717434
6.6	0.04294744081223151
6.7	0.03846719022665796
6.8	0.03451710064887449
6.9	0.0315136904878348
7.0	0.029901111268890643
7.1	0.022289782197409194
7.2	0.017499436047805645
7.300000000000001	0.01197665678028802
7.4	0.00881741786816032
7.5	0.007416766592572914
7.6	0.006411547708348779
7.7	0.004705092657733816
7.800000000000001	0.003368293081579836
7.9	0.0019726535715953097
8.0	8.829029743968226E-4
8.1	2.738232417108977E-4
8.2	4.9627464487533727E-5
8.3	2.6107684388282882E-6
8.4	0.0
8.5	0.0
8.6	0.0
8.7	0.0
8.8	0.0
8.9	0.0
9.0	0.0
#Run 53
5.0	0.5796954795504226
5.1	0.48170532923224063
5.2	0.4002875879655706
5.3	0.332637908182465
5.4	0.2764267800410067
5.5	0.22971907661082433
5.6	0.19090724114220933
5.7	0.15940510620562198
5.8	0.13444568964261458
5.9	0.11389653303698542
6.0	0.09652333967343113
6.1	0.07893427633512821
6.2	0.06915198542380713
6.3	0.06082860841922757
6.4	0.05343481446679083
6.5	0.05344441287931284
6.6	0.03558905410565924
6.7	0.029042179482388956
6.8	0.0259536298006127
6.9	0.02323584270057209
7.0	0.02104678961027646
7.1	0.015664449027428102
7.2	0.014070566871191771
7.300000000000001	0.010819191137825104
7.4	0.007814288878072834
7.5	0.006450198065892378
7.6	0.005856453533641872
7.7	0.004743283246858199
7.800000000000001	0.0038864536623561775
7.9	0.0026987625650620886
8.0	0.0014692339552722213
8.1	6.21481820155889E-4
8.2	1.8411937835593366E-4
8.3	3.6075069464134785E-5
8.4	2.101733081961751E-6
8.5	0.0
8.6	0.0
8.7	0.0
8.8	0.0
8.9	0.0
9.0	0.0
#Run 54
5.0	0.5796954795504226
5.1	0.48170532923224063
5.2	0.4002875879655706
5.3	0.332637908182465
5.4	0.2764267800410067
5.5	0.22971907661082433
5.6	0.19090724114220933
5.7	0.15940510620562198
5.8	0.13444568964261458
5.9	0.11389653303698542
6.0	0.09652333967343113
6.1	0.07893427633512821
6.2	0.06915198542380713
6.3	0.06082860841922757
6.4	0.05343481446679083
6.5	0.0559884496592654
6.6	0.03775915015121094
6.7	0.030979792459321434
6.8	0.02784333201671177
6.9	0.02515004341030125
7.0	0.02311419690522151
7.1	0.017748009093551585
7.2	0.016209962539189826
7.300000000000001	0.01285038938620858
7.4	0.008967501248661658
7.5	0.006608758412467209
7.6	0.005483208635640369
7.7	0.004308786559402703
7.800000000000001	0.0035314975797236373
7.9	0.0024428463177982394
8.0	0.0013502615474284049
8.1	5.875273717375509E-4
8.2	1.8411937835593366E-4
8.3	3.6075069464134785E-5
8.4	2.101733081961751E-6
8.5	0.0
8.6	0.0
8.7	0.0
8.8	0.0
8.9	0.0
9.0	0.0
#Run 55
5.0	0.5796954795504226
5.1	0.48170532923224063
5.2	0.4002875879655706
5.3	0.332637908182465
5.4	0.2764267800410067
5.5	0.23029082442496138
5.6	0.1928838144252655
5.7	0.16206794997602733
5.8	0.13815905628455957
5.9	0.11972242326540923
6.0	0.10763961729357988
6.1	0.09400354384509191
6.2	0.08367833050151366
6.3	0.06791791857242001
6.4	0.05316019362686183
6.5	0.06365659065549825
6.6	0.0502789682097061
6.7	0.04448661008853546
6.8	0.039210362587695925
6.9	0.03505182218670968
7.0	0.028715331328958097
7.1	0.017795086430964724
7.2	0.013612705496417875
7.300000000000001	0.011533492821596263
7.4	0.010044712729552364
7.5	0.008155493701030412
7.6	0.006151014712939914
7.7	0.0042224807987665
7.800000000000001	0.002969919418206808
7.9	0.0016138396136863087
8.0	5.513714179595606E-4
8.1	1.0681940763817085E-4
8.2	3.2623769688650364E-6
8.3	0.0
8.4	0.0
8.5	0.0
8.6	0.0
8.7	0.0
8.8	0.0
8.9	0.0
9.0	0.0
#Run 56
5.0	0.5796954795504226
5.1	0.48170532923224063
5.2	0.4002875879655706
5.3	0.332637908182465
5.4	0.2764267800410067
5.5	0.23029082442496138
5.6	0.1928838144252655
5.7	0.16206794997602733
5.8	0.13815905628455957
5.9	0.11972242326540923
6.0	0.10763961729357988
6.1	0.09400354384509191
6.2	0.08367833050151366
6.3	0.06791791857242001
6.4	0.053268054354365255
6.5	0.06850879285439422
6.6	0.05486966869890988
6.7	0.04886268325207017
6.8	0.04376873111617118
6.9	0.03946489749084309
7.0	0.03312866475937413
7.1	0.021935894850116495
7.2	0.015914078270531786
7.300000000000001	0.011823903457087507
7.4	0.009282920850321034
7.5	0.007279660568277573
7.6	0.005437445790159568
7.7	0.003709222188346915
7.800000000000001	0.0027325382563149333
7.9	0.0015460915823316446
8.0	5.513714179595606E-4
8.1	1.0681940763817085E-4
8.2	3.2623769688650364E-6
8.3	0.0
8.4	0.0
8.5	0.0
8.6	0.0
8.7	0.0
8.8	0.0
8.9	0.0
9.0	0.0
#Run 57
5.0	0.5796954795504226
5.1	0.48170532923224063
5.2	0.4002875879655706
5.3	0.332637908182465
5.4	0.2764267800410067
5.5	0.22971907661082433
5.6	0.19147898895634638
5.7	0.1606323746440481
5.8	0.13526743755975537
5.9	0.11572850455246594
6.0	0.101241295897096
6.1	0.0880790069596505
6.2	0.07812852153189914
6.3	0.06784067253576269
6.4	0.055127294532388016
6.5	0.05738542293871403
6.6	0.04027364098554997
6.7	0.03648783822503748
6.8	0.03358736636200697
6.9	0.030639872304893102
7.0	0.028130382404051146
7.1	0.019211173873635905
7.2	0.014477079331721763
7.300000000000001	0.011074409873108745
7.4	0.009626582360485187
7.5	0.008555128722188528
7.6	0.007007376409154143
7.7	0.005000238900343349
7.800000000000001	0.003987945652118955
7.9	0.002900591249165941
8.0	0.0015940535155276863
8.1	5.513714179588428E-4
8.2	1.0681940763803022E-4
8.3	3.2623769688646463E-6
8.4	0.0
8.5	0.0
8.6	0.0
8.7	0.0
8.8	0.0
8.9	0.0
9.0	0.0
#Run 58
5.0	0.5796954795504226
5.1	0.48170532923224063
5.2	0.4002875879655706
5.3	0.332637908182465
5.4	0.2764267800410067
5.5	0.22971907661082433
5.6	0.19147898895634638
5.7	0.1606323746440481
5.8	0.13526743755975537
5.9	0.11572850455246594
6.0	0.101241295897096
6.1	0.0880790069596505
6.2	0.07812852153189914
6.3	0.06784067253576269
6.4	0.055127294532388016
6.5	0.06078248417696644
6.6	0.04328650399070827
6.7	0.03938660709940335
6.8	0.03645276726321502
6.9	0.03368670209527936
7.0	0.031149494470169712
7.1	0.022276577338355842
7.2	0.017372708927696722
7.300000000000001	0.012703270132147101
7.4	0.009842372612071106
7.5	0.008022508176711655
7.6	0.006390807122670835
7.7	0.004497150830902094
7.800000000000001	0.0036256130401643534
7.9	0.00273253825631238
8.0	0.001546091582329827
8.1	5.513714179588428E-4
8.2	1.0681940763803022E-4
8.3	3.2623769688646463E-6
8.4	0.0
8.5	0.0
8.6	0.0
8.7	0.0
8.8	0.0
8.9	0.0
9.0	0.0
#Run 59
5.0	0.5796954795504226
5.1	0.48170532923224063
5.2	0.4002875879655706
5.3	0.332637908182465
5.4	0.2764267800410067
5.5	0.22971907661082433
5.6	0.19090724114220933
5.7	0.15922754917512894
5.8	0.13383186222777602
5.9	0.11283688582766283
6.0	0.0972473771841525
6.1	0.08293943568248117
6.2	0.07496690610086595
6.3	0.06505967021163479
6.4	0.05551681518127104
6.5	0.054591975632493794
6.6	0.036688939312917127
6.7	0.030198952327382796
6.8	0.027655505835477795
6.9	0.026171159299043793
7.0	0.02467399578249736
7.1	0.018964897106436528
7.2	0.01616131929257996
7.300000000000001	0.012069767718934966
7.4	0.009333848411447061
7.5	0.008266928208768263
7.6	0.0074240350871273356
7.7	0.005702839033988511
7.800000000000001	0.004641429428265448
7.9	0.0038223385434323623
8.0	0.0028515106641495654
8.1	0.001580046030743479
8.2	5.513714179570018E-4
8.3	1.068194076376685E-4
8.4	3.2623769688638395E-6
8.5	0.0
8.6	0.0
8.7	0.0
8.8	0.0
8.9	0.0
9.0	0.0
#Run 60
5.0	0.5796954795504226
5.1	0.48170532923224063
5.2	0.4002875879655706
5.3	0.332637908182465
5.4	0.2764267800410067
5.5	0.22971907661082433
5.6	0.19090724114220933
5.7	0.15922754917512894
5.8	0.13383186222777602
5.9	0.11283688582766283
6.0	0.0972473771841525
6.1	0.08293943568248117
6.2	0.07496690610086595
6.3	0.06505967021163479
6.4	0.05551681518127104
6.5	0.057136012412446355
6.6	0.038859035358468824
6.7	0.03213656530431527
6.8	0.029545208051576864
6.9	0.028085360008772955
7.0	0.026741403077442414
7.1	0.021048457172560008
7.2	0.018300714960578016
7.300000000000001	0.014100965967318442
7.4	0.010487060782035885
7.5	0.008425488555343093
7.6	0.0070507901891258325
7.7	0.0052683423465330155
7.800000000000001	0.004286473345632908
7.9	0.0035664222961685134
8.0	0.002732538256305749
8.1	0.0015460915823251409
8.2	5.513714179570018E-4
8.3	1.068194076376685E-4
8.4	3.2623769688638395E-6
8.5	0.0
8.6	0.0
8.7	0.0
8.8	0.0
8.9	0.0
9.0	0.0
#Run 61
5.0	0.5796954795504226
5.1	0.48170532923224063
5.2	0.4002875879655706
5.3	0.332637908182465
5.4	0.2764267800410067
5.5	0.22971907661082433
5.6	0.19090724114220933
5.7	0.15865580136099192
5.8	0.13185528894471998
5.9	0.10942473721262766
6.0	0.09525359768909206
6.1	0.08515329063684225
6.2	0.07875872262784919
6.3	0.0643291460843917
6.4	0.04948188730694424
6.5	0.06995980224711365
6.6	0.05616490670826754
6.7	0.048541626087074644
6.8	0.04137256898429639
6.9	0.035811751527508116
7.0	0.02784619103933122
7.1	0.019219854140542943
7.2	0.016339768654309195
7.300000000000001	0.012910384273608275
7.4	0.010940714131483347
7.5	0.009515130574122179
7.6	0.00785319014747765
7.7	0.004541034561698311
7.800000000000001	0.003656873500321875
7.9	0.00183446939450662
8.0	0.0
8.1	0.0
8.2	0.0
8.3	0.0
8.4	0.0
8.5	0.0
8.6	0.0
8.7	0.0
8.8	0.0
8.9	0.0
9.0	0.0
#Run 62
5.0	0.5796954795504226
5.1	0.48170532923224063
5.2	0.4002875879655706
5.3	0.332637908182465
5.4	0.2764267800410067
5.5	0.22971907661082433
5.6	0.19090724114220933
5.7	0.15865580136099192
5.8	0.13185528894471998
5.9	0.10942473721262766
6.0	0.09525359768909206
6.1	0.08515329063684225
6.2	0.07875872262784919
6.3	0.0643291460843917
6.4	0.04958974803444767
6.5	0.07481200444600963
6.6	0.06075560719747132
6.7	0.05291769925060936
6.8	0.04593093751277165
6.9	0.04022482683164152
7.0	0.03225952446974725
7.1	0.023360662559694715
7.2	0.01864114142842311
7.300000000000001	0.013200794909099523
7.4	0.010178922252252016
7.5	0.00863929744136934
7.6	0.007139621224697304
7.7	0.004027775951278727
7.800000000000001	0.0034194923384300003
7.9	0.0017667213631519557
8.0	0.0
8.1	0.0
8.2	0.0
8.3	0.0
8.4	0.0
8.5	0.0
8.6	0.0
8.7	0.0
8.8	0.0
8.9	0.0
9.0	0.0
#Run 63
5.0	0.5796954795504226
5.1	0.48170532923224063
5.2	0.4002875879655706
5.3	0.332637908182465
5.4	0.2764267800410067
5.5	0.22971907661082433
5.6	0.19090724114220933
5.7	0.15865580136099192
5.8	0.13185528894471998
5.9	0.10942473721262766
6.0	0.09094360984431796
6.1	0.07569298735516741
6.2	0.06927826832365279
6.3	0.06292106466209951
6.4	0.051538522044360074
6.5	0.060413222640082066
6.6	0.04362802530200707
6.7	0.039424949448440716
6.8	0.03469355508538826
6.9	0.029853251426335967
7.0	0.025941484469692248
7.1	0.016132013656285166
7.2	0.013691827113575633
7.300000000000001	0.011591453103275428
7.4	0.009239237296568694
7.5	0.007839968330883244
7.6	0.006755851489009769
7.7	0.005091252541645541
7.800000000000001	0.0032082345060967564
7.9	0.0025840760560534785
8.0	0.0012966425169334364
8.1	0.0
8.2	0.0
8.3	0.0
8.4	0.0
8.5	0.0
8.6	0.0
8.7	0.0
8.8	0.0
8.9	0.0
9.0	0.0
#Run 64
5.0	0.5796954795504226
5.1	0.48170532923224063
5.2	0.4002875879655706
5.3	0.332637908182465
5.4	0.2764267800410067
5.5	0.22971907661082433
5.6	0.19090724114220933
5.7	0.15865580136099192
5.8	0.13185528894471998
5.9	0.10942473721262766
6.0	0.09094360984431796
6.1	0.07569298735516741
6.2	0.06927826832365279
6.3	0.06292106466209951
6.4	0.051538522044360074
6.5	0.06381028387833447
6.6	0.04664088830716537
6.7	0.04232371832280659
6.8	0.03755895598659631
6.9	0.03290008121672222
7.0	0.028960596535810807
7.1	0.019197417121005103
7.2	0.016587456709550592
7.300000000000001	0.013220313362313784
7.4	0.009455027548154612
7.5	0.00730734778540637
7.6	0.00613928220252646
7.7	0.004588164472204285
7.800000000000001	0.002845901894142155
7.9	0.0024160230631999173
8.0	0.001248680583735577
8.1	0.0
8.2	0.0
8.3	0.0
8.4	0.0
8.5	0.0
8.6	0.0
8.7	0.0
8.8	0.0
8.9	0.0
9.0	0.0
#Run 65
5.0	0.5796954795504226
5.1	0.48170532923224063
5.2	0.4002875879655706
5.3	0.332637908182465
5.4	0.2764267800410067
5.5	0.22971907661082433
5.6	0.19090724114220933
5.7	0.15865580136099192
5.8	0.13185528894471998
5.9	0.10942473721262766
6.0	0.09094360984431796
6.1	0.07264174962971276
6.2	0.06258088649639569
6.3	0.056209417003397225
6.4	0.050597207307611386
6.5	0.055691030376488
6.6	0.03769846022502219
6.7	0.031535057854576956
6.8	0.028574338269618284
6.9	0.025259069233162967
7.0	0.021869096114678892
7.1	0.01475772038281694
7.2	0.011535981569861785
7.300000000000001	0.009738337995420166
7.4	0.008304714136244364
7.5	0.006638739208276553
7.6	0.005573929493461967
7.7	0.004316368911484461
7.800000000000001	0.0035974978672095575
7.9	0.00226789183125609
8.0	0.0018269923497895315
8.1	9.16921884021831E-4
8.2	0.0
8.3	0.0
8.4	0.0
8.5	0.0
8.6	0.0
8.7	0.0
8.8	0.0
8.9	0.0
9.0	0.0
#Run 66
5.0	0.5796954795504226
5.1	0.48170532923224063
5.2	0.4002875879655706
5.3	0.332637908182465
5.4	0.2764267800410067
5.5	0.22971907661082433
5.6	0.19090724114220933
5.7	0.15865580136099192
5.8	0.13185528894471998
5.9	0.10942473721262766
6.0	0.09094360984431796
6.1	0.07264174962971276
6.2	0.06258088649639569
6.3	0.056209417003397225
6.4	0.050597207307611386
6.5	0.05823506715644056
6.6	0.03986855627057389
6.7	0.033472670831509434
6.8	0.030464040485717346
6.9	0.02717326994289213
7.0	0.02393650340962394
7.1	0.016841280448940423
7.2	0.01367537723785984
7.300000000000001	0.011769536243803643
7.4	0.009457926506833187
7.5	0.006797299554851385
7.6	0.005200684595460464
7.7	0.0038818722240289653
7.800000000000001	0.0032425417845770173
7.9	0.002011975583992241
8.0	0.001708019941945715
8.1	8.82967435603493E-4
8.2	0.0
8.3	0.0
8.4	0.0
8.5	0.0
8.6	0.0
8.7	0.0
8.8	0.0
8.9	0.0
9.0	0.0
#Run 67
5.0	0.5796954795504226
5.1	0.48170532923224063
5.2	0.4002875879655706
5.3	0.332637908182465
5.4	0.2764267800410067
5.5	0.22971907661082433
5.6	0.19090724114220933
5.7	0.15865580136099192
5.8	0.13185528894471998
5.9	0.10942473721262766
6.0	0.09525359768909206
6.1	0.08515329063684225
6.2	0.07875872262784919
6.3	0.0643291460843917
6.4	0.04948188730694424
6.5	0.06995980224711365
6.6	0.05616490670826754
6.7	0.048541626087074644
6.8	0.04137256898429639
6.9	0.035811751527508116
7.0	0.02784619103933122
7.1	0.019219854140542943
7.2	0.016339768654309195
7.300000000000001	0.012910384273608275
7.4	0.010940714131483347
7.5	0.009515130574122179
7.6	0.00785319014747765
7.7	0.004541034561698311
7.800000000000001	0.003656873500321875
7.9	0.00183446939450662
8.0	0.0
8.1	0.0
8.2	0.0
8.3	0.0
8.4	0.0
8.5	0.0
8.6	0.0
8.7	0.0
8.8	0.0
8.9	0.0
9.0	0.0
#Run 68
5.0	0.5796954795504226
5.1	0.48170532923224063
5.2	0.4002875879655706
5.3	0.332637908182465
5.4	0.2764267800410067
5.5	0.22971907661082433
5.6	0.19090724114220933
5.7	0.15865580136099192
5.8	0.13185528894471998
5.9	0.10942473721262766
6.0	0.09525359768909206
6.1	0.08515329063684225
6.2	0.07875872262784919
6.3	0.0643291460843917
6.4	0.04958974803444767
6.5	0.07481200444600963
6.6	0.06075560719747132
6.7	0.05291769925060936
6.8	0.04593093751277165
6.9	0.04022482683164152
7.0	0.03225952446974725
7.1	0.023360662559694715
7.2	0.01864114142842311
7.300000000000001	0.013200794909099523
7.4	0.010178922252252016
7.5	0.00863929744136934
7.6	0.007139621224697304
7.7	0.004027775951278727
7.800000000000001	0.0034194923384300003
7.9	0.0017667213631519557
8.0	0.0
8.1	0.0
8.2	0.0
8.3	0.0
8.4	0.0
8.5	0.0
8.6	0.0
8.7	0.0
8.8	0.0
8.9	0.0
9.0	0.0
#Run 69
5.0	0.5796954795504226
5.1	0.48170532923224063
5.2	0.4002875879655706
5.3	0.332637908182465
5.4	0.2764267800410067
5.5	0.22971907661082433
5.6	0.19090724114220933
5.7	0.15865580136099192
5.8	0.13185528894471998
5.9	0.10942473721262766
6.0	0.09094360984431796
6.1	0.07569298735516741
6.2	0.06927826832365279
6.3	0.06292106466209951
6.4	0.051538522044360074
6.5	0.060413222640082066
6.6	0.04362802530200707
6.7	0.039424949448440716
6.8	0.03469355508538826
6.9	0.029853251426335967
7.0	0.025941484469692248
7.1	0.016132013656285166
7.2	0.013691827113575633
7.300000000000001	0.011591453103275428
7.4	0.009239237296568694
7.5	0.007839968330883244
7.6	0.006755851489009769
7.7	0.005091252541645541
7.800000000000001	0.0032082345060967564
7.9	0.0025840760560534785
8.0	0.0012966425169334364
8.1	0.0
8.2	0.0
8.3	0.0
8.4	0.0
8.5	0.0
8.6	0.0
8.7	0.0
8.8	0.0
8.9	0.0
9.0	0.0
#Run 70
5.0	0.5796954795504226
5.1	0.48170532923224063
5.2	0.4002875879655706
5.3	0.332637908182465
5.4	0.2764267800410067
5.5	0.22971907661082433
5.6	0.19090724114220933
5.7	0.15865580136099192
5.8	0.13185528894471998
5.9	0.10942473721262766
6.0	0.09094360984431796
6.1	0.07569298735516741
6.2	0.06927826832365279
6.3	0.06292106466209951
6.4	0.051538522044360074
6.5	0.06381028387833447
6.6	0.04664088830716537
6.7	0.04232371832280659
6.8	0.03755895598659631
6.9	0.03290008121672222
7.0	0.028960596535810807
7.1	0.019197417121005103
7.2	0.016587456709550592
7.300000000000001	0.013220313362313784
7.4	0.009455027548154612
7.5	0.00730734778540637
7.6	0.00613928220252646
7.7	0.004588164472204285
7.800000000000001	0.002845901894142155
7.9	0.0024160230631999173
8.0	0.001248680583735577
8.1	0.0
8.2	0.0
8.3	0.0
8.4	0.0
8.5	0.0
8.6	0.0
8.7	0.0
8.8	0.0
8.9	0.0
9.0	0.0
#Run 71
5.0	0.5796954795504226
5.1	0.48170532923224063
5.2	0.4002875879655706
5.3	0.332637908182465
5.4	0.2764267800410067
5.5	0.22971907661082433
5.6	0.19090724114220933
5.7	0.15865580136099192
5.8	0.13185528894471998
5.9	0.10942473721262766
6.0	0.09094360984431796
6.1	0.07264174962971276
6.2	0.06258088649639569
6.3	0.056209417003397225
6.4	0.050597207307611386
6.5	0.055691030376488
6.6	0.03769846022502219
6.7	0.031535057854576956
6.8	0.028574338269618284
6.9	0.025259069233162967
7.0	0.021869096114678892
7.1	0.01475772038281694
7.2	0.011535981569861785
7.300000000000001	0.009738337995420166
7.4	0.008304714136244364
7.5	0.006638739208276553
7.6	0.005573929493461967
7.7	0.004316368911484461
7.800000000000001	0.0035974978672095575
7.9	0.00226789183125609
8.0	0.0018269923497895315
8.1	9.16921884021831E-4
8.2	0.0
8.3	0.0
8.4	0.0
8.5	0.0
8.6	0.0
8.7	0.0
8.8	0.0
8.9	0.0
9.0	0.0
#Run 72
5.0	0.5796954795504226
5.1	0.48170532923224063
5.2	0.4002875879655706
5.3	0.332637908182465
5.4	0.2764267800410067
5.5	0.22971907661082433
5.6	0.19090724114220933
5.7	0.15865580136099192
5.8	0.13185528894471998
5.9	0.10942473721262766
6.0	0.09094360984431796
6.1	0.07264174962971276
6.2	0.06258088649639569
6.3	0.056209417003397225
6.4	0.050597207307611386
6.5	0.05823506715644056
6.6	0.03986855627057389
6.7	0.033472670831509434
6.8	0.030464040485717346
6.9	0.02717326994289213
7.0	0.02393650340962394
7.1	0.016841280448940423
7.2	0.01367537723785984
7.300000000000001	0.011769536243803643
7.4	0.009457926506833187
7.5	0.006797299554851385
7.6	0.005200684595460464
7.7	0.0038818722240289653
7.800000000000001	0.0032425417845770173
7.9	0.002011975583992241
8.0	0.001708019941945715
8.1	8.82967435603493E-4
8.2	0.0
8.3	0.0
8.4	0.0
8.5	0.0
8.6	0.0
8.7	0.0
8.8	0.0
8.9	0.0
9.0	0.0
#Run 73
5.0	0.5796954795504226
5.1	0.48170532923224063
5.2	0.4002875879655706
5.3	0.33725340987116403
5.4	0.2903137867090735
5.5	0.2524629052277329
5.6	0.21535943056836596
5.7	0.18508940037905675
5.8	0.16500854820348052
5.9	0.1511218367696478
6.0	0.13884914079451618
6.1	0.11229383541821164
6.2	0.0886664755209617
6.3	0.0764420888448614
6.4	0.07552708207464176
6.5	0.0912920830485677
6.6	0.07234331620809455
6.7	0.06231026103279689
6.8	0.051264410891688386
6.9	0.03874250769434578
7.0	0.025536769570365814
7.1	0.013751288590458679
7.2	0.01141738209129854
7.300000000000001	0.010924567762672376
7.4	0.009665278474938333
7.5	0.008053410097686321
7.6	0.006358480960127006
7.7	0.004508279168464473
7.800000000000001	0.0030215490132999845
7.9	0.0016635741807147356
8.0	6.778746659892941E-4
8.1	2.3619435880731297E-4
8.2	5.294876538298391E-5
8.3	8.380848811601189E-6
8.4	0.0
8.5	0.0
8.6	0.0
8.7	0.0
8.8	0.0
8.9	0.0
9.0	0.0
#Run 74
5.0	0.5796954795504226
5.1	0.48170532923224063
5.2	0.4002875879655706
5.3	0.33725340987116403
5.4	0.2903137867090735
5.5	0.2524629052277329
5.6	0.21535943056836596
5.7	0.18508940037905675
5.8	0.16500854820348052
5.9	0.1511218367696478
6.0	0.13884914079451618
6.1	0.11229383541821164
6.2	0.08898768514014486
6.3	0.07765069871382277
6.4	0.07841988230404784
6.5	0.10347061506816442
6.6	0.08383645985179691
6.7	0.06967226539821836
6.8	0.056847924980467875
6.9	0.04465892046603539
7.0	0.03109067221763089
7.1	0.016732725053194338
7.2	0.012356366611050438
7.300000000000001	0.010426772790236651
7.4	0.008817972072223288
7.5	0.007273581498918949
7.6	0.005803115529814382
7.7	0.004142583235381842
7.800000000000001	0.0027346534794945986
7.9	0.001527653116838121
8.0	6.299127327914348E-4
8.1	2.3619435880731297E-4
8.2	5.294876538298391E-5
8.3	8.380848811601189E-6
8.4	0.0
8.5	0.0
8.6	0.0
8.7	0.0
8.8	0.0
8.9	0.0
9.0	0.0
#Run 75
5.0	0.5796954795504226
5.1	0.48170532923224063
5.2	0.4002875879655706
5.3	0.332637908182465
5.4	0.27968543570640036
5.5	0.23952363871618684
5.6	0.20699678455774922
5.7	0.17606874971758713
5.8	0.15086663240510428
5.9	0.13325453020545944
6.0	0.12066899423606442
6.1	0.10662313400674298
6.2	0.08854436825555442
6.3	0.07000384274180145
6.4	0.059335542913838524
6.5	0.0766664980446813
6.6	0.061098716100574865
6.7	0.04855949858589776
6.8	0.04318863515536351
6.9	0.036644349720594986
7.0	0.028138760686074262
7.1	0.014714830566515326
7.2	0.010077462601226503
7.300000000000001	0.008247529271532323
7.4	0.007817138503553055
7.5	0.006932159914324295
7.6	0.005876152738188473
7.7	0.0042437578003723265
7.800000000000001	0.003288565753644474
7.9	0.002119642543738135
8.0	0.0011357412736134303
8.1	4.6253476185724343E-4
8.2	1.6440577641916164E-4
8.3	3.9170673978803187E-5
8.4	6.110735996022876E-6
8.5	0.0
8.6	0.0
8.7	0.0
8.8	0.0
8.9	0.0
9.0	0.0
#Run 76
5.0	0.5796954795504226
5.1	0.48170532923224063
5.2	0.4002875879655706
5.3	0.332637908182465
5.4	0.27968543570640036
5.5	0.23952363871618684
5.6	0.20699678455774922
5.7	0.17606874971758713
5.8	0.15086663240510428
5.9	0.13325453020545944
6.0	0.12066899423606442
6.1	0.10662313400674298
6.2	0.08854436825555442
6.3	0.07023124173760581
6.4	0.06012147849845427
6.5	0.0842675250907073
6.6	0.06886230050092963
6.7	0.055625257262676676
6.8	0.04802324704390113
6.9	0.04043569137200138
7.0	0.032192943950214464
7.1	0.018575342952791618
7.2	0.01218943607015419
7.300000000000001	0.008917229815511844
7.4	0.007473857983473166
7.5	0.006338459976449269
7.6	0.005327100515658335
7.7	0.003852295813503198
7.800000000000001	0.0030303889256419023
7.9	0.0019171316579362798
8.0	0.001039516529432974
8.1	4.285803134389054E-4
8.2	1.6440577641916164E-4
8.3	3.9170673978803187E-5
8.4	6.110735996022876E-6
8.5	0.0
8.6	0.0
8.7	0.0
8.8	0.0
8.9	0.0
9.0	0.0
#Run 77
5.0	0.5796954795504226
5.1	0.48170532923224063
5.2	0.4002875879655706
5.3	0.332637908182465
5.4	0.2764267800410067
5.5	0.23201715884965352
5.6	0.19782165381646444
5.7	0.17002775160938385
5.8	0.14425337637373792
5.9	0.12310798136098303
6.0	0.10808704163142668
6.1	0.09384176366174415
6.2	0.08453005192310914
6.3	0.06990083690041944
6.4	0.05524279644136857
6.5	0.06276568084362451
6.6	0.04899837524194894
6.7	0.04168837499642516
6.8	0.03479444103789663
6.9	0.03143874491788781
7.0	0.027013341081459207
7.1	0.016733944907104482
7.2	0.010905716208926478
7.300000000000001	0.007522469025488351
7.4	0.006187897313345328
7.5	0.005759613136338557
7.6	0.0050521354094677845
7.7	0.003907533011486305
7.800000000000001	0.003232253861083564
7.9	0.002460879927348782
8.0	0.001512841064483917
8.1	7.696761885639448E-4
8.2	3.038459308834417E-4
8.3	1.0947706273485536E-4
8.4	2.7965318849774567E-5
8.5	4.368005063058672E-6
8.6	0.0
8.7	0.0
8.8	0.0
8.9	0.0
9.0	0.0
#Run 78
5.0	0.5796954795504226
5.1	0.48170532923224063
5.2	0.4002875879655706
5.3	0.332637908182465
5.4	0.2764267800410067
5.5	0.23201715884965352
5.6	0.19782165381646444
5.7	0.17002775160938385
5.8	0.14425337637373792
5.9	0.12310798136098303
6.0	0.10808704163142668
6.1	0.09384176366174415
6.2	0.08453005192310914
6.3	0.06990083690041944
6.4	0.055350657168872
6.5	0.06775361150750894
6.6	0.053906541706785355
6.7	0.046519078287417866
6.8	0.03939322895674401
6.9	0.03471637428981376
7.0	0.02961618666342288
7.1	0.019536532038209257
7.2	0.013602458616009257
7.300000000000001	0.009018693960241181
7.4	0.006664962034462145
7.5	0.005521780019630212
7.6	0.004635340983993388
7.7	0.0035205780383164844
7.800000000000001	0.002956109473857153
7.9	0.002278522730736198
8.0	0.0013698220141755472
8.1	7.015542865679486E-4
8.2	2.798080222645906E-4
8.3	1.0947706273485536E-4
8.4	2.7965318849774567E-5
8.5	4.368005063058672E-6
8.6	0.0
8.7	0.0
8.8	0.0
8.9	0.0
9.0	0.0
#Run 79
5.0	0.5796954795504226
5.1	0.48170532923224063
5.2	0.4002875879655706
5.3	0.3334466624636647
5.4	0.27886013980411695
5.5	0.23428375002330315
5.6	0.19790423863795625
5.7	0.16962838764362143
5.8	0.15226391062194272
5.9	0.14214919662421271
6.0	0.13226960889997005
6.1	0.10602007818966833
6.2	0.08291909962858868
6.3	0.07219845516127546
6.4	0.07243080748141278
6.5	0.08885398333651028
6.6	0.0682644940532314
6.7	0.054453006365905866
6.8	0.04054966391333289
6.9	0.03033711687418649
7.0	0.022207198278109425
7.1	0.013278809412912559
7.2	0.011077461517044277
7.300000000000001	0.009623562927702525
7.4	0.008040937774783832
7.5	0.006503652111458133
7.6	0.00487443542833301
7.7	0.0034558866285273756
7.800000000000001	0.002967580607847374
7.9	0.002378340321615986
8.0	0.0014620824750885292
8.1	5.962601119241576E-4
8.2	1.4523723246411376E-4
8.3	8.971072177433344E-6
8.4	0.0
8.5	0.0
8.6	0.0
8.7	0.0
8.8	0.0
8.9	0.0
9.0	0.0
#Run 80
5.0	0.5796954795504226
5.1	0.48170532923224063
5.2	0.4002875879655706
5.3	0.3334466624636647
5.4	0.27886013980411695
5.5	0.23428375002330315
5.6	0.19790423863795625
5.7	0.16962838764362143
5.8	0.15226391062194272
5.9	0.14214919662421271
6.0	0.13226960889997005
6.1	0.10602007818966833
6.2	0.08324030924777184
6.3	0.07340706503023683
6.4	0.07532360771081886
6.5	0.10103251535610701
6.6	0.07975763769693377
6.7	0.06181501073132733
6.8	0.04613317800211238
6.9	0.0362535296458761
7.0	0.0277611009253745
7.1	0.016260245875648217
7.2	0.012016446036796177
7.300000000000001	0.009125767955266798
7.4	0.007193631372068788
7.5	0.005723823512690762
7.6	0.004319069998020387
7.7	0.003090190695444745
7.800000000000001	0.002680685074041988
7.9	0.0022424192577393713
8.0	0.00141412054189067
8.1	5.962601119241576E-4
8.2	1.4523723246411376E-4
8.3	8.971072177433344E-6
8.4	0.0
8.5	0.0
8.6	0.0
8.7	0.0
8.8	0.0
8.9	0.0
9.0	0.0
#Run 81
5.0	0.5796954795504226
5.1	0.48170532923224063
5.2	0.4002875879655706
5.3	0.332637908182465
5.4	0.2772355343222064
5.5	0.23215243637393468
5.6	0.1954719145546882
5.7	0.16565279885673873
5.8	0.14282787522734905
5.9	0.12732182221280924
6.0	0.11637728439584688
6.1	0.10321748119169573
6.2	0.08511138350740981
6.3	0.0668928853522544
6.4	0.05725608527643657
6.5	0.07552832915711977
6.6	0.060713096836779064
6.7	0.04749904417317057
6.8	0.04013547854471329
6.9	0.03166978363723768
7.0	0.023897394989992823
7.1	0.013229508822440764
7.2	0.010437464692498528
7.300000000000001	0.008932740674111228
7.4	0.008022033107862014
7.5	0.00680735279908644
7.6	0.005492471542222514
7.7	0.0038122700506288115
7.800000000000001	0.0032647583752645603
7.9	0.0028831959598395506
8.0	0.002338644001914258
8.1	0.001448074990304526
8.2	5.962601119221199E-4
8.3	1.4523723246363194E-4
8.4	8.971072177431567E-6
8.5	0.0
8.6	0.0
8.7	0.0
8.8	0.0
8.9	0.0
9.0	0.0
#Run 82
5.0	0.5796954795504226
5.1	0.48170532923224063
5.2	0.4002875879655706
5.3	0.332637908182465
5.4	0.2772355343222064
5.5	0.23215243637393468
5.6	0.1954719145546882
5.7	0.16565279885673873
5.8	0.14282787522734905
5.9	0.12732182221280924
6.0	0.11637728439584688
6.1	0.10321748119169573
6.2	0.08511138350740981
6.3	0.06712028434805875
6.4	0.058042020861052326
6.5	0.08312935620314578
6.6	0.06847668123713384
6.7	0.05456480284994949
6.8	0.04497009043325091
6.9	0.03546112528864407
7.0	0.02795157825413303
7.1	0.017090021208717058
7.2	0.012549438161426214
7.300000000000001	0.00960244121809075
7.4	0.0076787525877821255
7.5	0.006213652861211414
7.6	0.004943419319692377
7.7	0.003420808063759683
7.800000000000001	0.0030065815472619887
7.9	0.0026806850740376956
8.0	0.002242419257733802
8.1	0.0014141205418861879
8.2	5.962601119221199E-4
8.3	1.4523723246363194E-4
8.4	8.971072177431567E-6
8.5	0.0
8.6	0.0
8.7	0.0
8.8	0.0
8.9	0.0
9.0	0.0
#Run 83
5.0	0.5796954795504226
5.1	0.48170532923224063
5.2	0.4002875879655706
5.3	0.332637908182465
5.4	0.2764267800410067
5.5	0.23052783089202408
5.6	0.19334060090531974
5.7	0.1632204747734707
5.8	0.138852286440466
5.9	0.12039732349525469
6.0	0.10706266304166007
6.1	0.09291394377471215
6.2	0.08338590062034391
6.3	0.0684789650535008
6.4	0.05400997988721597
6.5	0.062262169995326716
6.6	0.04934268540175806
6.7	0.04284308430767894
6.8	0.03575494198836571
6.9	0.031283311270822386
7.0	0.025467581356569537
7.1	0.015035477419649891
7.2	0.010543347678958873
7.300000000000001	0.00835869135090773
7.4	0.007464641251837748
7.5	0.0068765186509703
7.6	0.005855438670551823
7.7	0.00428468570792849
7.800000000000001	0.0035160320685689588
7.9	0.003129747999878718
8.0	0.0028237041243358327
8.1	0.0023105411597166667
8.2	0.0014381584504945574
8.3	5.962601119173642E-4
8.4	1.4523723246252294E-4
8.5	8.971072177427032E-6
8.6	0.0
8.7	0.0
8.8	0.0
8.9	0.0
9.0	0.0
#Run 84
5.0	0.5796954795504226
5.1	0.48170532923224063
5.2	0.4002875879655706
5.3	0.332637908182465
5.4	0.2764267800410067
5.5	0.23052783089202408
5.6	0.19334060090531974
5.7	0.1632204747734707
5.8	0.138852286440466
5.9	0.12039732349525469
6.0	0.10706266304166007
6.1	0.09291394377471215
6.2	0.08338590062034391
6.3	0.0684789650535008
6.4	0.054117840614719394
6.5	0.06725010065921116
6.6	0.05425085186659448
6.7	0.04767378759867165
6.8	0.04035372990721309
6.9	0.03456094064274833
7.0	0.028070426938533215
7.1	0.017838064550754668
7.2	0.013240090086041652
7.300000000000001	0.00985491628566056
7.4	0.007941705972954564
7.5	0.006638685534261955
7.6	0.005438644245077427
7.7	0.0038977307347586687
7.800000000000001	0.003239887681342548
7.9	0.002947390803266134
8.0	0.002680685074027463
8.1	0.0022424192577206706
8.2	0.0014141205418757062
8.3	5.962601119173642E-4
8.4	1.4523723246252294E-4
8.5	8.971072177427032E-6
8.6	0.0
8.7	0.0
8.8	0.0
8.9	0.0
9.0	0.0
#Run 85
5.0	0.5796954795504226
5.1	0.48170532923224063
5.2	0.4002875879655706
5.3	0.332637908182465
5.4	0.2764267800410067
5.5	0.22971907661082433
5.6	0.19090724114220933
5.7	0.15865580136099192
5.8	0.14045484526937166
5.9	0.13438854348634108
6.0	0.1277527600598
6.1	0.10238869454448485
6.2	0.07940434354514048
6.3	0.06888252703934725
6.4	0.06844067397244533
6.5	0.09606957797374974
6.6	0.07428926993771374
6.7	0.05945092896728915
6.8	0.03987563538985101
6.9	0.03172932384561407
7.0	0.025627921144325248
7.1	0.01717038427772865
7.2	0.012435635455419454
7.300000000000001	0.01000423419992547
7.4	0.008711143036520359
7.5	0.007678611012040598
7.6	0.0061818822378909314
7.7	0.0030242894609991905
7.800000000000001	0.002337205448873219
7.9	0.002186230978944448
8.0	9.309293688013522E-4
8.1	8.82967435603493E-4
8.2	0.0
8.3	0.0
8.4	0.0
8.5	0.0
8.6	0.0
8.7	0.0
8.8	0.0
8.9	0.0
9.0	0.0
#Run 86
5.0	0.5796954795504226
5.1	0.48170532923224063
5.2	0.4002875879655706
5.3	0.332637908182465
5.4	0.2764267800410067
5.5	0.22971907661082433
5.6	0.19090724114220933
5.7	0.15865580136099192
5.8	0.14045484526937166
5.9	0.13438854348634108
6.0	0.1277527600598
6.1	0.10238869454448485
6.2	0.07972555316432364
6.3	0.07009113690830862
6.4	0.0713334742018514
6.5	0.10824810999334647
6.6	0.08578241358141611
6.7	0.06681293333271061
6.8	0.0454591494786305
6.9	0.037645736617303686
7.0	0.03118182379159033
7.1	0.02015182074046431
7.2	0.013374619975171352
7.300000000000001	0.009506439227489744
7.4	0.007863836633805315
7.5	0.0068987824132732255
7.6	0.005626516807578307
7.7	0.0026585935279165598
7.800000000000001	0.0020503099150678333
7.9	0.0020503099150678333
8.0	8.82967435603493E-4
8.1	8.82967435603493E-4
8.2	0.0
8.3	0.0
8.4	0.0
8.5	0.0
8.6	0.0
8.7	0.0
8.8	0.0
8.9	0.0
9.0	0.0
#Run 87
5.0	0.5796954795504226
5.1	0.48170532923224063
5.2	0.4002875879655706
5.3	0.332637908182465
5.4	0.2764267800410067
5.5	0.22971907661082433
5.6	0.19090724114220933
5.7	0.15865580136099192
5.8	0.13185528894471998
5.9	0.11551275686023876
6.0	0.10861663125797555
6.1	0.09870063235152574
6.2	0.08147999986222627
6.3	0.06337812926880618
6.4	0.053940157154508395
6.5	0.0798337881778284
6.6	0.06364360325889977
6.7	0.049238731842534196
6.8	0.040848312930977924
6.9	0.028903476766011026
7.0	0.023197323613675543
7.1	0.01455795334091167
7.2	0.012236761209569728
7.300000000000001	0.00885905491287243
7.4	0.0071943319714720694
7.5	0.006269185652210107
7.6	0.005459058034192165
7.7	0.003911344451574453
7.800000000000001	0.0021376856834060716
7.9	0.0016521409102631178
8.0	0.001545854768641719
8.1	6.585319665373785E-4
8.2	6.245775181190405E-4
8.3	0.0
8.4	0.0
8.5	0.0
8.6	0.0
8.7	0.0
8.8	0.0
8.9	0.0
9.0	0.0
#Run 88
5.0	0.5796954795504226
5.1	0.48170532923224063
5.2	0.4002875879655706
5.3	0.332637908182465
5.4	0.2764267800410067
5.5	0.22971907661082433
5.6	0.19090724114220933
5.7	0.15865580136099192
5.8	0.13185528894471998
5.9	0.11551275686023876
6.0	0.10861663125797555
6.1	0.09870063235152574
6.2	0.08147999986222627
6.3	0.06360552826461054
6.4	0.05472609273912414
6.5	0.0874348152238544
6.6	0.07140718765925454
6.7	0.05630449051931311
6.8	0.045682924819515545
6.9	0.032694818417417414
7.0	0.027251506877815742
7.1	0.018418465727187965
7.2	0.014348734678497415
7.300000000000001	0.009528755456851954
7.4	0.006851051451392181
7.5	0.005675485714335082
7.6	0.004910005811662027
7.7	0.0035198824647053244
7.800000000000001	0.0018795088554035
7.9	0.0014496300244612626
8.0	0.0014496300244612626
8.1	6.245775181190405E-4
8.2	6.245775181190405E-4
8.3	0.0
8.4	0.0
8.5	0.0
8.6	0.0
8.7	0.0
8.8	0.0
8.9	0.0
9.0	0.0
#Run 89
5.0	0.5796954795504226
5.1	0.48170532923224063
5.2	0.4002875879655706
5.3	0.332637908182465
5.4	0.2764267800410067
5.5	0.22971907661082433
5.6	0.19090724114220933
5.7	0.15865580136099192
5.8	0.13185528894471998
5.9	0.10942473721262766
6.0	0.09525359768909206
6.1	0.08515329063684225
6.2	0.07886905178017438
6.3	0.06484758140831731
6.4	0.05049522380376785
6.5	0.06457351049924634
6.6	0.05097982051863859
6.7	0.043105266825971655
6.8	0.03482630575390151
6.9	0.029327821753259365
7.0	0.021251164646722654
7.1	0.012885296204712154
7.2	0.010421682358809156
7.300000000000001	0.008707878029358334
7.4	0.006386629063774702
7.5	0.005197565810448528
7.6	0.004466019819543751
7.7	0.0034000204957665313
7.800000000000001	0.0027638547653842833
7.9	0.0015116332400947857
8.0	0.0011683394517440458
8.1	0.0010934423034316724
8.2	4.6594690344496154E-4
8.3	4.4190899482611046E-4
8.4	0.0
8.5	0.0
8.6	0.0
8.7	0.0
8.8	0.0
8.9	0.0
9.0	0.0
#Run 90
5.0	0.5796954795504226
5.1	0.48170532923224063
5.2	0.4002875879655706
5.3	0.332637908182465
5.4	0.2764267800410067
5.5	0.22971907661082433
5.6	0.19090724114220933
5.7	0.15865580136099192
5.8	0.13185528894471998
5.9	0.10942473721262766
6.0	0.09525359768909206
6.1	0.08515329063684225
6.2	0.07886905178017438
6.3	0.06484758140831731
6.4	0.05060308453127128
6.5	0.06956144116313077
6.6	0.05588798698347501
6.7	0.04793597011696436
6.8	0.03942509367274889
6.9	0.03260545112518531
7.0	0.023854010228686332
7.1	0.015687883335816933
7.2	0.013118424765891935
7.300000000000001	0.010204102964111164
7.4	0.006863693784891519
7.5	0.004959732693740183
7.6	0.0040492253940693545
7.7	0.00301306552259671
7.800000000000001	0.0024877103781578724
7.9	0.0013292760434822015
8.0	0.001025320401435676
8.1	0.001025320401435676
8.2	4.4190899482611046E-4
8.3	4.4190899482611046E-4
8.4	0.0
8.5	0.0
8.6	0.0
8.7	0.0
8.8	0.0
8.9	0.0
9.0	0.0
#Run 91
5.0	0.5796954795504226
5.1	0.48170532923224063
5.2	0.4002875879655706
5.3	0.332637908182465
5.4	0.2764267800410067
5.5	0.22971907661082433
5.6	0.19090724114220933
5.7	0.15865580136099192
5.8	0.14045484526937166
5.9	0.13438854348634108
6.0	0.1277527600598
6.1	0.10238869454448485
6.2	0.07940434354514048
6.3	0.06888252703934725
6.4	0.06844067397244533
6.5	0.09606957797374974
6.6	0.07428926993771374
6.7	0.05945092896728915
6.8	0.03987563538985101
6.9	0.03172932384561407
7.0	0.025627921144325248
7.1	0.01717038427772865
7.2	0.012435635455419454
7.300000000000001	0.01000423419992547
7.4	0.008711143036520359
7.5	0.007678611012040598
7.6	0.0061818822378909314
7.7	0.0030242894609991905
7.800000000000001	0.002337205448873219
7.9	0.002186230978944448
8.0	9.309293688013522E-4
8.1	8.82967435603493E-4
8.2	0.0
8.3	0.0
8.4	0.0
8.5	0.0
8.6	0.0
8.7	0.0
8.8	0.0
8.9	0.0
9.0	0.0
#Run 92
5.0	0.5796954795504226
5.1	0.48170532923224063
5.2	0.4002875879655706
5.3	0.332637908182465
5.4	0.2764267800410067
5.5	0.22971907661082433
5.6	0.19090724114220933
5.7	0.15865580136099192
5.8	0.14045484526937166
5.9	0.13438854348634108
6.0	0.1277527600598
6.1	0.10238869454448485
6.2	0.07972555316432364
6.3	0.07009113690830862
6.4	0.0713334742018514
6.5	0.10824810999334647
6.6	0.08578241358141611
6.7	0.06681293333271061
6.8	0.0454591494786305
6.9	0.037645736617303686
7.0	0.03118182379159033
7.1	0.02015182074046431
7.2	0.013374619975171352
7.300000000000001	0.009506439227489744
7.4	0.007863836633805315
7.5	0.0068987824132732255
7.6	0.005626516807578307
7.7	0.0026585935279165598
7.800000000000001	0.0020503099150678333
7.9	0.0020503099150678333
8.0	8.82967435603493E-4
8.1	8.82967435603493E-4
8.2	0.0
8.3	0.0
8.4	0.0
8.5	0.0
8.6	0.0
8.7	0.0
8.8	0.0
8.9	0.0
9.0	0.0
#Run 93
5.0	0.5796954795504226
5.1	0.48170532923224063
5.2	0.4002875879655706
5.3	0.332637908182465
5.4	0.2764267800410067
5.5	0.22971907661082433
5.6	0.19090724114220933
5.7	0.15865580136099192
5.8	0.13185528894471998
5.9	0.11551275686023876
6.0	0.10861663125797555
6.1	0.09870063235152574
6.2	0.08147999986222627
6.3	0.06337812926880618
6.4	0.053940157154508395
6.5	0.0798337881778284
6.6	0.06364360325889977
6.7	0.049238731842534196
6.8	0.040848312930977924
6.9	0.028903476766011026
7.0	0.023197323613675543
7.1	0.01455795334091167
7.2	0.012236761209569728
7.300000000000001	0.00885905491287243
7.4	0.0071943319714720694
7.5	0.006269185652210107
7.6	0.005459058034192165
7.7	0.003911344451574453
7.800000000000001	0.0021376856834060716
7.9	0.0016521409102631178
8.0	0.001545854768641719
8.1	6.585319665373785E-4
8.2	6.245775181190405E-4
8.3	0.0
8.4	0.0
8.5	0.0
8.6	0.0
8.7	0.0
8.8	0.0
8.9	0.0
9.0	0.0
#Run 94
5.0	0.5796954795504226
5.1	0.48170532923224063
5.2	0.4002875879655706
5.3	0.332637908182465
5.4	0.2764267800410067
5.5	0.22971907661082433
5.6	0.19090724114220933
5.7	0.15865580136099192
5.8	0.13185528894471998
5.9	0.11551275686023876
6.0	0.10861663125797555
6.1	0.09870063235152574
6.2	0.08147999986222627
6.3	0.06360552826461054
6.4	0.05472609273912414
6.5	0.0874348152238544
6.6	0.07140718765925454
6.7	0.05630449051931311
6.8	0.045682924819515545
6.9	0.032694818417417414
7.0	0.027251506877815742
7.1	0.018418465727187965
7.2	0.014348734678497415
7.300000000000001	0.009528755456851954
7.4	0.006851051451392181
7.5	0.005675485714335082
7.6	0.004910005811662027
7.7	0.0035198824647053244
7.800000000000001	0.0018795088554035
7.9	0.0014496300244612626
8.0	0.0014496300244612626
8.1	6.245775181190405E-4
8.2	6.245775181190405E-4
8.3	0.0
8.4	0.0
8.5	0.0
8.6	0.0
8.7	0.0
8.8	0.0
8.9	0.0
9.0	0.0
#Run 95
5.0	0.5796954795504226
5.1	0.48170532923224063
5.2	0.4002875879655706
5.3	0.332637908182465
5.4	0.2764267800410067
5.5	0.22971907661082433
5.6	0.19090724114220933
5.7	0.15865580136099192
5.8	0.13185528894471998
5.9	0.10942473721262766
6.0	0.09525359768909206
6.1	0.08515329063684225
6.2	0.07886905178017438
6.3	0.06484758140831731
6.4	0.05049522380376785
6.5	0.06457351049924634
6.6	0.05097982051863859
6.7	0.043105266825971655
6.8	0.03482630575390151
6.9	0.029327821753259365
7.0	0.021251164646722654
7.1	0.012885296204712154
7.2	0.010421682358809156
7.300000000000001	0.008707878029358334
7.4	0.006386629063774702
7.5	0.005197565810448528
7.6	0.004466019819543751
7.7	0.0034000204957665313
7.800000000000001	0.0027638547653842833
7.9	0.0015116332400947857
8.0	0.0011683394517440458
8.1	0.0010934423034316724
8.2	4.6594690344496154E-4
8.3	4.4190899482611046E-4
8.4	0.0
8.5	0.0
8.6	0.0
8.7	0.0
8.8	0.0
8.9	0.0
9.0	0.0
#Run 96
5.0	0.5796954795504226
5.1	0.48170532923224063
5.2	0.4002875879655706
5.3	0.332637908182465
5.4	0.2764267800410067
5.5	0.22971907661082433
5.6	0.19090724114220933
5.7	0.15865580136099192
5.8	0.13185528894471998
5.9	0.10942473721262766
6.0	0.09525359768909206
6.1	0.08515329063684225
6.2	0.07886905178017438
6.3	0.06484758140831731
6.4	0.05060308453127128
6.5	0.06956144116313077
6.6	0.05588798698347501
6.7	0.04793597011696436
6.8	0.03942509367274889
6.9	0.03260545112518531
7.0	0.023854010228686332
7.1	0.015687883335816933
7.2	0.013118424765891935
7.300000000000001	0.010204102964111164
7.4	0.006863693784891519
7.5	0.004959732693740183
7.6	0.0040492253940693545
7.7	0.00301306552259671
7.800000000000001	0.0024877103781578724
7.9	0.0013292760434822015
8.0	0.001025320401435676
8.1	0.001025320401435676
8.2	4.4190899482611046E-4
8.3	4.4190899482611046E-4
8.4	0.0
8.5	0.0
8.6	0.0
8.7	0.0
8.8	0.0
8.9	0.0
9.0	0.0
