#sh+nh -- hs+hn 2-5  M=6.5 Char
	37.4535,-121.8485,0.0
	37.488102,-121.88475,0.0
	37.522694,-121.921036,0.0
	37.55727,-121.95735,0.0
	37.59184,-121.993706,0.0
	37.626396,-122.03009,0.0
	37.660942,-122.06651,0.0
	37.697037,-122.10034,0.0
	37.73431,-122.13222,0.0
	37.771446,-122.16437,0.0
	37.80857,-122.19655,0.0
	37.845825,-122.2285,0.0
	37.883217,-122.260216,0.0
	37.920597,-122.29197,0.0
	37.957973,-122.323746,0.0
	37.99534,-122.35556,0.0
	38.032696,-122.387405,0.0
	38.07004,-122.41929,0.0
	38.08498,-122.432045,0.0
#sgv --gvs -- average - 4-2  M=6.2 Char
	38.0389,-122.0766,0.0
	38.08258,-122.09034,0.0
	38.12626,-122.104095,0.0
	38.169937,-122.11787,0.0
	38.213615,-122.13165,0.0
	38.25729,-122.145454,0.0
#Likely (bb.likely) 1  Char
	40.891,-120.2451,0.0
	40.921032,-120.289444,0.0
	40.95307,-120.330826,0.0
	40.98973,-120.365395,0.0
	41.02638,-120.4,0.0
	41.063015,-120.43464,0.0
	41.099644,-120.46932,0.0
	41.134502,-120.50709,0.0
	41.169273,-120.54503,0.0
	41.20403,-120.583015,0.0
	41.238773,-120.62103,0.0
	41.273506,-120.659096,0.0
	41.308224,-120.6972,0.0
	41.33599,-120.72771,0.0
#cc+nc -- cc+cn-3-9  M=6.6 Char
	36.9898,-121.4678,0.0
	37.02904,-121.495384,0.0
	37.06827,-121.523,0.0
	37.10765,-121.5503,0.0
	37.147377,-121.57681,0.0
	37.1866,-121.60449,0.0
	37.225742,-121.63236,0.0
	37.26495,-121.66011,0.0
	37.304245,-121.687675,0.0
	37.34351,-121.71532,0.0
	37.381092,-121.74645,0.0
	37.417503,-121.779655,0.0
	37.454502,-121.81065,0.0
	37.497288,-121.82804,0.0
	37.538418,-121.85105,0.0
	37.580894,-121.869484,0.0
	37.622044,-121.89248,0.0
	37.663185,-121.9155,0.0
	37.705093,-121.93547,0.0
	37.745552,-121.95928,0.0
	37.78495,-121.986786,0.0
	37.816463,-122.00881,0.0
#sj9  Char
	34.017,-117.237,0.0
	33.98629,-117.19845,0.0
	33.953686,-117.16106,0.0
	33.921066,-117.12369,0.0
	33.88844,-117.08635,0.0
	33.855797,-117.049034,0.0
	33.823147,-117.01176,0.0
	33.790485,-116.9745,0.0
	33.757812,-116.93727,0.0
	33.7382,-116.914955,0.0
#Bartlett Springs-fault system (jl0.bartlettspr) 1  Char
	38.9334,-122.5041,0.0
	38.97084,-122.5362,0.0
	39.008274,-122.56834,0.0
	39.0457,-122.6005,0.0
	39.083115,-122.632706,0.0
	39.12052,-122.66494,0.0
	39.157917,-122.69721,0.0
	39.195305,-122.729515,0.0
	39.232685,-122.761856,0.0
	39.270058,-122.79423,0.0
	39.30742,-122.82664,0.0
	39.344772,-122.85908,0.0
	39.382114,-122.891556,0.0
	39.41945,-122.924065,0.0
	39.456776,-122.95661,0.0
	39.49409,-122.9892,0.0
	39.5314,-123.02181,0.0
	39.568256,-123.04906,0.0
	39.602737,-123.06771,0.0
	39.638145,-123.10377,0.0
	39.67354,-123.13986,0.0
	39.708923,-123.175995,0.0
	39.744408,-123.211975,0.0
	39.779926,-123.247925,0.0
	39.815434,-123.283905,0.0
	39.853584,-123.314766,0.0
	39.892628,-123.343925,0.0
	39.931664,-123.373116,0.0
	39.971428,-123.40028,0.0
	40.01406,-123.41839,0.0
	40.058704,-123.42578,0.0
	40.103348,-123.43318,0.0
	40.147724,-123.44195,0.0
	40.18951,-123.4638,0.0
	40.231293,-123.48568,0.0
	40.264717,-123.503204,0.0
#Birch Creek (bb.birchck) 1  Char
	36.9762,-118.3365,0.0
	37.01845,-118.35486,0.0
	37.05493,-118.387146,0.0
	37.094433,-118.40429,0.0
#SAF - Cholame (mp.sa-cholame) 2  Char
	35.752,-120.3,0.0
	35.716785,-120.26549,0.0
	35.681557,-120.231,0.0
	35.64632,-120.196556,0.0
	35.611076,-120.16213,0.0
	35.57582,-120.12774,0.0
	35.540554,-120.093376,0.0
	35.50528,-120.05905,0.0
	35.469994,-120.02475,0.0
	35.4347,-119.99048,0.0
	35.39984,-119.955574,0.0
	35.365612,-119.91974,0.0
	35.33137,-119.88394,0.0
	35.310825,-119.86247,0.0
#SAF - Southern 2 segments (SB-Coachella) 2  Char
	34.2895,-117.4982,0.0
	34.265633,-117.452034,0.0
	34.241753,-117.40588,0.0
	34.21785,-117.35977,0.0
	34.193935,-117.31368,0.0
	34.17,-117.26762,0.0
	34.14825,-117.22018,0.0
	34.130386,-117.17027,0.0
	34.1125,-117.12039,0.0
	34.09459,-117.07053,0.0
	34.07666,-117.0207,0.0
	34.058716,-116.97088,0.0
	34.040745,-116.92109,0.0
	34.02276,-116.871315,0.0
	34.00475,-116.82156,0.0
	33.987133,-116.77166,0.0
	33.97593,-116.7191,0.0
	33.964703,-116.66655,0.0
	33.953457,-116.61402,0.0
	33.942184,-116.5615,0.0
	33.930893,-116.508995,0.0
	33.915703,-116.45868,0.0
	33.88937,-116.41471,0.0
	33.863018,-116.37077,0.0
	33.836655,-116.32686,0.0
	33.810272,-116.28298,0.0
	33.783047,-116.23997,0.0
	33.75156,-116.20129,0.0
	33.720062,-116.16264,0.0
	33.688553,-116.12402,0.0
	33.657032,-116.085434,0.0
	33.625496,-116.04687,0.0
	33.593952,-116.00834,0.0
	33.562393,-115.96983,0.0
	33.530823,-115.93135,0.0
	33.49924,-115.89291,0.0
	33.467648,-115.854485,0.0
	33.436043,-115.816086,0.0
	33.404427,-115.777725,0.0
	33.3728,-115.73939,0.0
	33.347485,-115.70873,0.0
#scz -- 1-1  M=6.7 Char
	36.8059,-121.4816,0.0
	36.8372,-121.52199,0.0
	36.868484,-121.562416,0.0
	36.896744,-121.60618,0.0
	36.924824,-121.65016,0.0
	36.956413,-121.69024,0.0
	36.98814,-121.73019,0.0
	37.019855,-121.770164,0.0
	37.051556,-121.81017,0.0
	37.076984,-121.85664,0.0
	37.1021,-121.90346,0.0
	37.13246,-121.945045,0.0
	37.163235,-121.98624,0.0
	37.17554,-122.002716,0.0
#Pleito Thrust (bb.pleito) 1  Char
	34.9415,-119.2959,0.0
	34.954628,-119.243385,0.0
	34.961884,-119.19055,0.0
	34.981674,-119.141235,0.0
	35.00221,-119.09236,0.0
	34.999878,-119.04355,0.0
	34.97204,-119.001076,0.0
	34.93613,-118.97007,0.0
	34.93663,-118.9173,0.0
	34.934414,-118.87449,0.0
#White Mtns (bb.whitemtn) 1  Char
	37.0221,-118.1663,0.0
	37.063396,-118.1838,0.0
	37.106148,-118.20071,0.0
	37.149498,-118.21586,0.0
	37.192116,-118.23374,0.0
	37.233955,-118.25455,0.0
	37.27709,-118.27049,0.0
	37.32009,-118.28703,0.0
	37.363598,-118.301094,0.0
	37.40768,-118.31245,0.0
	37.45191,-118.32289,0.0
	37.49635,-118.33163,0.0
	37.54088,-118.339325,0.0
	37.584972,-118.350586,0.0
	37.629425,-118.35942,0.0
	37.673916,-118.36787,0.0
	37.718704,-118.373405,0.0
	37.75978,-118.39342,0.0
	37.800243,-118.41741,0.0
	37.843315,-118.4243,0.0
	37.883842,-118.401,0.0
	37.920223,-118.36744,0.0
	37.958862,-118.33975,0.0
	37.96747,-118.33641,0.0
#Deep Springs (bb.deepspr) 1  Char
	37.4349,-117.9425,0.0
	37.391483,-117.95721,0.0
	37.35287,-117.984215,0.0
	37.310394,-118.00225,0.0
	37.26909,-118.024666,0.0
	37.232834,-118.057236,0.0
#Gillem-Big Crack (bb.gillem) 1  Char
	41.6833,-121.5884,0.0
	41.72508,-121.566,0.0
	41.766846,-121.56685,0.0
	41.81129,-121.5707,0.0
	41.85629,-121.5707,0.0
	41.90129,-121.5707,0.0
	41.946293,-121.5707,0.0
	41.96429,-121.5707,0.0
#Quien Sabe (bb.quiensabe) 1  Char
	36.759,-121.2139,0.0
	36.795483,-121.24679,0.0
	36.83196,-121.27971,0.0
	36.868427,-121.31266,0.0
	36.904884,-121.34564,0.0
	36.926754,-121.36545,0.0
#Big Pine (bb.bigpine) 1  Char
	34.6646,-119.4025,0.0
	34.673004,-119.34875,0.0
	34.68803,-119.29826,0.0
	34.712845,-119.25261,0.0
	34.731068,-119.20267,0.0
	34.74831,-119.152084,0.0
	34.767876,-119.10279,0.0
	34.78825,-119.05394,0.0
	34.817337,-119.01227,0.0
	34.82328,-119.004036,0.0
#S Emerson-Copper Mtn (mp.emerson-cm) 1  Char
	34.1578,-116.1793,0.0
	34.187115,-116.21957,0.0
	34.22279,-116.25272,0.0
	34.258152,-116.28561,0.0
	34.301163,-116.30161,0.0
	34.34192,-116.323975,0.0
	34.378708,-116.35536,0.0
	34.414154,-116.388695,0.0
	34.44434,-116.429016,0.0
	34.46908,-116.47458,0.0
	34.500954,-116.51288,0.0
	34.53162,-116.55284,0.0
#North Frontal fault zone-western (bb.nfrontal) 1  Char
	34.3169,-117.2691,0.0
	34.345146,-117.22668,0.0
	34.371277,-117.2011,0.0
	34.41363,-117.19218,0.0
	34.44228,-117.15255,0.0
	34.438114,-117.09947,0.0
	34.41775,-117.05083,0.0
	34.396168,-117.00297,0.0
	34.372063,-116.95886,0.0
	34.367138,-116.906075,0.0
	34.370598,-116.85172,0.0
#Goose Lake (bb.gooselk) 1  Char
	42.2587,-120.3359,0.0
	42.216164,-120.34748,0.0
	42.172375,-120.33422,0.0
	42.13355,-120.30353,0.0
	42.088863,-120.29784,0.0
	42.044018,-120.29285,0.0
	41.999386,-120.29303,0.0
	41.955246,-120.304794,0.0
	41.910423,-120.30586,0.0
	41.869717,-120.289764,0.0
	41.836075,-120.24964,0.0
	41.802414,-120.209564,0.0
	41.788948,-120.19354,0.0
#el15  Char
	33.854,-117.637,0.0
	33.871403,-117.68697,0.0
	33.88879,-117.73697,0.0
	33.906155,-117.78699,0.0
	33.923496,-117.83702,0.0
	33.940823,-117.887085,0.0
	33.958126,-117.93716,0.0
	33.975407,-117.98726,0.0
	33.985767,-118.01733,0.0
#SAF - Mojave (mp.sa-mojave) 2  Char
	34.6985,-118.5089,0.0
	34.68003,-118.45899,0.0
	34.66154,-118.40911,0.0
	34.643032,-118.359245,0.0
	34.624504,-118.3094,0.0
	34.605953,-118.25959,0.0
	34.587383,-118.20979,0.0
	34.568794,-118.16002,0.0
	34.550182,-118.11027,0.0
	34.53052,-118.061134,0.0
	34.510685,-118.01211,0.0
	34.490833,-117.963104,0.0
	34.47096,-117.91412,0.0
	34.451065,-117.865166,0.0
	34.431152,-117.81624,0.0
	34.41122,-117.76733,0.0
	34.390594,-117.71887,0.0
	34.368797,-117.671165,0.0
	34.346977,-117.62349,0.0
	34.32514,-117.57584,0.0
	34.303288,-117.52821,0.0
	34.290165,-117.49965,0.0
#sj14  Char
	33.013,-115.838,0.0
	32.98627,-115.79484,0.0
	32.959526,-115.75169,0.0
	32.932766,-115.70858,0.0
	32.90599,-115.6655,0.0
	32.88992,-115.639656,0.0
#West Napa (jl0.wnapa) 1  Char
	38.1644,-122.2445,0.0
	38.204613,-122.270195,0.0
	38.245426,-122.294106,0.0
	38.28788,-122.3131,0.0
	38.330334,-122.33212,0.0
	38.372787,-122.351166,0.0
	38.415234,-122.37023,0.0
#Table Bluff (pm.tablebluff) 1  Char
	40.647,-124.178,0.0
	40.670757,-124.22838,0.0
	40.694492,-124.27879,0.0
	40.69661,-124.33758,0.0
	40.69723,-124.39693,0.0
	40.69782,-124.456276,0.0
	40.717854,-124.506065,0.0
	40.746845,-124.55149,0.0
	40.775818,-124.59695,0.0
	40.80477,-124.64245,0.0
	40.827923,-124.67888,0.0
#sj11  Char
	33.457,-116.508,0.0
	33.425552,-116.46943,0.0
	33.394093,-116.43088,0.0
	33.36262,-116.392365,0.0
	33.33114,-116.353874,0.0
	33.29964,-116.31541,0.0
	33.268135,-116.27697,0.0
	33.236618,-116.23856,0.0
	33.205086,-116.20019,0.0
	33.19878,-116.19251,0.0
#ncs+ncn --san+sao -1-7  M=7.4 Char
	37.7856,-122.5741,0.0
	37.82309,-122.6056,0.0
	37.860573,-122.63713,0.0
	37.89805,-122.66869,0.0
	37.935516,-122.700294,0.0
	37.97281,-122.73222,0.0
	38.00972,-122.764885,0.0
	38.046623,-122.797585,0.0
	38.083515,-122.830315,0.0
	38.120396,-122.863075,0.0
	38.157272,-122.895874,0.0
	38.19437,-122.92826,0.0
	38.23189,-122.95988,0.0
	38.269405,-122.99153,0.0
	38.306908,-123.02322,0.0
	38.34401,-123.055664,0.0
	38.38054,-123.08918,0.0
	38.416916,-123.12297,0.0
	38.45285,-123.157555,0.0
	38.488777,-123.19217,0.0
	38.524693,-123.22682,0.0
	38.560596,-123.261505,0.0
	38.59649,-123.29622,0.0
	38.632374,-123.33098,0.0
	38.668247,-123.36576,0.0
	38.70411,-123.40059,0.0
	38.739964,-123.43545,0.0
	38.775803,-123.47034,0.0
	38.811638,-123.505264,0.0
	38.847458,-123.54023,0.0
	38.88327,-123.575226,0.0
	38.91907,-123.61026,0.0
	38.95486,-123.64533,0.0
	38.99064,-123.680435,0.0
	39.02641,-123.715576,0.0
	39.06217,-123.750755,0.0
	39.097916,-123.785965,0.0
	39.136612,-123.81549,0.0
	39.176174,-123.84271,0.0
	39.21951,-123.85836,0.0
	39.262844,-123.87402,0.0
	39.306183,-123.88969,0.0
	39.349514,-123.90537,0.0
	39.39285,-123.921074,0.0
	39.436882,-123.933014,0.0
	39.480984,-123.94461,0.0
	39.52508,-123.95623,0.0
	39.56918,-123.96786,0.0
	39.613277,-123.9795,0.0
	39.65737,-123.991165,0.0
	39.702034,-123.99667,0.0
	39.747,-123.9988,0.0
	39.791973,-124.00093,0.0
	39.836945,-124.00306,0.0
	39.881916,-124.005196,0.0
	39.926373,-124.011536,0.0
	39.96961,-124.0278,0.0
	40.012848,-124.04408,0.0
	40.053318,-124.06791,0.0
	40.08152,-124.11373,0.0
	40.108936,-124.16036,0.0
	40.13546,-124.2079,0.0
	40.161964,-124.25548,0.0
	40.18845,-124.30309,0.0
	40.214912,-124.350746,0.0
	40.24136,-124.39844,0.0
#Gravel Hills-Harper Lake (bb.harperlk) 1  Char
	34.8724,-116.9185,0.0
	34.89399,-116.96561,0.0
	34.929665,-116.999054,0.0
	34.962452,-117.03625,0.0
	34.99185,-117.07783,0.0
	35.021236,-117.11944,0.0
	35.05061,-117.16107,0.0
	35.079967,-117.20274,0.0
	35.10931,-117.24444,0.0
	35.13864,-117.28617,0.0
	35.167953,-117.32793,0.0
	35.197254,-117.36972,0.0
	35.226536,-117.41154,0.0
	35.255806,-117.45339,0.0
#Santa Ynez-west segment (mp.sntaynez-w) 1  Char
	34.5116,-120.3089,0.0
	34.519924,-120.255226,0.0
	34.528225,-120.201546,0.0
	34.5365,-120.14785,0.0
	34.548603,-120.095345,0.0
	34.562557,-120.043396,0.0
	34.56104,-119.990265,0.0
	34.552505,-119.936615,0.0
	34.550034,-119.88236,0.0
	34.55119,-119.82774,0.0
	34.54383,-119.77505,0.0
	34.526524,-119.724625,0.0
	34.509193,-119.674225,0.0
	34.495316,-119.63391,0.0
#Red Mountain (mp.redmtn) 1  Char
	34.402,-119.28,0.0
	34.359974,-119.2995,0.0
	34.344753,-119.34566,0.0
	34.354965,-119.39545,0.0
	34.370144,-119.445305,0.0
	34.372265,-119.4997,0.0
	34.36914,-119.55409,0.0
	34.36599,-119.608475,0.0
	34.363453,-119.65198,0.0
#Panamint Valley (bb.panamint) 1  Char
	35.6122,-116.9046,0.0
	35.64202,-116.94603,0.0
	35.665028,-116.993095,0.0
	35.68079,-117.044975,0.0
	35.709045,-117.08755,0.0
	35.747353,-117.116295,0.0
	35.78912,-117.13656,0.0
	35.83152,-117.15515,0.0
	35.874676,-117.1694,0.0
	35.917397,-117.18481,0.0
	35.96078,-117.199425,0.0
	36.004322,-117.21348,0.0
	36.04755,-117.213104,0.0
	36.08888,-117.199745,0.0
	36.13346,-117.207306,0.0
	36.178047,-117.21488,0.0
	36.220703,-117.229485,0.0
	36.25979,-117.25714,0.0
	36.291622,-117.2957,0.0
	36.32556,-117.33109,0.0
	36.3647,-117.35866,0.0
	36.403835,-117.38625,0.0
	36.442963,-117.41388,0.0
#Rinconada (jl0.rinconada) 1  Char
	35.3071,-120.5096,0.0
	35.34709,-120.53489,0.0
	35.38708,-120.560196,0.0
	35.427063,-120.58553,0.0
	35.46704,-120.61089,0.0
	35.50701,-120.636284,0.0
	35.546978,-120.6617,0.0
	35.58694,-120.68713,0.0
	35.625484,-120.71541,0.0
	35.661903,-120.74793,0.0
	35.698315,-120.78049,0.0
	35.73472,-120.81307,0.0
	35.771114,-120.84568,0.0
	35.8075,-120.87833,0.0
	35.843876,-120.910995,0.0
	35.880245,-120.9437,0.0
	35.916603,-120.97643,0.0
	35.952953,-121.00919,0.0
	35.989292,-121.04199,0.0
	36.025627,-121.074814,0.0
	36.06195,-121.107666,0.0
	36.098263,-121.14055,0.0
	36.13457,-121.17346,0.0
	36.170868,-121.206406,0.0
	36.207153,-121.23938,0.0
	36.24343,-121.27239,0.0
	36.2797,-121.30543,0.0
	36.31596,-121.33849,0.0
	36.35221,-121.37159,0.0
	36.388454,-121.40472,0.0
	36.424686,-121.437874,0.0
	36.45962,-121.472885,0.0
	36.490597,-121.51348,0.0
	36.521553,-121.55411,0.0
	36.5525,-121.59477,0.0
	36.58343,-121.63547,0.0
	36.61435,-121.67619,0.0
	36.645256,-121.71696,0.0
	36.676144,-121.75775,0.0
#White Wolf (bb.whitewolf) 1  Char
	35.0845,-119.0977,0.0
	35.10172,-119.04689,0.0
	35.118916,-118.996056,0.0
	35.136093,-118.9452,0.0
	35.153248,-118.89432,0.0
	35.170383,-118.84342,0.0
	35.187496,-118.7925,0.0
	35.204586,-118.74156,0.0
	35.2255,-118.69345,0.0
	35.254562,-118.65139,0.0
	35.283615,-118.6093,0.0
	35.312653,-118.56718,0.0
	35.343086,-118.52685,0.0
	35.378952,-118.49352,0.0
	35.3933,-118.48019,0.0
#Elmore Ranch (mp.elmoreran) 1  Char
	33.0299,-115.8543,0.0
	33.064594,-115.82011,0.0
	33.099277,-115.78589,0.0
	33.133953,-115.75164,0.0
	33.168617,-115.71737,0.0
	33.203274,-115.68307,0.0
	33.23099,-115.65561,0.0
#Pisgah-Bullion Mtn-Mesqite Lk (mp.bull-mes) 1  Char
	34.1371,-116.0042,0.0
	34.170418,-116.03915,0.0
	34.21024,-116.06445,0.0
	34.248806,-116.09251,0.0
	34.28736,-116.12058,0.0
	34.328423,-116.142746,0.0
	34.369785,-116.16422,0.0
	34.408173,-116.19173,0.0
	34.443336,-116.22577,0.0
	34.47983,-116.2571,0.0
	34.516403,-116.28413,0.0
	34.55012,-116.320305,0.0
	34.588028,-116.348915,0.0
	34.62837,-116.37314,0.0
	34.670116,-116.39349,0.0
	34.711258,-116.415436,0.0
	34.75088,-116.44138,0.0
	34.790504,-116.467354,0.0
	34.814274,-116.482956,0.0
#Earthquake Valley (bb.earthqkvlly) 1  Char
	33.076,-116.4107,0.0
	33.095753,-116.45896,0.0
	33.118034,-116.50507,0.0
	33.14978,-116.54316,0.0
	33.181515,-116.581276,0.0
#Point Reyes (jl0.ptreyes) 1  Char
	37.9433,-122.8337,0.0
	37.95462,-122.88893,0.0
	37.965916,-122.944176,0.0
	37.977184,-122.99944,0.0
	37.98843,-123.054726,0.0
	38.01976,-123.09246,0.0
	38.05646,-123.12552,0.0
	38.093155,-123.158615,0.0
	38.129837,-123.19174,0.0
	38.16651,-123.2249,0.0
	38.18118,-123.238174,0.0
#Great Valley 2 (jl0.grtvly02) 1  Char
	39.2858,-122.2808,7.0
	39.240845,-122.28341,7.0
	39.19589,-122.28602,7.0
	39.150936,-122.28862,7.0
	39.10598,-122.29122,7.0
	39.087997,-122.29227,7.0
#Mad River (pm.madriver) 1  Char
	40.747,-123.9246,0.0
	40.788437,-123.94777,0.0
	40.82505,-123.98051,0.0
	40.858093,-124.02086,0.0
	40.89171,-124.060425,0.0
	40.92464,-124.101,0.0
	40.962273,-124.132996,0.0
	40.996105,-124.17034,0.0
	41.02331,-124.21784,0.0
	41.034187,-124.236855,0.0
#Great Valley 11 (jl0.grtvly11) 1  Char
	36.6409,-120.6531,7.0
	36.611137,-120.611046,7.0
	36.581356,-120.56902,7.0
	36.551563,-120.52703,7.0
	36.521755,-120.48508,7.0
	36.4979,-120.45153,7.0
#Big Lagoon-Bald Mtn (pm.biglagoon) 1  Char
	41.033,-123.9341,0.0
	41.071323,-123.96538,0.0
	41.10851,-123.99837,0.0
	41.136356,-124.0453,0.0
	41.16418,-124.09227,0.0
	41.204575,-124.11791,0.0
	41.245594,-124.14252,0.0
	41.286606,-124.16716,0.0
	41.327614,-124.191826,0.0
	41.368614,-124.21653,0.0
	41.40961,-124.241264,0.0
	41.450603,-124.26603,0.0
	41.49159,-124.29082,0.0
	41.531143,-124.3185,0.0
	41.56396,-124.359634,0.0
	41.601307,-124.39207,0.0
	41.641644,-124.418755,0.0
	41.684105,-124.43602,0.0
	41.72875,-124.44357,0.0
#sg+ng --gs+gn -- 6-10  M=6.6 Char
	37.4994,-121.5408,0.0
	37.541058,-121.56225,0.0
	37.581577,-121.58647,0.0
	37.61795,-121.61992,0.0
	37.655888,-121.64978,0.0
	37.69599,-121.674576,0.0
	37.732,-121.70868,0.0
	37.7688,-121.74143,0.0
	37.806168,-121.7731,0.0
	37.84465,-121.802635,0.0
	37.88312,-121.8322,0.0
#Burnt Mtn (bb.burntmtn) 1  Char
	33.9348,-116.3905,0.0
	33.97967,-116.39462,0.0
	34.024487,-116.39769,0.0
	34.067192,-116.412186,0.0
	34.11211,-116.41133,0.0
	34.121098,-116.411934,0.0
#McKinleyvile (pm.mckinleyvl) 1  Char
	40.7571,-123.8638,0.0
	40.79115,-123.90266,0.0
	40.821095,-123.947014,0.0
	40.852047,-123.99019,0.0
	40.886726,-124.02794,0.0
	40.92357,-124.06188,0.0
	40.962643,-124.091415,0.0
	40.99909,-124.12638,0.0
	41.035526,-124.161385,0.0
	41.061596,-124.205315,0.0
	41.06527,-124.22868,0.0
#Cedar Mtn-Mahognany Mtn (bb.cedarmtn) 1  Char
	41.5257,-121.9014,0.0
	41.57043,-121.90796,0.0
	41.61516,-121.91453,0.0
	41.659893,-121.921104,0.0
	41.704624,-121.92769,0.0
	41.749355,-121.93428,0.0
	41.794086,-121.94089,0.0
	41.83882,-121.94746,0.0
	41.883556,-121.95398,0.0
	41.928295,-121.96051,0.0
	41.970753,-121.97835,0.0
	42.011814,-122.00312,0.0
	42.052868,-122.02794,0.0
	42.093914,-122.05278,0.0
	42.134956,-122.07765,0.0
	42.175995,-122.10256,0.0
	42.200615,-122.11752,0.0
#el16  Char
	33.854,-117.637,0.0
	33.82435,-117.596245,0.0
	33.794685,-117.55552,0.0
	33.765007,-117.514824,0.0
	33.735317,-117.47415,0.0
	33.705612,-117.43351,0.0
	33.67589,-117.3929,0.0
	33.646164,-117.35231,0.0
	33.640213,-117.3442,0.0
#North Frontal fault zone-eastern (bb.nfrontal-e) 1  Char
	34.3369,-116.7999,0.0
	34.333527,-116.74556,0.0
	34.34061,-116.69548,0.0
	34.339764,-116.64511,0.0
	34.323376,-116.595,0.0
	34.319366,-116.541176,0.0
	34.30938,-116.52341,0.0
#Great Valley 5 (jl0.grtvly05) 1  Char
	38.3033,-121.8987,7.0
	38.263577,-121.87176,7.0
	38.22385,-121.84485,7.0
	38.184113,-121.81797,7.0
	38.144375,-121.791115,7.0
	38.104626,-121.7643,7.0
	38.080776,-121.748215,7.0
#SAF - Cholame (mp.sa-cholame) 1  Char
	35.752,-120.3,0.0
	35.716785,-120.26549,0.0
	35.681557,-120.231,0.0
	35.64632,-120.196556,0.0
	35.611076,-120.16213,0.0
	35.57582,-120.12774,0.0
	35.540554,-120.093376,0.0
	35.50528,-120.05905,0.0
	35.469994,-120.02475,0.0
	35.4347,-119.99048,0.0
	35.39984,-119.955574,0.0
	35.365612,-119.91974,0.0
	35.33137,-119.88394,0.0
	35.310825,-119.86247,0.0
#Great Valley 3 (jl0.grtvly03) 1  Char
	39.1169,-122.2777,7.0
	39.076385,-122.252464,7.0
	39.035862,-122.227264,7.0
	38.99534,-122.20209,7.0
	38.954803,-122.17693,7.0
	38.91427,-122.15182,7.0
	38.873726,-122.12673,7.0
	38.833176,-122.10167,7.0
	38.792625,-122.07664,7.0
	38.752064,-122.05163,7.0
	38.711502,-122.02666,7.0
	38.670933,-122.00171,7.0
#nh+rc-- hn+rc 2-9  M=6.8 Char
	37.8273,-122.2128,0.0
	37.864697,-122.2445,0.0
	37.90208,-122.27624,0.0
	37.93946,-122.308,0.0
	37.97683,-122.3398,0.0
	38.01419,-122.37163,0.0
	38.05154,-122.40349,0.0
	38.088947,-122.43526,0.0
	38.12793,-122.46383,0.0
	38.16691,-122.49243,0.0
	38.205875,-122.52106,0.0
	38.24484,-122.54972,0.0
	38.283794,-122.578415,0.0
	38.322742,-122.60714,0.0
	38.36193,-122.63534,0.0
	38.401184,-122.663414,0.0
	38.44043,-122.69152,0.0
	38.479668,-122.71965,0.0
	38.518898,-122.74782,0.0
	38.558125,-122.77602,0.0
	38.573814,-122.7873,0.0
#Chino-Central Ave (bb.chinocentral) 1  Char
	34.0332,-117.7455,0.0
	33.996616,-117.71389,0.0
	33.960022,-117.682304,0.0
	33.923424,-117.65074,0.0
	33.886814,-117.61922,0.0
	33.850197,-117.58771,0.0
	33.828224,-117.56882,0.0
#SAF - Parkfield (mp.sa.parkf) 2  Char
	36.0026,-120.5609,0.0
	35.96824,-120.524994,0.0
	35.933865,-120.48911,0.0
	35.89948,-120.45327,0.0
	35.865086,-120.41746,0.0
	35.830677,-120.38167,0.0
	35.79626,-120.34592,0.0
	35.761837,-120.310196,0.0
	35.754948,-120.303055,0.0
#Puente Hills blind thrust (new) 1  Char
	33.9269,-117.8673,5.0
	33.928345,-117.92151,5.0
	33.929764,-117.975716,5.0
	33.93116,-118.02992,5.0
	33.940414,-118.08272,5.0
	33.952206,-118.13507,5.0
	33.978024,-118.17872,5.0
	34.006523,-118.220726,5.0
	34.03501,-118.26276,5.0
	34.05779,-118.2964,5.0
#sc+cc+nc--cs+cc+cn-3-10  M=6.6 Char
	36.8257,-121.3956,0.0
	36.868153,-121.414246,0.0
	36.910606,-121.432915,0.0
	36.953053,-121.45161,0.0
	36.99507,-121.471504,0.0
	37.03431,-121.49909,0.0
	37.07354,-121.52671,0.0
	37.112984,-121.55386,0.0
	37.152706,-121.58039,0.0
	37.191856,-121.60824,0.0
	37.231,-121.63611,0.0
	37.270226,-121.66381,0.0
	37.30952,-121.69138,0.0
	37.348557,-121.7195,0.0
	37.38614,-121.75064,0.0
	37.422237,-121.78438,0.0
	37.460297,-121.81283,0.0
	37.50285,-121.83102,0.0
	37.544205,-121.85324,0.0
	37.586422,-121.87257,0.0
	37.627567,-121.89557,0.0
	37.668713,-121.91859,0.0
	37.71102,-121.93694,0.0
	37.750843,-121.96297,0.0
	37.790237,-121.990486,0.0
	37.813873,-122.007,0.0
#Channel Island Thrust (bchanisle wt 25%) 1  Char
	33.9753,-119.2662,5.0
	33.975838,-119.32046,5.0
	33.97635,-119.374725,5.0
	33.976837,-119.428986,5.0
	33.9773,-119.483246,5.0
	33.97774,-119.53751,5.0
	33.978157,-119.591774,5.0
	33.97855,-119.64604,5.0
	33.97892,-119.7003,5.0
	33.979267,-119.75457,5.0
	33.979588,-119.80884,5.0
	33.979885,-119.8631,5.0
	33.98016,-119.917366,5.0
	33.980312,-119.94993,5.0
#Fish Slough (bb.fishslu) 1  Char
	37.5861,-118.3939,0.0
	37.54544,-118.39868,0.0
	37.50299,-118.400276,0.0
	37.45808,-118.39873,0.0
	37.414326,-118.39796,0.0
	37.369984,-118.390564,0.0
	37.36099,-118.39008,0.0
#Honey Lake (jl0.honeylk) 1  Char
	39.9947,-120.0381,0.0
	40.02411,-120.082565,0.0
	40.054176,-120.1263,0.0
	40.08567,-120.16827,0.0
	40.117737,-120.20954,0.0
	40.149235,-120.25154,0.0
	40.179173,-120.29551,0.0
	40.19903,-120.348076,0.0
	40.217606,-120.40175,0.0
	40.242943,-120.447495,0.0
	40.28129,-120.47836,0.0
	40.30834,-120.525314,0.0
	40.31898,-120.54436,0.0
#Cucamonga (bb.cucamonga) 1  Char
	34.1804,-117.4415,0.0
	34.167328,-117.49205,0.0
	34.170082,-117.54632,0.0
	34.16479,-117.59798,0.0
	34.154816,-117.64961,0.0
	34.1358,-117.69878,0.0
	34.12529,-117.72883,0.0
#Great Valley 13 (jl0.grtvly13) 1  Char
	36.3441,-120.3672,7.0
	36.309483,-120.33151,7.0
	36.274857,-120.29585,7.0
	36.24022,-120.26023,7.0
	36.20557,-120.22463,7.0
	36.17091,-120.18907,7.0
	36.136242,-120.15354,7.0
#Helendale-S. Lockhart (bb.helendale) 1  Char
	34.3707,-116.8699,0.0
	34.40454,-116.905846,0.0
	34.438374,-116.94182,0.0
	34.47219,-116.97781,0.0
	34.505646,-117.01427,0.0
	34.533955,-117.05672,0.0
	34.57036,-117.086815,0.0
	34.609726,-117.1126,0.0
	34.641518,-117.151306,0.0
	34.673294,-117.19004,0.0
	34.705063,-117.228806,0.0
	34.736813,-117.2676,0.0
	34.768555,-117.30643,0.0
	34.804478,-117.33929,0.0
	34.841022,-117.37127,0.0
	34.87756,-117.40329,0.0
	34.91789,-117.42708,0.0
	34.959335,-117.448456,0.0
	35.000782,-117.46986,0.0
	35.04222,-117.49128,0.0
	35.058796,-117.499855,0.0
#Ortigalita (jl0.ortigalita) 1  Char
	36.7322,-120.8954,0.0
	36.776947,-120.90134,0.0
	36.816154,-120.92468,0.0
	36.85194,-120.95877,0.0
	36.887714,-120.9929,0.0
	36.924007,-121.026146,0.0
	36.960907,-121.05837,0.0
	36.997803,-121.09062,0.0
	37.034687,-121.12291,0.0
	37.077682,-121.13849,0.0
	37.120598,-121.15416,0.0
	37.155937,-121.1891,0.0
	37.191273,-121.224075,0.0
	37.23036,-121.25205,0.0
	37.26952,-121.2799,0.0
#Hosgri (bb.hosgri) 1  Char
	34.867,-120.75,0.0
	34.90877,-120.7704,0.0
	34.950542,-120.790825,0.0
	34.99231,-120.811264,0.0
	35.034073,-120.83173,0.0
	35.075832,-120.85222,0.0
	35.117588,-120.87273,0.0
	35.15934,-120.89325,0.0
	35.201088,-120.913795,0.0
	35.242832,-120.934364,0.0
	35.284576,-120.954956,0.0
	35.326313,-120.97557,0.0
	35.36599,-121.001564,0.0
	35.405537,-121.0279,0.0
	35.44508,-121.05425,0.0
	35.48462,-121.08064,0.0
	35.52415,-121.10705,0.0
	35.56368,-121.133484,0.0
	35.60126,-121.16392,0.0
	35.638817,-121.19441,0.0
	35.675694,-121.22615,0.0
	35.711212,-121.25997,0.0
	35.743744,-121.29827,0.0
	35.776264,-121.3366,0.0
	35.808773,-121.37496,0.0
	35.841267,-121.41336,0.0
	35.873936,-121.45152,0.0
	35.908966,-121.48639,0.0
	35.94399,-121.521286,0.0
	35.979,-121.55621,0.0
	36.014,-121.59117,0.0
	36.048992,-121.62617,0.0
	36.083973,-121.66119,0.0
	36.118942,-121.696236,0.0
	36.14691,-121.724304,0.0
#Landers (bb.landers) 1  Char
	34.1594,-116.4245,0.0
	34.203236,-116.436806,0.0
	34.2481,-116.43765,0.0
	34.292843,-116.443146,0.0
	34.33767,-116.44796,0.0
	34.381935,-116.456604,0.0
	34.42355,-116.47678,0.0
	34.46412,-116.5004,0.0
	34.504684,-116.524025,0.0
	34.54269,-116.55311,0.0
	34.578644,-116.585655,0.0
	34.610577,-116.62417,0.0
	34.642498,-116.66272,0.0
	34.672955,-116.70299,0.0
	34.703285,-116.743416,0.0
	34.7336,-116.783875,0.0
	34.763905,-116.82436,0.0
	34.782078,-116.84867,0.0
#ncs --san -1-3  M=7.2 Char
	37.7856,-122.5741,0.0
	37.82309,-122.6056,0.0
	37.860573,-122.63713,0.0
	37.89805,-122.66869,0.0
	37.935516,-122.700294,0.0
	37.97281,-122.73222,0.0
	38.00972,-122.764885,0.0
	38.046623,-122.797585,0.0
	38.083515,-122.830315,0.0
	38.120396,-122.863075,0.0
	38.157272,-122.895874,0.0
	38.19437,-122.92826,0.0
	38.23189,-122.95988,0.0
	38.269405,-122.99153,0.0
	38.306908,-123.02322,0.0
	38.34401,-123.055664,0.0
	38.38054,-123.08918,0.0
	38.416916,-123.12297,0.0
	38.45285,-123.157555,0.0
	38.488777,-123.19217,0.0
	38.524693,-123.22682,0.0
	38.560596,-123.261505,0.0
	38.59649,-123.29622,0.0
	38.632374,-123.33098,0.0
	38.668247,-123.36576,0.0
	38.70411,-123.40059,0.0
	38.739964,-123.43545,0.0
	38.775803,-123.47034,0.0
	38.811638,-123.505264,0.0
	38.847458,-123.54023,0.0
	38.88327,-123.575226,0.0
	38.91907,-123.61026,0.0
	38.95486,-123.64533,0.0
	38.99064,-123.680435,0.0
	39.02641,-123.715576,0.0
	39.06217,-123.750755,0.0
	39.097916,-123.785965,0.0
	39.136612,-123.81549,0.0
	39.167816,-123.83863,0.0
#Sierra Madre (mp.sierramad-cn) 1  Char
	34.1231,-117.74,0.0
	34.13104,-117.78994,0.0
	34.14536,-117.83877,0.0
	34.147125,-117.8834,0.0
	34.14998,-117.93767,0.0
	34.164013,-117.988716,0.0
	34.175526,-118.03772,0.0
	34.187157,-118.08782,0.0
	34.202217,-118.13696,0.0
	34.21137,-118.189926,0.0
	34.238613,-118.232765,0.0
	34.259895,-118.2802,0.0
	34.27578,-118.290436,0.0
#el17  Char
	33.643,-117.348,0.0
	33.61201,-117.30881,0.0
	33.581013,-117.269646,0.0
	33.550003,-117.230515,0.0
	33.51898,-117.19141,0.0
	33.48794,-117.15233,0.0
	33.456894,-117.11328,0.0
	33.42583,-117.07426,0.0
	33.39476,-117.03526,0.0
	33.37611,-117.01189,0.0
#San Juan (bb.sanjuan) 1  Char
	35.6797,-120.2954,0.0
	35.636635,-120.279335,0.0
	35.593567,-120.26329,0.0
	35.550495,-120.24726,0.0
	35.507423,-120.231255,0.0
	35.465874,-120.21012,0.0
	35.42455,-120.18826,0.0
	35.383217,-120.16643,0.0
	35.341885,-120.14461,0.0
	35.30221,-120.12043,0.0
	35.276093,-120.076225,0.0
	35.239838,-120.04359,0.0
	35.203575,-120.01097,0.0
	35.1673,-119.978386,0.0
	35.14553,-119.95885,0.0
#San Jose (bb.sanjose) 1  Char
	34.1141,-117.6901,0.0
	34.084496,-117.730965,0.0
	34.07261,-117.78336,0.0
	34.060703,-117.835754,0.0
	34.03759,-117.882225,0.0
#Holser (bb.holser) 1  Char
	34.4386,-118.7533,0.0
	34.44513,-118.69962,0.0
	34.448814,-118.64573,0.0
	34.43277,-118.594925,0.0
	34.415882,-118.54436,0.0
#sh+nh+rc-- hs+hn+rc 2-10  M=7.0 Char
	37.4535,-121.8485,0.0
	37.488102,-121.88475,0.0
	37.522694,-121.921036,0.0
	37.55727,-121.95735,0.0
	37.59184,-121.993706,0.0
	37.626396,-122.03009,0.0
	37.660942,-122.06651,0.0
	37.697037,-122.10034,0.0
	37.73431,-122.13222,0.0
	37.771446,-122.16437,0.0
	37.80857,-122.19655,0.0
	37.845825,-122.2285,0.0
	37.883217,-122.260216,0.0
	37.920597,-122.29197,0.0
	37.957973,-122.323746,0.0
	37.99534,-122.35556,0.0
	38.032696,-122.387405,0.0
	38.07004,-122.41929,0.0
	38.10826,-122.44941,0.0
	38.14724,-122.478,0.0
	38.18621,-122.50661,0.0
	38.225178,-122.535255,0.0
	38.264137,-122.563934,0.0
	38.30309,-122.592636,0.0
	38.34212,-122.621185,0.0
	38.381374,-122.64925,0.0
	38.420624,-122.67733,0.0
	38.459866,-122.70545,0.0
	38.499104,-122.733604,0.0
	38.53833,-122.76178,0.0
	38.577553,-122.78999,0.0
#Northridge (bnoridge) 1  Char
	34.4057,-118.7027,5.0
	34.38486,-118.654366,5.0
	34.364002,-118.60606,5.0
	34.343124,-118.55777,5.0
	34.32223,-118.50951,5.0
	34.301315,-118.461266,5.0
	34.28038,-118.41305,5.0
	34.27619,-118.40341,5.0
#sj10  Char
	33.74,-116.917,0.0
	33.71133,-116.8753,0.0
	33.682648,-116.83362,0.0
	33.65395,-116.79197,0.0
	33.62524,-116.75035,0.0
	33.596516,-116.708755,0.0
	33.567776,-116.66719,0.0
	33.539024,-116.62565,0.0
	33.510258,-116.58414,0.0
	33.481476,-116.542656,0.0
	33.456738,-116.49771,0.0
	33.433155,-116.451775,0.0
	33.40956,-116.40587,0.0
	33.38595,-116.359985,0.0
	33.362316,-116.314125,0.0
	33.338673,-116.26829,0.0
	33.315006,-116.22248,0.0
	33.29133,-116.1767,0.0
	33.26763,-116.130936,0.0
	33.26289,-116.12179,0.0
#ngv --gvn--average-4-7  M=6.2 Char
	38.2587,-122.1459,0.0
	38.30275,-122.15763,0.0
	38.346794,-122.16937,0.0
	38.382034,-122.17877,0.0
#sg --gs --6-1  M=6.1 Char
	37.4994,-121.5408,0.0
	37.541058,-121.56225,0.0
	37.581577,-121.58647,0.0
	37.61795,-121.61992,0.0
	37.655888,-121.64978,0.0
	37.689373,-121.66648,0.0
#Newport-Inglewood offshore (bb.nwprting-osz) 1  Char
	33.591,-117.9146,0.0
	33.561657,-117.87365,0.0
	33.532295,-117.83273,0.0
	33.50215,-117.792755,0.0
	33.46829,-117.757225,0.0
	33.434414,-117.72172,0.0
	33.400444,-117.68637,0.0
	33.364975,-117.6532,0.0
	33.329502,-117.620056,0.0
	33.294018,-117.58694,0.0
	33.258526,-117.55385,0.0
	33.230846,-117.51191,0.0
	33.201023,-117.47234,0.0
	33.16592,-117.4387,0.0
	33.1589,-117.43198,0.0
#Pinto Mtn (bb.pintomtn) 1  Char
	34.055,-116.7204,0.0
	34.07393,-116.671844,0.0
	34.079506,-116.61834,0.0
	34.08224,-116.56437,0.0
	34.098778,-116.514,0.0
	34.11965,-116.46633,0.0
	34.130505,-116.41456,0.0
	34.136345,-116.36065,0.0
	34.14216,-116.30674,0.0
	34.146324,-116.252625,0.0
	34.14566,-116.198395,0.0
	34.142162,-116.14419,0.0
	34.13864,-116.08998,0.0
	34.12865,-116.037254,0.0
	34.116955,-115.9852,0.0
	34.10627,-115.94398,0.0
#Death Valley-graben (bb.deathvlly-gr) 1  Char
	36.5291,-116.884,0.0
	36.48767,-116.86214,0.0
	36.444805,-116.8453,0.0
	36.40185,-116.82886,0.0
	36.361942,-116.80303,0.0
	36.321236,-116.78018,0.0
	36.27684,-116.77104,0.0
	36.23245,-116.76191,0.0
	36.187977,-116.75482,0.0
	36.143192,-116.75566,0.0
	36.098675,-116.74752,0.0
	36.063057,-116.74102,0.0
#SAF - Carrizo (mp.sa-carrizo) 1  Char
	35.3142,-119.866,0.0
	35.27988,-119.83034,0.0
	35.245552,-119.7947,0.0
	35.211212,-119.7591,0.0
	35.176865,-119.723526,0.0
	35.144436,-119.68549,0.0
	35.11372,-119.64529,0.0
	35.08299,-119.60511,0.0
	35.052242,-119.564964,0.0
	35.02345,-119.522736,0.0
	34.99488,-119.480286,0.0
	34.966297,-119.43787,0.0
	34.9377,-119.39548,0.0
	34.911736,-119.35117,0.0
	34.894573,-119.30045,0.0
	34.87739,-119.24975,0.0
	34.86189,-119.198425,0.0
	34.85256,-119.14478,0.0
	34.8432,-119.09114,0.0
	34.83382,-119.03752,0.0
	34.824417,-118.98391,0.0
	34.81499,-118.93031,0.0
	34.805046,-118.87689,0.0
	34.790157,-118.82518,0.0
	34.775246,-118.77348,0.0
	34.76031,-118.72181,0.0
	34.745358,-118.67015,0.0
	34.73038,-118.618515,0.0
	34.71538,-118.566895,0.0
	34.700363,-118.51529,0.0
	34.697357,-118.504974,0.0
#SAF-All southern segments(ch-Coac) 1  Char
	35.752,-120.3,0.0
	35.716785,-120.26549,0.0
	35.681557,-120.231,0.0
	35.64632,-120.196556,0.0
	35.611076,-120.16213,0.0
	35.57582,-120.12774,0.0
	35.540554,-120.093376,0.0
	35.50528,-120.05905,0.0
	35.469994,-120.02475,0.0
	35.4347,-119.99048,0.0
	35.39984,-119.955574,0.0
	35.365612,-119.91974,0.0
	35.33137,-119.88394,0.0
	35.297092,-119.84821,0.0
	35.262768,-119.81257,0.0
	35.22843,-119.77695,0.0
	35.194088,-119.741356,0.0
	35.159836,-119.705666,0.0
	35.129124,-119.66544,0.0
	35.0984,-119.62525,0.0
	35.06766,-119.58509,0.0
	35.03777,-119.54404,0.0
	35.00921,-119.50157,0.0
	34.980633,-119.45914,0.0
	34.95204,-119.416725,0.0
	34.923435,-119.37435,0.0
	34.903183,-119.32588,0.0
	34.88601,-119.27517,0.0
	34.868816,-119.22448,0.0
	34.85724,-119.17168,0.0
	34.847897,-119.118034,0.0
	34.838528,-119.06441,0.0
	34.829136,-119.01079,0.0
	34.81972,-118.957184,0.0
	34.81028,-118.903595,0.0
	34.797626,-118.85111,0.0
	34.782726,-118.79941,0.0
	34.767803,-118.74772,0.0
	34.75286,-118.69605,0.0
	34.737892,-118.6444,0.0
	34.722908,-118.59277,0.0
	34.707897,-118.54116,0.0
	34.69158,-118.4902,0.0
	34.673107,-118.4403,0.0
	34.65461,-118.39043,0.0
	34.636093,-118.34057,0.0
	34.617558,-118.29074,0.0
	34.599,-118.24093,0.0
	34.58042,-118.19114,0.0
	34.561825,-118.14137,0.0
	34.542915,-118.091805,0.0
	34.52309,-118.04276,0.0
	34.50325,-117.993744,0.0
	34.483387,-117.94475,0.0
	34.463505,-117.89578,0.0
	34.443607,-117.84683,0.0
	34.423687,-117.79791,0.0
	34.403748,-117.74901,0.0
	34.38243,-117.701,0.0
	34.360622,-117.653305,0.0
	34.3388,-117.60564,0.0
	34.316956,-117.55799,0.0
	34.295094,-117.510376,0.0
	34.27174,-117.46384,0.0
	34.247864,-117.41769,0.0
	34.22397,-117.37157,0.0
	34.200054,-117.32547,0.0
	34.176125,-117.279396,0.0
	34.15282,-117.23294,0.0
	34.134956,-117.18304,0.0
	34.117077,-117.13315,0.0
	34.099174,-117.08329,0.0
	34.08125,-117.03345,0.0
	34.06331,-116.98362,0.0
	34.045345,-116.93382,0.0
	34.027363,-116.88404,0.0
	34.009357,-116.83428,0.0
	33.991337,-116.784546,0.0
	33.978798,-116.732544,0.0
	33.967575,-116.67999,0.0
	33.956337,-116.62746,0.0
	33.945072,-116.574936,0.0
	33.933784,-116.52243,0.0
	33.922363,-116.46997,0.0
	33.896107,-116.42596,0.0
	33.869762,-116.38201,0.0
	33.8434,-116.33809,0.0
	33.817024,-116.294205,0.0
	33.79063,-116.250336,0.0
	33.759617,-116.21118,0.0
	33.728123,-116.17252,0.0
	33.696613,-116.1339,0.0
	33.665096,-116.0953,0.0
	33.633564,-116.05673,0.0
	33.60202,-116.01819,0.0
	33.57047,-115.979675,0.0
	33.538902,-115.94119,0.0
	33.50732,-115.90274,0.0
	33.47573,-115.86431,0.0
	33.44413,-115.825905,0.0
	33.412518,-115.78754,0.0
	33.38089,-115.74919,0.0
	33.34925,-115.71088,0.0
#SAF - San Bernardino (mp.sa-sanbern) 1  Char
	34.2895,-117.4982,0.0
	34.265633,-117.452034,0.0
	34.241753,-117.40588,0.0
	34.21785,-117.35977,0.0
	34.193935,-117.31368,0.0
	34.17,-117.26762,0.0
	34.14825,-117.22018,0.0
	34.130386,-117.17027,0.0
	34.1125,-117.12039,0.0
	34.09459,-117.07053,0.0
	34.07666,-117.0207,0.0
	34.058716,-116.97088,0.0
	34.040745,-116.92109,0.0
	34.02276,-116.871315,0.0
	34.00475,-116.82156,0.0
	33.987133,-116.77166,0.0
	33.97593,-116.7191,0.0
	33.964703,-116.66655,0.0
	33.953457,-116.61402,0.0
	33.942184,-116.5615,0.0
	33.930893,-116.508995,0.0
	33.924107,-116.4775,0.0
#San Luis Range -s. margin (bb.sanluisrng) 1  Char
	34.8497,-120.2375,0.0
	34.876656,-120.279945,0.0
	34.91271,-120.31254,0.0
	34.939972,-120.3562,0.0
	34.967216,-120.3999,0.0
	34.998394,-120.439255,0.0
	35.031437,-120.476555,0.0
	35.06447,-120.513885,0.0
	35.09749,-120.55125,0.0
	35.121883,-120.596535,0.0
	35.141994,-120.64576,0.0
	35.161457,-120.69538,0.0
	35.174644,-120.747665,0.0
	35.1824,-120.79068,0.0
#sh -- hs 2-1  M=6.2 Char
	37.4535,-121.8485,0.0
	37.488102,-121.88475,0.0
	37.522694,-121.921036,0.0
	37.55727,-121.95735,0.0
	37.59184,-121.993706,0.0
	37.626396,-122.03009,0.0
	37.660942,-122.06651,0.0
	37.697037,-122.10034,0.0
	37.73431,-122.13222,0.0
	37.771446,-122.16437,0.0
	37.80857,-122.19655,0.0
	37.83084,-122.21587,0.0
#S. Sierra Nevada (bb.sierranev-s) 1  Char
	35.568,-117.9938,0.0
	35.59209,-117.94707,0.0
	35.61792,-117.90282,0.0
	35.659103,-117.88049,0.0
	35.702045,-117.87821,0.0
	35.74615,-117.88921,0.0
	35.790928,-117.89031,0.0
	35.835907,-117.88853,0.0
	35.880882,-117.886734,0.0
	35.924816,-117.89643,0.0
	35.962673,-117.926476,0.0
	36.000523,-117.95656,0.0
	36.042477,-117.9757,0.0
	36.08627,-117.9859,0.0
	36.131268,-117.98643,0.0
	36.176266,-117.98695,0.0
	36.185265,-117.98706,0.0
#San Joaquin Hills Thrust (no equivelant) 1  Char
	33.695,-117.933,2.0
	33.69158,-117.879074,2.0
	33.688137,-117.82514,2.0
	33.666718,-117.77781,2.0
	33.64352,-117.73168,2.0
	33.612217,-117.692856,2.0
	33.599693,-117.67734,2.0
#Malibu Coast (bb.malibucoast) 1  Char
	34.0299,-118.5333,0.0
	34.035954,-118.587105,0.0
	34.04066,-118.64095,0.0
	34.040073,-118.69511,0.0
	34.04267,-118.74932,0.0
	34.045246,-118.80354,0.0
	34.047794,-118.857765,0.0
	34.05032,-118.91199,0.0
	34.051323,-118.933685,0.0
#Monte Vista-Shannon (cc.montevista) 1  Char
	37.4375,-122.25,0.0
	37.4074,-122.20788,0.0
	37.377285,-122.165794,0.0
	37.347153,-122.12374,0.0
	37.317005,-122.08172,0.0
	37.288433,-122.03806,0.0
	37.26135,-121.992935,0.0
	37.23683,-121.945526,0.0
	37.220894,-121.893486,0.0
	37.210213,-121.83859,0.0
#Hollywood (bb.hollywood) 1  Char
	34.1192,-118.2302,0.0
	34.11374,-118.28416,0.0
	34.106186,-118.33764,0.0
	34.091312,-118.3884,0.0
	34.083626,-118.4062,0.0
#ng -- gn -- 6-9  M=6.2 Char
	37.6858,-121.6647,0.0
	37.721504,-121.69932,0.0
	37.758297,-121.732086,0.0
	37.795185,-121.76468,0.0
	37.833668,-121.794205,0.0
	37.872147,-121.82376,0.0
	37.88753,-121.835594,0.0
#Collayomi (jl0.collayomi) 1  Char
	38.7789,-122.6817,0.0
	38.816513,-122.7134,0.0
	38.854115,-122.74513,0.0
	38.89171,-122.7769,0.0
	38.929295,-122.80871,0.0
	38.966873,-122.84054,0.0
	38.989414,-122.85966,0.0
#Verdugo (mp.verdugo) 1  Char
	34.1313,-118.1536,0.0
	34.15151,-118.20105,0.0
	34.169018,-118.2491,0.0
	34.197323,-118.29135,0.0
	34.214497,-118.341644,0.0
	34.23835,-118.38688,0.0
	34.26118,-118.42046,0.0
#el19  Char
	32.965,-116.362,0.0
	32.941288,-116.31642,0.0
	32.917557,-116.27087,0.0
	32.89381,-116.22534,0.0
	32.87005,-116.17983,0.0
	32.846268,-116.13435,0.0
	32.82247,-116.0889,0.0
	32.79866,-116.043465,0.0
	32.7796,-116.00714,0.0
#Simi-Santa Rosa (bb.simi) 1  Char
	34.3105,-118.6813,1.0
	34.29334,-118.73166,1.0
	34.281044,-118.783806,1.0
	34.269672,-118.83646,1.0
	34.254955,-118.887825,1.0
	34.24741,-118.94041,1.0
	34.247772,-118.99484,1.0
	34.23652,-119.04739,1.0
	34.224308,-119.099785,1.0
#Garlock West (bb.garlockw) 1  Char
	34.8236,-118.9183,0.0
	34.831203,-118.864685,0.0
	34.853,-118.81683,0.0
	34.880585,-118.7735,0.0
	34.903397,-118.72624,0.0
	34.925873,-118.678696,0.0
	34.94426,-118.6287,0.0
	34.961296,-118.57788,0.0
	34.97831,-118.52704,0.0
	34.995304,-118.47618,0.0
	35.019314,-118.42975,0.0
	35.043518,-118.383415,0.0
	35.07241,-118.3414,0.0
	35.097397,-118.29582,0.0
	35.12104,-118.24902,0.0
	35.144665,-118.20219,0.0
	35.16827,-118.15533,0.0
	35.192787,-118.10923,0.0
	35.220448,-118.06579,0.0
	35.253784,-118.02892,0.0
	35.274174,-118.00725,0.0
#Oakridge-blind thrust offshore (mp.oakr-off-wt 25% 1  Char
	34.1741,-119.6767,5.0
	34.17128,-119.62241,5.0
	34.168438,-119.56814,5.0
	34.165573,-119.513855,5.0
	34.163002,-119.45957,5.0
	34.16302,-119.40519,5.0
	34.163013,-119.3508,5.0
	34.167336,-119.29692,5.0
	34.174187,-119.2542,5.0
#con+sgv+ngv--con+gvs+gvn-4-10  M=6.2 Char
	37.9003,-121.9896,0.0
	37.94064,-122.014885,0.0
	37.980972,-122.04019,0.0
	38.0213,-122.06553,0.0
	38.06352,-122.08434,0.0
	38.107197,-122.09808,0.0
	38.150875,-122.111855,0.0
	38.194553,-122.12563,0.0
	38.238228,-122.13943,0.0
	38.2821,-122.15213,0.0
	38.32615,-122.163864,0.0
	38.370197,-122.17561,0.0
	38.379005,-122.17796,0.0
#Clamshell-Sawpit (bb.clamshell) 1  Char
	34.2402,-117.8458,0.0
	34.220966,-117.89422,0.0
	34.208477,-117.944855,0.0
	34.18299,-117.98969,0.0
	34.177895,-117.99866,0.0
#Independence (bb.independence) 1  Char
	36.5016,-118.0921,0.0
	36.530033,-118.1355,0.0
	36.56451,-118.17111,0.0
	36.600796,-118.20409,0.0
	36.641853,-118.22704,0.0
	36.682903,-118.25002,0.0
	36.72395,-118.273026,0.0
	36.76499,-118.29606,0.0
	36.80792,-118.3124,0.0
	36.851536,-118.31316,0.0
	36.882,-118.297935,0.0
#Eureka Peak (mp.eurekapk) 1  Char
	33.9607,-116.3421,0.0
	34.005516,-116.34555,0.0
	34.04897,-116.35736,0.0
	34.09046,-116.378395,0.0
	34.12365,-116.39523,0.0
#sj13  Char
	32.993,-115.922,0.0
	32.970787,-115.87534,0.0
	32.948555,-115.82871,0.0
	32.926308,-115.782104,0.0
	32.90404,-115.73553,0.0
	32.886215,-115.69827,0.0
#Death Valley-south (bb.deathvlly-s) 1  Char
	35.5935,-116.3777,0.0
	35.61953,-116.42285,0.0
	35.650494,-116.46214,0.0
	35.686295,-116.495705,0.0
	35.722084,-116.5293,0.0
	35.757866,-116.56291,0.0
	35.79364,-116.596565,0.0
	35.83151,-116.62645,0.0
	35.86991,-116.655396,0.0
	35.908306,-116.684364,0.0
	35.94769,-116.71063,0.0
	35.9907,-116.727,0.0
	36.033703,-116.74338,0.0
	36.050903,-116.74994,0.0
#Owens Valley (bb.ownsvlly) 1  Char
	36.1918,-117.9849,0.0
	36.23581,-117.996544,0.0
	36.279816,-118.0082,0.0
	36.324398,-118.013306,0.0
	36.3694,-118.01367,0.0
	36.4144,-118.01403,0.0
	36.459396,-118.01439,0.0
	36.502804,-118.02413,0.0
	36.544064,-118.046486,0.0
	36.586895,-118.06346,0.0
	36.630054,-118.07934,0.0
	36.67321,-118.09524,0.0
	36.71648,-118.11049,0.0
	36.76049,-118.12123,0.0
	36.80299,-118.139694,0.0
	36.84549,-118.15818,0.0
	36.887985,-118.17669,0.0
	36.930477,-118.19522,0.0
	36.972965,-118.21377,0.0
	37.01545,-118.23234,0.0
	37.057934,-118.25092,0.0
	37.100414,-118.26954,0.0
	37.14289,-118.28817,0.0
	37.185368,-118.30682,0.0
	37.227837,-118.32549,0.0
	37.236332,-118.32923,0.0
#San Cayetano (bb.sancayetano) 1  Char
	34.4361,-118.762,0.0
	34.414368,-118.80977,0.0
	34.402393,-118.86117,0.0
	34.417088,-118.91232,0.0
	34.448788,-118.938095,0.0
	34.422073,-118.979836,0.0
	34.422813,-119.034355,0.0
	34.43513,-119.086266,0.0
	34.443565,-119.138275,0.0
	34.44988,-119.158714,0.0
#Cleghorn (bb.cleghorn) 1  Char
	34.3113,-117.4644,0.0
	34.294468,-117.41388,0.0
	34.290955,-117.3622,0.0
	34.27719,-117.31491,0.0
	34.274635,-117.26054,0.0
	34.282524,-117.20701,0.0
#Little Salmon-onshore (pm.ltsalmon-on) 1  Char
	40.534,-123.99,0.0
	40.55651,-124.041275,0.0
	40.579002,-124.09259,0.0
	40.60994,-124.13493,0.0
	40.643284,-124.17475,0.0
	40.68513,-124.19556,0.0
	40.72773,-124.21469,0.0
	40.761806,-124.23001,0.0
#Calico-Hidalgo (mp.hidalgo-wc) 1  Char
	34.3579,-116.2624,0.0
	34.39597,-116.29147,0.0
	34.43403,-116.32058,0.0
	34.47589,-116.339806,0.0
	34.510704,-116.373795,0.0
	34.544655,-116.409645,0.0
	34.578594,-116.445526,0.0
	34.614235,-116.47876,0.0
	34.651215,-116.50993,0.0
	34.688187,-116.54112,0.0
	34.725147,-116.57235,0.0
	34.7621,-116.6036,0.0
	34.79804,-116.63652,0.0
	34.833115,-116.67086,0.0
	34.86818,-116.70522,0.0
	34.899605,-116.743965,0.0
	34.927128,-116.787384,0.0
	34.941643,-116.83925,0.0
	34.9655,-116.88256,0.0
	34.995377,-116.92304,0.0
#Johnson Valley N (mp.johnsonvly-n) 1  Char
	34.3132,-116.4582,0.0
	34.35106,-116.487656,0.0
	34.386093,-116.52122,0.0
	34.415825,-116.562126,0.0
	34.446583,-116.60161,0.0
	34.480076,-116.638,0.0
	34.515034,-116.671715,0.0
	34.55419,-116.69757,0.0
#scz+pn--sas+sap -1-5  M=7.1 Char
	36.8059,-121.4816,0.0
	36.8372,-121.52199,0.0
	36.868484,-121.562416,0.0
	36.896744,-121.60618,0.0
	36.924824,-121.65016,0.0
	36.956413,-121.69024,0.0
	36.98814,-121.73019,0.0
	37.019855,-121.770164,0.0
	37.051556,-121.81017,0.0
	37.076984,-121.85664,0.0
	37.1021,-121.90346,0.0
	37.13246,-121.945045,0.0
	37.163235,-121.98624,0.0
	37.195576,-122.02544,0.0
	37.22905,-122.063194,0.0
	37.262512,-122.101,0.0
	37.295963,-122.138824,0.0
	37.331135,-122.17411,0.0
	37.366352,-122.20935,0.0
	37.40122,-122.245155,0.0
	37.436066,-122.281006,0.0
	37.47345,-122.31254,0.0
	37.510975,-122.34384,0.0
	37.548492,-122.375175,0.0
	37.586002,-122.40654,0.0
	37.6235,-122.437935,0.0
	37.660995,-122.46937,0.0
	37.69848,-122.500824,0.0
	37.735954,-122.53232,0.0
	37.773422,-122.56384,0.0
	37.788406,-122.57646,0.0
#Hat Creek-McArthur-Mayfield (bb.htcmaymcarth) 1  Char
	41.4511,-121.6331,0.0
	41.40991,-121.60894,0.0
	41.36871,-121.58481,0.0
	41.327507,-121.56071,0.0
	41.286297,-121.53664,0.0
	41.245087,-121.512596,0.0
	41.20387,-121.48859,0.0
	41.162643,-121.46461,0.0
	41.121418,-121.44065,0.0
	41.077618,-121.43429,0.0
	41.03264,-121.43602,0.0
	40.987656,-121.43776,0.0
	40.942673,-121.43948,0.0
	40.898136,-121.432144,0.0
	40.85369,-121.422806,0.0
	40.80925,-121.413475,0.0
	40.764805,-121.40416,0.0
	40.72036,-121.39485,0.0
	40.675915,-121.38556,0.0
	40.631466,-121.37628,0.0
	40.61369,-121.372574,0.0
#sgn -- 5-9  M=6.9 Char
	36.8528,-122.1555,0.0
	36.8941,-122.17783,0.0
	36.9354,-122.200195,0.0
	36.976692,-122.22257,0.0
	37.017982,-122.24498,0.0
	37.059265,-122.26741,0.0
	37.100548,-122.28987,0.0
	37.141823,-122.31235,0.0
	37.183094,-122.334854,0.0
	37.224365,-122.35738,0.0
	37.26563,-122.37994,0.0
	37.307266,-122.40133,0.0
	37.34948,-122.42093,0.0
	37.391693,-122.44055,0.0
	37.433903,-122.46019,0.0
	37.47611,-122.47986,0.0
	37.51831,-122.49954,0.0
	37.560513,-122.51925,0.0
	37.602707,-122.53899,0.0
	37.6449,-122.55874,0.0
	37.68709,-122.578514,0.0
	37.72928,-122.59831,0.0
	37.77146,-122.61813,0.0
#Santa Ynez-east segment (mp.sntaynez-e) 1  Char
	34.4939,-119.6298,0.0
	34.490532,-119.575356,0.0
	34.48714,-119.52091,0.0
	34.492874,-119.46708,0.0
	34.50112,-119.4134,0.0
	34.5096,-119.35977,0.0
	34.51855,-119.30625,0.0
	34.527473,-119.252716,0.0
	34.536373,-119.19917,0.0
	34.533443,-119.14473,0.0
	34.53836,-119.091446,0.0
	34.55201,-119.03938,0.0
	34.56564,-118.98731,0.0
	34.57925,-118.93522,0.0
	34.587402,-118.90395,0.0
#sc -- cs -- average used-3-1  M=5.8 Char
	36.8257,-121.3956,0.0
	36.868153,-121.414246,0.0
	36.910606,-121.432915,0.0
	36.953053,-121.45161,0.0
	36.98701,-121.46657,0.0
#bb.imperial  Char
	32.469,-115.165,0.0
	32.50487,-115.19721,0.0
	32.540733,-115.229454,0.0
	32.576588,-115.26172,0.0
	32.61243,-115.29401,0.0
	32.64827,-115.326324,0.0
	32.684097,-115.358665,0.0
	32.71992,-115.39104,0.0
	32.755733,-115.42343,0.0
	32.791534,-115.45586,0.0
	32.82733,-115.4883,0.0
	32.86312,-115.520775,0.0
	32.8989,-115.553276,0.0
	32.913208,-115.56628,0.0
#sgs--5-1  M=6.7 Char
	36.3131,-121.8593,0.0
	36.35213,-121.8871,0.0
	36.391155,-121.91493,0.0
	36.431244,-121.93976,0.0
	36.473896,-121.95748,0.0
	36.515335,-121.97932,0.0
	36.55003,-122.01482,0.0
	36.589,-122.04242,0.0
	36.628952,-122.06822,0.0
	36.6689,-122.09405,0.0
	36.71132,-122.11274,0.0
	36.753944,-122.13059,0.0
	36.798058,-122.1417,0.0
	36.842167,-122.15282,0.0
	36.85099,-122.155045,0.0
#Hartley Springs (bb.hartleyspr) 1  Char
	37.6394,-118.9971,0.0
	37.6844,-118.9971,0.0
	37.727333,-119.01124,0.0
	37.769176,-119.032166,0.0
	37.81058,-119.05447,0.0
	37.85198,-119.0768,0.0
#Ventura-Pitas Point (mp.ventura) 1  Char
	34.3453,-119.1411,1.0
	34.31645,-119.18292,1.0
	34.292618,-119.22837,1.0
	34.290146,-119.28275,1.0
	34.29795,-119.33549,1.0
	34.31204,-119.38722,1.0
	34.31481,-119.44076,1.0
	34.312145,-119.49515,1.0
	34.309456,-119.54953,1.0
#SAF - Mojave (mp.sa-mojave) 1  Char
	34.6985,-118.5089,0.0
	34.68003,-118.45899,0.0
	34.66154,-118.40911,0.0
	34.643032,-118.359245,0.0
	34.624504,-118.3094,0.0
	34.605953,-118.25959,0.0
	34.587383,-118.20979,0.0
	34.568794,-118.16002,0.0
	34.550182,-118.11027,0.0
	34.53052,-118.061134,0.0
	34.510685,-118.01211,0.0
	34.490833,-117.963104,0.0
	34.47096,-117.91412,0.0
	34.451065,-117.865166,0.0
	34.431152,-117.81624,0.0
	34.41122,-117.76733,0.0
	34.390594,-117.71887,0.0
	34.368797,-117.671165,0.0
	34.346977,-117.62349,0.0
	34.32514,-117.57584,0.0
	34.303288,-117.52821,0.0
	34.290165,-117.49965,0.0
#Surprise Valley (bb.surprise) 1  Char
	41.1322,-119.9906,0.0
	41.171215,-120.02038,0.0
	41.210224,-120.05019,0.0
	41.249226,-120.08005,0.0
	41.28887,-120.10779,0.0
	41.33248,-120.122574,0.0
	41.376087,-120.13737,0.0
	41.419693,-120.15219,0.0
	41.4633,-120.16703,0.0
	41.506992,-120.180984,0.0
	41.551983,-120.18226,0.0
	41.594826,-120.19362,0.0
	41.6369,-120.21028,0.0
	41.681744,-120.21537,0.0
	41.725025,-120.20154,0.0
	41.76796,-120.183464,0.0
	41.81089,-120.165375,0.0
	41.853817,-120.147255,0.0
	41.870987,-120.14001,0.0
#pn --1-2  M=6.8 Char
	37.1762,-122.0036,0.0
	37.209682,-122.04134,0.0
	37.243153,-122.079124,0.0
	37.276608,-122.116936,0.0
	37.310753,-122.15374,0.0
	37.345978,-122.18896,0.0
	37.38105,-122.224434,0.0
	37.415905,-122.26026,0.0
	37.451733,-122.29444,0.0
	37.48926,-122.32572,0.0
	37.526787,-122.35704,0.0
	37.5643,-122.38839,0.0
	37.601807,-122.41977,0.0
	37.6393,-122.45118,0.0
	37.676792,-122.48262,0.0
	37.71427,-122.51409,0.0
	37.751743,-122.5456,0.0
	37.789207,-122.57714,0.0
#sj8  Char
	34.245,-117.508,0.0
	34.21217,-117.47078,0.0
	34.179325,-117.433586,0.0
	34.14647,-117.39642,0.0
	34.113605,-117.35928,0.0
	34.080727,-117.32218,0.0
	34.04784,-117.2851,0.0
	34.016743,-117.24715,0.0
	34.017017,-117.2363,0.0
#Great Valley 4 (jl0.grtvly04) 1  Char
	38.652,-122.0511,7.0
	38.60951,-122.03214,7.0
	38.56701,-122.0132,7.0
	38.524513,-121.994286,7.0
	38.48201,-121.975395,7.0
	38.439503,-121.95653,7.0
	38.396996,-121.937675,7.0
	38.354485,-121.918846,7.0
	38.31197,-121.90005,7.0
	38.294964,-121.89253,7.0
#Mission Ridge-Arroyo Parida-Santa Ana (mp.arroyo-m 1  Char
	34.4701,-119.1658,0.0
	34.447502,-119.21251,0.0
	34.43517,-119.264984,0.0
	34.42647,-119.31837,0.0
	34.420998,-119.37251,0.0
	34.41615,-119.4267,0.0
	34.428062,-119.479195,0.0
	34.43339,-119.53337,0.0
	34.43878,-119.58754,0.0
	34.44447,-119.64167,0.0
	34.449272,-119.69574,0.0
	34.441284,-119.749435,0.0
	34.4336,-119.80282,0.0
	34.426537,-119.85664,0.0
	34.4301,-119.899445,0.0
#sj12  Char
	33.2,-116.194,0.0
	33.167736,-116.15652,0.0
	33.13546,-116.119064,0.0
	33.103176,-116.081635,0.0
	33.070877,-116.044235,0.0
	33.03857,-116.00686,0.0
	33.012714,-115.97698,0.0
#Great Valley 12 (jl0.grtvly12) 1  Char
	36.4794,-120.4383,7.0
	36.43939,-120.4127,7.0
	36.39937,-120.387115,7.0
	36.35935,-120.361565,7.0
	36.343334,-120.35136,7.0
#scz+pn+ncs -- sas+sap+san 1-8  M=7.5 Char
	36.8059,-121.4816,0.0
	36.8372,-121.52199,0.0
	36.868484,-121.562416,0.0
	36.896744,-121.60618,0.0
	36.924824,-121.65016,0.0
	36.956413,-121.69024,0.0
	36.98814,-121.73019,0.0
	37.019855,-121.770164,0.0
	37.051556,-121.81017,0.0
	37.076984,-121.85664,0.0
	37.1021,-121.90346,0.0
	37.13246,-121.945045,0.0
	37.163235,-121.98624,0.0
	37.195576,-122.02544,0.0
	37.22905,-122.063194,0.0
	37.262512,-122.101,0.0
	37.295963,-122.138824,0.0
	37.331135,-122.17411,0.0
	37.366352,-122.20935,0.0
	37.40122,-122.245155,0.0
	37.436066,-122.281006,0.0
	37.47345,-122.31254,0.0
	37.510975,-122.34384,0.0
	37.548492,-122.375175,0.0
	37.586002,-122.40654,0.0
	37.6235,-122.437935,0.0
	37.660995,-122.46937,0.0
	37.69848,-122.500824,0.0
	37.735954,-122.53232,0.0
	37.773422,-122.56384,0.0
	37.810905,-122.59536,0.0
	37.84839,-122.62688,0.0
	37.885868,-122.65843,0.0
	37.923336,-122.69002,0.0
	37.960796,-122.721634,0.0
	37.997723,-122.754265,0.0
	38.034626,-122.78695,0.0
	38.07152,-122.81967,0.0
	38.108406,-122.852425,0.0
	38.145283,-122.88521,0.0
	38.18217,-122.917984,0.0
	38.219696,-122.9496,0.0
	38.25721,-122.98124,0.0
	38.294716,-123.01292,0.0
	38.332134,-123.04477,0.0
	38.368668,-123.07828,0.0
	38.40519,-123.11182,0.0
	38.44117,-123.14631,0.0
	38.4771,-123.180916,0.0
	38.513016,-123.21555,0.0
	38.548923,-123.25022,0.0
	38.58482,-123.284935,0.0
	38.62071,-123.31967,0.0
	38.656586,-123.354454,0.0
	38.69245,-123.38926,0.0
	38.728306,-123.42411,0.0
	38.764153,-123.45899,0.0
	38.799988,-123.49391,0.0
	38.835815,-123.52886,0.0
	38.871628,-123.56385,0.0
	38.907433,-123.59887,0.0
	38.943226,-123.63393,0.0
	38.979008,-123.66902,0.0
	39.014782,-123.70415,0.0
	39.050545,-123.73931,0.0
	39.086296,-123.77451,0.0
	39.123928,-123.80609,0.0
	39.162937,-123.835014,0.0
	39.17074,-123.840805,0.0
#Great Valley 7 (jl0.grtvly07) 1  Char
	37.7344,-121.5241,7.0
	37.703053,-121.483284,7.0
	37.67169,-121.442505,7.0
	37.640312,-121.40176,7.0
	37.608925,-121.361046,7.0
	37.57752,-121.32037,7.0
	37.5461,-121.27973,7.0
	37.51467,-121.23912,7.0
	37.483223,-121.19855,7.0
	37.451763,-121.158005,7.0
#Little Salmon-offshore (pm.ltsalmon-off) 1  Char
	40.764,-124.231,0.0
	40.778854,-124.287094,0.0
	40.79368,-124.34321,0.0
	40.827953,-124.37905,0.0
	40.865837,-124.411156,0.0
	40.90371,-124.443306,0.0
	40.941307,-124.47581,0.0
	40.961544,-124.52902,0.0
	40.981754,-124.582275,0.0
	41.00194,-124.63556,0.0
	41.005974,-124.64622,0.0
#el18  Char
	33.377,-117.013,0.0
	33.349964,-116.969925,0.0
	33.322914,-116.92688,0.0
	33.29585,-116.883865,0.0
	33.26877,-116.84087,0.0
	33.241676,-116.797905,0.0
	33.214565,-116.75497,0.0
	33.187443,-116.71205,0.0
	33.1603,-116.66917,0.0
	33.13315,-116.62631,0.0
	33.10598,-116.58347,0.0
	33.078796,-116.54067,0.0
	33.0516,-116.49789,0.0
	33.024387,-116.45514,0.0
	32.99716,-116.41241,0.0
	32.96992,-116.369705,0.0
	32.96447,-116.36117,0.0
#nh -- hn 2-2  M=5.8 Char
	37.8273,-122.2128,0.0
	37.864697,-122.2445,0.0
	37.90208,-122.27624,0.0
	37.93946,-122.308,0.0
	37.97683,-122.3398,0.0
	38.01419,-122.37163,0.0
	38.05154,-122.40349,0.0
	38.088886,-122.43539,0.0
#SAF - Southern 2 segments (SB-Coachella) 1  Char
	34.2895,-117.4982,0.0
	34.265633,-117.452034,0.0
	34.241753,-117.40588,0.0
	34.21785,-117.35977,0.0
	34.193935,-117.31368,0.0
	34.17,-117.26762,0.0
	34.14825,-117.22018,0.0
	34.130386,-117.17027,0.0
	34.1125,-117.12039,0.0
	34.09459,-117.07053,0.0
	34.07666,-117.0207,0.0
	34.058716,-116.97088,0.0
	34.040745,-116.92109,0.0
	34.02276,-116.871315,0.0
	34.00475,-116.82156,0.0
	33.987133,-116.77166,0.0
	33.97593,-116.7191,0.0
	33.964703,-116.66655,0.0
	33.953457,-116.61402,0.0
	33.942184,-116.5615,0.0
	33.930893,-116.508995,0.0
	33.915703,-116.45868,0.0
	33.88937,-116.41471,0.0
	33.863018,-116.37077,0.0
	33.836655,-116.32686,0.0
	33.810272,-116.28298,0.0
	33.783047,-116.23997,0.0
	33.75156,-116.20129,0.0
	33.720062,-116.16264,0.0
	33.688553,-116.12402,0.0
	33.657032,-116.085434,0.0
	33.625496,-116.04687,0.0
	33.593952,-116.00834,0.0
	33.562393,-115.96983,0.0
	33.530823,-115.93135,0.0
	33.49924,-115.89291,0.0
	33.467648,-115.854485,0.0
	33.436043,-115.816086,0.0
	33.404427,-115.777725,0.0
	33.3728,-115.73939,0.0
	33.347485,-115.70873,0.0
#Los Osos (bb.lososos) 1  Char
	35.3021,-120.8664,0.0
	35.30048,-120.811295,0.0
	35.292065,-120.757904,0.0
	35.267765,-120.71268,0.0
	35.235107,-120.67523,0.0
	35.203915,-120.63868,0.0
	35.187527,-120.58739,0.0
	35.171116,-120.536125,0.0
	35.139603,-120.49744,0.0
	35.12254,-120.46126,0.0
#Robinson Creek (bb.robinsoncrk) 1  Char
	38.2066,-119.3171,0.0
	38.249695,-119.30366,0.0
	38.287796,-119.27971,0.0
	38.322853,-119.24376,0.0
	38.336872,-119.22937,0.0
#Garlock East (bb.garlocke) 1  Char
	35.2835,-118.0239,0.0
	35.30736,-117.97715,0.0
	35.331203,-117.93038,0.0
	35.355026,-117.883575,0.0
	35.378834,-117.83675,0.0
	35.40262,-117.78989,0.0
	35.425182,-117.742294,0.0
	35.43995,-117.690125,0.0
	35.454693,-117.63794,0.0
	35.469414,-117.585724,0.0
	35.48411,-117.5335,0.0
	35.498444,-117.481125,0.0
	35.50995,-117.42768,0.0
	35.521427,-117.37422,0.0
	35.53288,-117.32075,0.0
	35.54431,-117.267265,0.0
	35.555717,-117.21376,0.0
	35.567104,-117.16024,0.0
	35.57944,-117.10703,0.0
	35.5918,-117.05383,0.0
	35.601532,-117.00021,0.0
	35.600094,-116.94489,0.0
	35.59863,-116.88958,0.0
	35.59714,-116.83427,0.0
	35.5962,-116.77894,0.0
	35.595463,-116.7236,0.0
	35.594704,-116.668274,0.0
	35.59392,-116.61294,0.0
	35.591686,-116.557686,0.0
	35.588478,-116.502495,0.0
	35.58731,-116.44728,0.0
	35.58984,-116.39203,0.0
	35.590343,-116.38098,0.0
#Lenwood-Lockhart-Old Woman Springs (bb.lockhart) 1  Char
	34.3537,-116.635,0.0
	34.39346,-116.66053,0.0
	34.433216,-116.68609,0.0
	34.472965,-116.71167,0.0
	34.51271,-116.737274,0.0
	34.552452,-116.7629,0.0
	34.592186,-116.78856,0.0
	34.62988,-116.81818,0.0
	34.666145,-116.85056,0.0
	34.7024,-116.88298,0.0
	34.738647,-116.91542,0.0
	34.774887,-116.94789,0.0
	34.808083,-116.984375,0.0
	34.83735,-117.02602,0.0
	34.8666,-117.06769,0.0
	34.894093,-117.11087,0.0
	34.91616,-117.15869,0.0
	34.938213,-117.206535,0.0
	34.960243,-117.25441,0.0
	34.982258,-117.30231,0.0
	35.004253,-117.35023,0.0
	35.02623,-117.39818,0.0
	35.048187,-117.44615,0.0
	35.07103,-117.49347,0.0
	35.096363,-117.53892,0.0
	35.121677,-117.5844,0.0
	35.146973,-117.629906,0.0
	35.172256,-117.67544,0.0
	35.197517,-117.721,0.0
	35.217716,-117.75748,0.0
#nc -- cn--3-7  M=6.5 Char
	37.445,-121.8071,0.0
	37.488136,-121.82325,0.0
	37.529385,-121.8459,0.0
	37.57183,-121.86442,0.0
	37.61298,-121.887405,0.0
	37.654125,-121.91042,0.0
	37.695362,-121.93306,0.0
	37.736874,-121.953224,0.0
	37.77627,-121.98072,0.0
	37.815662,-122.008255,0.0
#con -- average -4-1  M=6.2 Char
	37.9003,-121.9896,0.0
	37.94064,-122.014885,0.0
	37.980972,-122.04019,0.0
	38.0213,-122.06553,0.0
	38.03743,-122.075676,0.0
#Great Valley 9 (jl0.grtvly09) 1  Char
	37.1031,-120.9867,7.0
	37.065304,-120.956085,7.0
	37.027496,-120.92551,7.0
	36.989685,-120.89495,7.0
	36.951866,-120.864426,7.0
	36.914036,-120.83394,7.0
	36.8762,-120.803474,7.0
	36.838356,-120.77304,7.0
	36.808075,-120.74872,7.0
#Mendocino fault zone (mp.mendocino) 1  Char
	40.2622,-124.4119,15.0
	40.282555,-124.4645,15.0
	40.302883,-124.517136,15.0
	40.32319,-124.5698,15.0
	40.34347,-124.6225,15.0
	40.363728,-124.675224,15.0
	40.373283,-124.73175,15.0
	40.375874,-124.79072,15.0
	40.378433,-124.84969,15.0
	40.380966,-124.908676,15.0
	40.383465,-124.96766,15.0
	40.385937,-125.02665,15.0
	40.388374,-125.08564,15.0
	40.390785,-125.14464,15.0
	40.393166,-125.20364,15.0
	40.395515,-125.26265,15.0
	40.39784,-125.321655,15.0
	40.400024,-125.38068,15.0
	40.40206,-125.43971,15.0
	40.404068,-125.49874,15.0
	40.406044,-125.557785,15.0
	40.40799,-125.61683,15.0
	40.409904,-125.67587,15.0
	40.41179,-125.734924,15.0
	40.413643,-125.793976,15.0
	40.415062,-125.853035,15.0
	40.414864,-125.91214,15.0
	40.41463,-125.971245,15.0
	40.41437,-126.03035,15.0
	40.414078,-126.089455,15.0
	40.413757,-126.14855,15.0
	40.413406,-126.20766,15.0
	40.413025,-126.266754,15.0
	40.412613,-126.32586,15.0
	40.41217,-126.38496,15.0
#Oakridge Mid Channel Montalvo-Oak(mp.- wt 25%) 1  Char
	34.2503,-119.2763,5.0
	34.241753,-119.32975,5.0
	34.241215,-119.38412,5.0
	34.24121,-119.43855,5.0
	34.24278,-119.49293,5.0
	34.24566,-119.54726,5.0
	34.24852,-119.601585,5.0
	34.251354,-119.655914,5.0
	34.25192,-119.66679,5.0
#Santa Rosa Island (bb.santarosaisl) 1  Char
	34.0236,-119.9065,0.0
	34.00419,-119.95548,0.0
	33.993946,-120.00762,0.0
	33.988846,-120.06155,0.0
	33.986565,-120.1156,0.0
	33.98812,-120.169846,0.0
	33.98965,-120.22408,0.0
	33.992367,-120.27826,0.0
	33.995102,-120.332436,0.0
	33.997814,-120.38661,0.0
	34.005272,-120.43937,0.0
	34.02389,-120.48879,0.0
	34.031334,-120.50857,0.0
#Anacapa-Dume (mp.anacapa-d) 1  Char
	33.9849,-118.6945,0.0
	33.968292,-118.744934,0.0
	33.952923,-118.795654,0.0
	33.951946,-118.84989,0.0
	33.950947,-118.90413,0.0
	33.95742,-118.95769,0.0
	33.96514,-119.01114,0.0
	33.97284,-119.0646,0.0
	33.980515,-119.11807,0.0
	33.983105,-119.17199,0.0
	33.981873,-119.226234,0.0
	33.980614,-119.28049,0.0
	33.979332,-119.33473,0.0
	33.982056,-119.38887,0.0
	33.985214,-119.44301,0.0
	33.98835,-119.49715,0.0
#Zayante-Vergeles (jl0.zayante-v) 1  Char
	36.7927,-121.4638,0.0
	36.800392,-121.51917,0.0
	36.80806,-121.57455,0.0
	36.825512,-121.62293,0.0
	36.859856,-121.65927,0.0
	36.894188,-121.69564,0.0
	36.92851,-121.73204,0.0
	36.95858,-121.77368,0.0
	36.98706,-121.81729,0.0
	37.015522,-121.86094,0.0
	37.043972,-121.90461,0.0
	37.072403,-121.94832,0.0
	37.089455,-121.97456,0.0
#Oak Ridge-onshore (mp.oakr-on) 1  Char
	34.2481,-119.205,1.0
	34.26566,-119.15529,1.0
	34.29844,-119.11797,1.0
	34.328682,-119.07789,1.0
	34.353165,-119.033035,1.0
	34.36038,-118.97923,1.0
	34.370686,-118.92625,1.0
	34.38167,-118.87351,1.0
	34.384544,-118.8191,1.0
	34.40099,-118.76964,1.0
	34.398037,-118.72615,1.0
#Raymond (bb.raymond) 1  Char
	34.163,-117.9901,0.0
	34.145542,-118.03978,0.0
	34.127876,-118.08939,0.0
	34.118767,-118.14179,0.0
	34.120735,-118.1961,0.0
	34.121513,-118.21783,0.0
#San Gabriel (bb.sangab) 1  Char
	34.3179,-118.2802,0.0
	34.34276,-118.32472,0.0
	34.356255,-118.376724,0.0
	34.373642,-118.42691,0.0
	34.394203,-118.47531,0.0
	34.417698,-118.52183,0.0
	34.44253,-118.567154,0.0
	34.473686,-118.606384,0.0
	34.508244,-118.64135,0.0
	34.542793,-118.676346,0.0
	34.573727,-118.71419,0.0
	34.601643,-118.75531,0.0
	34.635338,-118.79156,0.0
	34.669025,-118.82783,0.0
	34.7027,-118.86413,0.0
	34.716167,-118.878654,0.0
#Hunter Mtn-Saline Vlly (bb.huntermtn) 1  Char
	36.4753,-117.4325,0.0
	36.497147,-117.48143,0.0
	36.518974,-117.53039,0.0
	36.544365,-117.57655,0.0
	36.570763,-117.6219,0.0
	36.602135,-117.66209,0.0
	36.625603,-117.70859,0.0
	36.641754,-117.760925,0.0
	36.657883,-117.81329,0.0
	36.694237,-117.84275,0.0
	36.735363,-117.865486,0.0
	36.777283,-117.88585,0.0
	36.81962,-117.904915,0.0
	36.861946,-117.923996,0.0
	36.904274,-117.9431,0.0
	36.921204,-117.950745,0.0
#Death Valley-northern (bb.ndvfc) 1  Char
	36.5428,-116.8844,0.0
	36.573227,-116.925674,0.0
	36.603638,-116.96699,0.0
	36.634037,-117.00832,0.0
	36.66442,-117.0497,0.0
	36.69479,-117.09111,0.0
	36.725143,-117.132545,0.0
	36.762074,-117.16441,0.0
	36.799576,-117.19547,0.0
	36.837067,-117.22656,0.0
	36.874554,-117.257675,0.0
	36.91203,-117.288826,0.0
	36.948963,-117.32094,0.0
	36.984547,-117.35541,0.0
	37.019737,-117.390526,0.0
	37.054497,-117.42633,0.0
	37.08924,-117.462166,0.0
	37.124485,-117.49722,0.0
	37.160824,-117.530525,0.0
	37.19715,-117.56385,0.0
	37.23347,-117.59721,0.0
	37.269783,-117.63061,0.0
	37.302998,-117.66876,0.0
#Upper Elysian Park (new) 1  Char
	34.0683,-118.0998,3.0
	34.062565,-118.152885,3.0
	34.065834,-118.20706,3.0
	34.081997,-118.254715,3.0
	34.11169,-118.29555,3.0
#Hilton Creek (bb.hiltoncrk) 1  Char
	37.4617,-118.7286,0.0
	37.499958,-118.757675,0.0
	37.54261,-118.775764,0.0
	37.585262,-118.79388,0.0
	37.625515,-118.816574,0.0
	37.655922,-118.85827,0.0
	37.686855,-118.88154,0.0
#Casmalia(Orcutt Frontal fault) (bb.casmalia) 1  Char
	34.933,-120.6482,0.0
	34.919945,-120.59567,0.0
	34.897465,-120.54935,0.0
	34.871006,-120.50526,0.0
	34.84948,-120.4571,0.0
	34.844013,-120.40313,0.0
	34.82182,-120.370285,0.0
#Round Valley (basin and range) (bb.roundvlly) 1  Char
	37.2424,-118.5992,0.0
	37.27289,-118.63863,0.0
	37.316574,-118.6321,0.0
	37.35835,-118.615555,0.0
	37.39768,-118.6427,0.0
	37.438858,-118.64033,0.0
	37.48323,-118.6421,0.0
	37.521236,-118.663994,0.0
	37.54315,-118.713394,0.0
	37.558167,-118.74022,0.0
#Los Alamos-W. Baseline (bb.losalamos) 1  Char
	34.7589,-120.3184,0.0
	34.74518,-120.266235,0.0
	34.731434,-120.214096,0.0
	34.699535,-120.1759,0.0
	34.668194,-120.136986,0.0
	34.644592,-120.09041,0.0
	34.63042,-120.06248,0.0
#bb.lagunasalada  Char
	32.725,-115.882,0.0
	32.684586,-115.858475,0.0
	32.64417,-115.83498,0.0
	32.603745,-115.81149,0.0
	32.57185,-115.77471,0.0
	32.54196,-115.734795,0.0
	32.512062,-115.69491,0.0
	32.48215,-115.655045,0.0
	32.45223,-115.61521,0.0
	32.42229,-115.5754,0.0
	32.39234,-115.53562,0.0
	32.36238,-115.495865,0.0
	32.332405,-115.45613,0.0
	32.302418,-115.41643,0.0
	32.29042,-115.40056,0.0
#Blackwater (bb.blkwater) 1  Char
	35.0242,-117.0171,0.0
	35.05972,-117.05085,0.0
	35.095226,-117.08463,0.0
	35.130722,-117.11844,0.0
	35.166214,-117.152275,0.0
	35.201694,-117.18615,0.0
	35.237164,-117.22005,0.0
	35.275417,-117.248856,0.0
	35.314575,-117.27602,0.0
	35.35373,-117.30321,0.0
	35.38898,-117.33663,0.0
	35.420444,-117.37611,0.0
	35.451893,-117.41561,0.0
#pn+ncs+ncn--sap+san+sao-1-9  M=7.6 Char
	37.1762,-122.0036,0.0
	37.209682,-122.04134,0.0
	37.243153,-122.079124,0.0
	37.276608,-122.116936,0.0
	37.310753,-122.15374,0.0
	37.345978,-122.18896,0.0
	37.38105,-122.224434,0.0
	37.415905,-122.26026,0.0
	37.451733,-122.29444,0.0
	37.48926,-122.32572,0.0
	37.526787,-122.35704,0.0
	37.5643,-122.38839,0.0
	37.601807,-122.41977,0.0
	37.6393,-122.45118,0.0
	37.676792,-122.48262,0.0
	37.71427,-122.51409,0.0
	37.751743,-122.5456,0.0
	37.78921,-122.57713,0.0
	37.826702,-122.608635,0.0
	37.864185,-122.64017,0.0
	37.901657,-122.67174,0.0
	37.93912,-122.70334,0.0
	37.976364,-122.73537,0.0
	38.013275,-122.768036,0.0
	38.050175,-122.800735,0.0
	38.087067,-122.833466,0.0
	38.123947,-122.866234,0.0
	38.16082,-122.89903,0.0
	38.197987,-122.931305,0.0
	38.235504,-122.96293,0.0
	38.273018,-122.99458,0.0
	38.31052,-123.02627,0.0
	38.34753,-123.05888,0.0
	38.384056,-123.09241,0.0
	38.42038,-123.126305,0.0
	38.45631,-123.16089,0.0
	38.492237,-123.1955,0.0
	38.52815,-123.230156,0.0
	38.564053,-123.26485,0.0
	38.599945,-123.29957,0.0
	38.635826,-123.33433,0.0
	38.6717,-123.36912,0.0
	38.70756,-123.403946,0.0
	38.743416,-123.438805,0.0
	38.779255,-123.4737,0.0
	38.815086,-123.50864,0.0
	38.850906,-123.5436,0.0
	38.88672,-123.5786,0.0
	38.922516,-123.61364,0.0
	38.958305,-123.64871,0.0
	38.994083,-123.68382,0.0
	39.029854,-123.71896,0.0
	39.06561,-123.75414,0.0
	39.101357,-123.78936,0.0
	39.140366,-123.818275,0.0
	39.180347,-123.844215,0.0
	39.223682,-123.85987,0.0
	39.267017,-123.875534,0.0
	39.310356,-123.8912,0.0
	39.353687,-123.90688,0.0
	39.39703,-123.92254,0.0
	39.44113,-123.93413,0.0
	39.48523,-123.94573,0.0
	39.52933,-123.957344,0.0
	39.573425,-123.96898,0.0
	39.617523,-123.98063,0.0
	39.661617,-123.99229,0.0
	39.706364,-123.99688,0.0
	39.751335,-123.99901,0.0
	39.796307,-124.00114,0.0
	39.841274,-124.003265,0.0
	39.886246,-124.0054,0.0
	39.930534,-124.0131,0.0
	39.973774,-124.029366,0.0
	40.01701,-124.04565,0.0
	40.056034,-124.07232,0.0
	40.084236,-124.11815,0.0
	40.11149,-124.16494,0.0
	40.138012,-124.21249,0.0
	40.164516,-124.26006,0.0
	40.190998,-124.307686,0.0
	40.21746,-124.35534,0.0
	40.243904,-124.40303,0.0
#mtd-- 7-10  M=6.2 Char
	37.7301,-121.8229,8.0
	37.759506,-121.865974,8.0
	37.7889,-121.90909,8.0
	37.818275,-121.95223,8.0
	37.847637,-121.99541,8.0
	37.87698,-122.03863,8.0
#Santa Monica (mp.santamonica) 1  Char
	34.0685,-118.4161,0.0
	34.043293,-118.45853,0.0
	34.032932,-118.51029,0.0
	34.024258,-118.56339,0.0
	34.014923,-118.61639,0.0
	34.012844,-118.670616,0.0
	34.01158,-118.703156,0.0
#SAF - Coachella (mp.sa-coachella) 1  Char
	33.9223,-116.4697,0.0
	33.89597,-116.42573,0.0
	33.869625,-116.38178,0.0
	33.84326,-116.33787,0.0
	33.816887,-116.293976,0.0
	33.790493,-116.250114,0.0
	33.759453,-116.21098,0.0
	33.72796,-116.172325,0.0
	33.69645,-116.1337,0.0
	33.664932,-116.0951,0.0
	33.6334,-116.05653,0.0
	33.60186,-116.01799,0.0
	33.570305,-115.97948,0.0
	33.53874,-115.940994,0.0
	33.50716,-115.90254,0.0
	33.475567,-115.86411,0.0
	33.443966,-115.82571,0.0
	33.412354,-115.78734,0.0
	33.380726,-115.74899,0.0
	33.349087,-115.71068,0.0
#sc+cc -- cs+cc -- average used-3-5  M=6.4 Char
	36.8257,-121.3956,0.0
	36.868153,-121.414246,0.0
	36.910606,-121.432915,0.0
	36.953053,-121.45161,0.0
	36.99507,-121.471504,0.0
	37.03431,-121.49909,0.0
	37.07354,-121.52671,0.0
	37.112984,-121.55386,0.0
	37.152706,-121.58039,0.0
	37.191856,-121.60824,0.0
	37.231,-121.63611,0.0
	37.270226,-121.66381,0.0
	37.30952,-121.69138,0.0
	37.348557,-121.7195,0.0
	37.38614,-121.75064,0.0
	37.422237,-121.78438,0.0
	37.443398,-121.805504,0.0
#Owl Lake (bb.owllk) 1  Char
	35.6064,-116.8772,0.0
	35.630512,-116.83046,0.0
	35.654602,-116.78369,0.0
	35.678677,-116.73689,0.0
	35.702732,-116.69006,0.0
	35.726772,-116.64321,0.0
#Great Valley 8 (jl0.grtvly08) 1  Char
	37.434,-121.158,7.0
	37.392128,-121.13725,7.0
	37.35025,-121.11652,7.0
	37.30837,-121.09582,7.0
	37.266483,-121.07514,7.0
	37.224594,-121.05448,7.0
	37.182705,-121.033844,7.0
	37.14081,-121.01324,7.0
	37.098907,-120.992645,7.0
	37.09053,-120.98853,7.0
#Death Valley-n of Cucamongo (bb.ndvfc-ncn) 1  Char
	37.3019,-117.6675,0.0
	37.327526,-117.713715,0.0
	37.34817,-117.76401,0.0
	37.371765,-117.81167,0.0
	37.406975,-117.84695,0.0
	37.442173,-117.882256,0.0
	37.47736,-117.917595,0.0
	37.512535,-117.952965,0.0
	37.54713,-117.98924,0.0
	37.581467,-118.02594,0.0
	37.609608,-118.06959,0.0
	37.65116,-118.08924,0.0
	37.692722,-118.11083,0.0
	37.732086,-118.13792,0.0
	37.771484,-118.16457,0.0
	37.81351,-118.18494,0.0
	37.83032,-118.193085,0.0
#Maacama-garberville (jl0.maacama-s) 1  GR
	39.335724,-123.296776,0.0
	39.376144,-123.32235,0.0
	39.41656,-123.34796,0.0
	39.45697,-123.3736,0.0
	39.497375,-123.39926,0.0
	39.537773,-123.424965,0.0
	39.578167,-123.45069,0.0
	39.618553,-123.47645,0.0
	39.658936,-123.502235,0.0
	39.699314,-123.52805,0.0
	39.73968,-123.5539,0.0
	39.78005,-123.57978,0.0
	39.820408,-123.60569,0.0
	39.86076,-123.63162,0.0
	39.901108,-123.65759,0.0
	39.94145,-123.68359,0.0
	39.981785,-123.709625,0.0
	40.017467,-123.744576,0.0
	40.051983,-123.78229,0.0
	40.086487,-123.82004,0.0
	40.12098,-123.85783,0.0
	40.15546,-123.89565,0.0
	40.189926,-123.93352,0.0
	40.21749,-123.96384,0.0
#cc -- average used-3-2  M=6.2 Char
	36.9898,-121.4678,0.0
	37.02904,-121.495384,0.0
	37.06827,-121.523,0.0
	37.10765,-121.5503,0.0
	37.147377,-121.57681,0.0
	37.1866,-121.60449,0.0
	37.225742,-121.63236,0.0
	37.26495,-121.66011,0.0
	37.304245,-121.687675,0.0
	37.34351,-121.71532,0.0
	37.381092,-121.74645,0.0
	37.417503,-121.779655,0.0
	37.445717,-121.807816,0.0
#Great Valley 1 (jl0.grtvly01) 1  Char
	39.6786,-122.2997,7.0
	39.63363,-122.29752,7.0
	39.58866,-122.29536,7.0
	39.543694,-122.29319,7.0
	39.498722,-122.29102,7.0
	39.453754,-122.28886,7.0
	39.408783,-122.2867,7.0
	39.363815,-122.28454,7.0
	39.318844,-122.28239,7.0
	39.282867,-122.28066,7.0
#Palos Verdes (mp.palosverdes1) 1  Char
	33.283,-117.9397,0.0
	33.320637,-117.96921,0.0
	33.35827,-117.99875,0.0
	33.395893,-118.02831,0.0
	33.436302,-118.051575,0.0
	33.477173,-118.07392,0.0
	33.5162,-118.100784,0.0
	33.555225,-118.12767,0.0
	33.594242,-118.15458,0.0
	33.63325,-118.18152,0.0
	33.671665,-118.209625,0.0
	33.709137,-118.23957,0.0
	33.746605,-118.26954,0.0
	33.776768,-118.30894,0.0
	33.804184,-118.351875,0.0
	33.831585,-118.39484,0.0
	33.858974,-118.43783,0.0
	33.886345,-118.48085,0.0
	33.913704,-118.523895,0.0
	33.941048,-118.56697,0.0
	33.946514,-118.575584,0.0
#SAF - 1857 (Ch-Moj) 1  Char
	35.752,-120.3,0.0
	35.716785,-120.26549,0.0
	35.681557,-120.231,0.0
	35.64632,-120.196556,0.0
	35.611076,-120.16213,0.0
	35.57582,-120.12774,0.0
	35.540554,-120.093376,0.0
	35.50528,-120.05905,0.0
	35.469994,-120.02475,0.0
	35.4347,-119.99048,0.0
	35.39984,-119.955574,0.0
	35.365612,-119.91974,0.0
	35.33137,-119.88394,0.0
	35.297092,-119.84821,0.0
	35.262768,-119.81257,0.0
	35.22843,-119.77695,0.0
	35.194088,-119.741356,0.0
	35.159836,-119.705666,0.0
	35.129124,-119.66544,0.0
	35.0984,-119.62525,0.0
	35.06766,-119.58509,0.0
	35.03777,-119.54404,0.0
	35.00921,-119.50157,0.0
	34.980633,-119.45914,0.0
	34.95204,-119.416725,0.0
	34.923435,-119.37435,0.0
	34.903183,-119.32588,0.0
	34.88601,-119.27517,0.0
	34.868816,-119.22448,0.0
	34.85724,-119.17168,0.0
	34.847897,-119.118034,0.0
	34.838528,-119.06441,0.0
	34.829136,-119.01079,0.0
	34.81972,-118.957184,0.0
	34.81028,-118.903595,0.0
	34.797626,-118.85111,0.0
	34.782726,-118.79941,0.0
	34.767803,-118.74772,0.0
	34.75286,-118.69605,0.0
	34.737892,-118.6444,0.0
	34.722908,-118.59277,0.0
	34.707897,-118.54116,0.0
	34.69158,-118.4902,0.0
	34.673107,-118.4403,0.0
	34.65461,-118.39043,0.0
	34.636093,-118.34057,0.0
	34.617558,-118.29074,0.0
	34.599,-118.24093,0.0
	34.58042,-118.19114,0.0
	34.561825,-118.14137,0.0
	34.542915,-118.091805,0.0
	34.52309,-118.04276,0.0
	34.50325,-117.993744,0.0
	34.483387,-117.94475,0.0
	34.463505,-117.89578,0.0
	34.443607,-117.84683,0.0
	34.423687,-117.79791,0.0
	34.403748,-117.74901,0.0
	34.38243,-117.701,0.0
	34.360622,-117.653305,0.0
	34.3388,-117.60564,0.0
	34.316956,-117.55799,0.0
	34.295094,-117.510376,0.0
	34.29072,-117.500854,0.0
#Mono Lake (bb.mono) 1  Char
	37.9346,-119.1037,0.0
	37.973328,-119.13277,0.0
	38.01205,-119.16186,0.0
	38.054104,-119.17988,0.0
	38.098915,-119.18033,0.0
	38.143475,-119.18794,0.0
	38.152378,-119.1896,0.0
#Santa Cruz Island (bb.santacruzisl) 1  Char
	33.9897,-119.5154,0.0
	33.989716,-119.56967,0.0
	33.989708,-119.62395,0.0
	33.99654,-119.67714,0.0
	34.008118,-119.7296,0.0
	34.019672,-119.78207,0.0
	34.031204,-119.83455,0.0
	34.042717,-119.88705,0.0
	34.054203,-119.93956,0.0
	34.07244,-119.988686,0.0
	34.09518,-120.035576,0.0
#North Channel Slope (bnchanslp) 1  Char
	34.4003,-119.662,10.0
	34.404865,-119.716255,10.0
	34.40941,-119.77052,10.0
	34.413925,-119.82479,10.0
	34.41842,-119.87907,10.0
	34.42289,-119.93335,10.0
	34.427338,-119.98764,10.0
	34.43176,-120.04193,10.0
	34.436157,-120.09624,10.0
	34.44053,-120.150536,10.0
	34.44488,-120.20485,10.0
	34.449207,-120.25916,10.0
	34.45351,-120.313484,10.0
	34.457787,-120.36781,10.0
	34.460342,-120.40041,10.0
#sgs+sgn --5-10  M=7.2 Char
	36.3131,-121.8593,0.0
	36.35213,-121.8871,0.0
	36.391155,-121.91493,0.0
	36.431244,-121.93976,0.0
	36.473896,-121.95748,0.0
	36.515335,-121.97932,0.0
	36.55003,-122.01482,0.0
	36.589,-122.04242,0.0
	36.628952,-122.06822,0.0
	36.6689,-122.09405,0.0
	36.71132,-122.11274,0.0
	36.753944,-122.13059,0.0
	36.798058,-122.1417,0.0
	36.842167,-122.15282,0.0
	36.884148,-122.17245,0.0
	36.925446,-122.1948,0.0
	36.96674,-122.21718,0.0
	37.00803,-122.23958,0.0
	37.049316,-122.262,0.0
	37.0906,-122.284454,0.0
	37.131874,-122.30693,0.0
	37.17315,-122.32943,0.0
	37.214417,-122.35195,0.0
	37.255684,-122.3745,0.0
	37.29709,-122.39661,0.0
	37.339306,-122.41621,0.0
	37.38152,-122.43582,0.0
	37.42373,-122.45545,0.0
	37.46594,-122.47511,0.0
	37.50814,-122.4948,0.0
	37.550343,-122.514496,0.0
	37.592537,-122.534225,0.0
	37.63473,-122.55397,0.0
	37.67692,-122.573746,0.0
	37.71911,-122.59354,0.0
	37.761295,-122.61335,0.0
	37.76973,-122.61732,0.0
#Tank Canyon (bb.tankcyn) 1  Char
	35.769,-117.2503,0.0
	35.73037,-117.22606,0.0
	35.68583,-117.21815,0.0
	35.648678,-117.24625,0.0
	35.64145,-117.25284,0.0
#con+sgv--con+gvs--4-5  M=6.0 Char
	37.9003,-121.9896,0.0
	37.94064,-122.014885,0.0
	37.980972,-122.04019,0.0
	38.0213,-122.06553,0.0
	38.06352,-122.08434,0.0
	38.107197,-122.09808,0.0
	38.150875,-122.111855,0.0
	38.194553,-122.12563,0.0
	38.238228,-122.13943,0.0
	38.2557,-122.14495,0.0
#Great Valley 14 (jl0.grtvly14) 1  Char
	36.1359,-120.1553,7.0
	36.10643,-120.1132,7.0
	36.076942,-120.07113,7.0
	36.04744,-120.0291,7.0
	36.017925,-119.98709,7.0
	35.994305,-119.95351,7.0
#Trinidad (pm.trinidad) 1  Char
	40.79,-123.841,0.0
	40.82256,-123.88204,0.0
	40.85521,-123.92295,0.0
	40.89189,-123.95742,0.0
	40.928566,-123.99193,0.0
	40.968227,-124.01978,0.0
	41.00226,-124.05737,0.0
	41.032917,-124.101036,0.0
	41.06811,-124.13786,0.0
	41.10476,-124.1725,0.0
	41.1414,-124.207184,0.0
	41.17803,-124.241905,0.0
	41.212315,-124.28053,0.0
	41.246227,-124.319534,0.0
	41.28874,-124.33918,0.0
	41.33216,-124.354774,0.0
	41.375797,-124.36941,0.0
	41.419437,-124.38406,0.0
	41.445618,-124.39286,0.0
#Little Lake (bb.littlelake) 1  Char
	35.6208,-117.5967,0.0
	35.658722,-117.62651,0.0
	35.69664,-117.65635,0.0
	35.734547,-117.68621,0.0
	35.772446,-117.71611,0.0
	35.81034,-117.74603,0.0
	35.84546,-117.77978,0.0
	35.87355,-117.82315,0.0
	35.90163,-117.866554,0.0
	35.912857,-117.88393,0.0
#Lions Head (bb.lionshead) 1  Char
	34.6977,-120.235,0.0
	34.705685,-120.28887,0.0
	34.71283,-120.342865,0.0
	34.71555,-120.39751,0.0
	34.73424,-120.44583,0.0
	34.768726,-120.48102,0.0
	34.803207,-120.51623,0.0
	34.837673,-120.55147,0.0
	34.861904,-120.59723,0.0
	34.866432,-120.606705,0.0
#Coronado Bank (bb.palsv-crndbk) 1  Char
	33.2685,-117.9274,0.0
	33.234047,-117.892784,0.0
	33.199585,-117.85819,0.0
	33.16511,-117.82363,0.0
	33.13063,-117.7891,0.0
	33.096138,-117.75459,0.0
	33.061638,-117.72011,0.0
	33.027126,-117.68566,0.0
	32.992607,-117.65123,0.0
	32.958076,-117.61684,0.0
	32.925903,-117.57944,0.0
	32.894703,-117.54081,0.0
	32.85972,-117.50808,0.0
	32.820267,-117.482315,0.0
	32.78081,-117.45657,0.0
	32.74135,-117.430855,0.0
	32.70188,-117.40516,0.0
	32.66241,-117.379486,0.0
	32.622932,-117.35383,0.0
	32.58345,-117.3282,0.0
	32.54396,-117.3026,0.0
	32.504467,-117.277016,0.0
	32.465008,-117.251366,0.0
	32.426506,-117.22377,0.0
	32.388187,-117.19582,0.0
	32.349865,-117.1679,0.0
	32.31153,-117.14,0.0
	32.273197,-117.11212,0.0
	32.23485,-117.08427,0.0
	32.196503,-117.056435,0.0
	32.15815,-117.02863,0.0
	32.11979,-117.00085,0.0
	32.08142,-116.97308,0.0
	32.04305,-116.94535,0.0
	32.00467,-116.91763,0.0
	31.966282,-116.889946,0.0
	31.92789,-116.86228,0.0
	31.889494,-116.83463,0.0
#Hunting Creek-Berryessa (jl0.huntcrk) 1  Char
	38.4533,-122.1975,0.0
	38.493607,-122.22306,0.0
	38.533905,-122.24866,0.0
	38.5742,-122.27428,0.0
	38.614487,-122.29992,0.0
	38.65477,-122.3256,0.0
	38.69505,-122.3513,0.0
	38.73532,-122.377045,0.0
	38.775585,-122.40281,0.0
	38.815845,-122.4286,0.0
	38.856102,-122.45442,0.0
	38.89635,-122.48028,0.0
	38.936596,-122.50616,0.0
#SAF - 1857 (Ch-Moj) 2  Char
	35.752,-120.3,0.0
	35.716785,-120.26549,0.0
	35.681557,-120.231,0.0
	35.64632,-120.196556,0.0
	35.611076,-120.16213,0.0
	35.57582,-120.12774,0.0
	35.540554,-120.093376,0.0
	35.50528,-120.05905,0.0
	35.469994,-120.02475,0.0
	35.4347,-119.99048,0.0
	35.39984,-119.955574,0.0
	35.365612,-119.91974,0.0
	35.33137,-119.88394,0.0
	35.297092,-119.84821,0.0
	35.262768,-119.81257,0.0
	35.22843,-119.77695,0.0
	35.194088,-119.741356,0.0
	35.159836,-119.705666,0.0
	35.129124,-119.66544,0.0
	35.0984,-119.62525,0.0
	35.06766,-119.58509,0.0
	35.03777,-119.54404,0.0
	35.00921,-119.50157,0.0
	34.980633,-119.45914,0.0
	34.95204,-119.416725,0.0
	34.923435,-119.37435,0.0
	34.903183,-119.32588,0.0
	34.88601,-119.27517,0.0
	34.868816,-119.22448,0.0
	34.85724,-119.17168,0.0
	34.847897,-119.118034,0.0
	34.838528,-119.06441,0.0
	34.829136,-119.01079,0.0
	34.81972,-118.957184,0.0
	34.81028,-118.903595,0.0
	34.797626,-118.85111,0.0
	34.782726,-118.79941,0.0
	34.767803,-118.74772,0.0
	34.75286,-118.69605,0.0
	34.737892,-118.6444,0.0
	34.722908,-118.59277,0.0
	34.707897,-118.54116,0.0
	34.69158,-118.4902,0.0
	34.673107,-118.4403,0.0
	34.65461,-118.39043,0.0
	34.636093,-118.34057,0.0
	34.617558,-118.29074,0.0
	34.599,-118.24093,0.0
	34.58042,-118.19114,0.0
	34.561825,-118.14137,0.0
	34.542915,-118.091805,0.0
	34.52309,-118.04276,0.0
	34.50325,-117.993744,0.0
	34.483387,-117.94475,0.0
	34.463505,-117.89578,0.0
	34.443607,-117.84683,0.0
	34.423687,-117.79791,0.0
	34.403748,-117.74901,0.0
	34.38243,-117.701,0.0
	34.360622,-117.653305,0.0
	34.3388,-117.60564,0.0
	34.316956,-117.55799,0.0
	34.295094,-117.510376,0.0
	34.29072,-117.500854,0.0
#Great Valley 10 (jl0.grtvly10) 1  Char
	36.7994,-120.7585,7.0
	36.759655,-120.732155,7.0
	36.719902,-120.70583,7.0
	36.680145,-120.67954,7.0
	36.640385,-120.653275,7.0
	36.624477,-120.64278,7.0
#scz+pn+ncs+ncn --sas+sap+san+sao 1-10  M=7.7 Char
	36.8059,-121.4816,0.0
	36.8372,-121.52199,0.0
	36.868484,-121.562416,0.0
	36.896744,-121.60618,0.0
	36.924824,-121.65016,0.0
	36.956413,-121.69024,0.0
	36.98814,-121.73019,0.0
	37.019855,-121.770164,0.0
	37.051556,-121.81017,0.0
	37.076984,-121.85664,0.0
	37.1021,-121.90346,0.0
	37.13246,-121.945045,0.0
	37.163235,-121.98624,0.0
	37.195576,-122.02544,0.0
	37.22905,-122.063194,0.0
	37.262512,-122.101,0.0
	37.295963,-122.138824,0.0
	37.331135,-122.17411,0.0
	37.366352,-122.20935,0.0
	37.40122,-122.245155,0.0
	37.436066,-122.281006,0.0
	37.47345,-122.31254,0.0
	37.510975,-122.34384,0.0
	37.548492,-122.375175,0.0
	37.586002,-122.40654,0.0
	37.6235,-122.437935,0.0
	37.660995,-122.46937,0.0
	37.69848,-122.500824,0.0
	37.735954,-122.53232,0.0
	37.773422,-122.56384,0.0
	37.810905,-122.59536,0.0
	37.84839,-122.62688,0.0
	37.885868,-122.65843,0.0
	37.923336,-122.69002,0.0
	37.960796,-122.721634,0.0
	37.997723,-122.754265,0.0
	38.034626,-122.78695,0.0
	38.07152,-122.81967,0.0
	38.108406,-122.852425,0.0
	38.145283,-122.88521,0.0
	38.18217,-122.917984,0.0
	38.219696,-122.9496,0.0
	38.25721,-122.98124,0.0
	38.294716,-123.01292,0.0
	38.332134,-123.04477,0.0
	38.368668,-123.07828,0.0
	38.40519,-123.11182,0.0
	38.44117,-123.14631,0.0
	38.4771,-123.180916,0.0
	38.513016,-123.21555,0.0
	38.548923,-123.25022,0.0
	38.58482,-123.284935,0.0
	38.62071,-123.31967,0.0
	38.656586,-123.354454,0.0
	38.69245,-123.38926,0.0
	38.728306,-123.42411,0.0
	38.764153,-123.45899,0.0
	38.799988,-123.49391,0.0
	38.835815,-123.52886,0.0
	38.871628,-123.56385,0.0
	38.907433,-123.59887,0.0
	38.943226,-123.63393,0.0
	38.979008,-123.66902,0.0
	39.014782,-123.70415,0.0
	39.050545,-123.73931,0.0
	39.086296,-123.77451,0.0
	39.123928,-123.80609,0.0
	39.162937,-123.835014,0.0
	39.20542,-123.85327,0.0
	39.248756,-123.868935,0.0
	39.29209,-123.8846,0.0
	39.335426,-123.90027,0.0
	39.37876,-123.91597,0.0
	39.422546,-123.929245,0.0
	39.46665,-123.94084,0.0
	39.510746,-123.952446,0.0
	39.554844,-123.96407,0.0
	39.59894,-123.975716,0.0
	39.643036,-123.98737,0.0
	39.687412,-123.99598,0.0
	39.732384,-123.99811,0.0
	39.777355,-124.00024,0.0
	39.822327,-124.002365,0.0
	39.867294,-124.0045,0.0
	39.912266,-124.00664,0.0
	39.955555,-124.02251,0.0
	39.99879,-124.03879,0.0
	40.04121,-124.05798,0.0
	40.072353,-124.09883,0.0
	40.100307,-124.14491,0.0
	40.12684,-124.192444,0.0
	40.15335,-124.240005,0.0
	40.17984,-124.28761,0.0
	40.206314,-124.33525,0.0
	40.232765,-124.38293,0.0
	40.24334,-124.40201,0.0
#Monterey Bay-Tularcitos (bb.montbay-tul) 1  Char
	36.3683,-121.5253,0.0
	36.390377,-121.574005,0.0
	36.416897,-121.61876,0.0
	36.443695,-121.662994,0.0
	36.461834,-121.714195,0.0
	36.48892,-121.75738,0.0
	36.522278,-121.794945,0.0
	36.55563,-121.83256,0.0
	36.589794,-121.86869,0.0
	36.62993,-121.89405,0.0
	36.670055,-121.91944,0.0
	36.71018,-121.944855,0.0
	36.750294,-121.97029,0.0
	36.790405,-121.99576,0.0
	36.82821,-122.02563,0.0
	36.862846,-122.06152,0.0
	36.897472,-122.09745,0.0
	36.918243,-122.119026,0.0
#Newport-Inglewood (bb.newporting) 1  Char
	33.606,-117.9247,0.0
	33.640945,-117.95875,0.0
	33.67588,-117.99283,0.0
	33.700165,-118.03773,0.0
	33.733685,-118.07382,0.0
	33.76476,-118.11274,0.0
	33.79315,-118.15475,0.0
	33.821957,-118.196175,0.0
	33.857967,-118.22735,0.0
	33.890873,-118.26332,0.0
	33.926334,-118.29635,0.0
	33.959198,-118.33324,0.0
	33.998554,-118.35955,0.0
	34.037907,-118.38589,0.0
	34.045773,-118.39116,0.0
#sgv+ngv --gvs+gvn-4-9  M=5.9 Char
	38.0389,-122.0766,0.0
	38.08258,-122.09034,0.0
	38.12626,-122.104095,0.0
	38.169937,-122.11787,0.0
	38.213615,-122.13165,0.0
	38.25729,-122.145454,0.0
	38.301327,-122.15725,0.0
	38.345375,-122.16899,0.0
	38.38061,-122.1784,0.0
#Fickle hill (pm.ficklehill) 1  Char
	40.7439,-123.9646,0.0
	40.784695,-123.98968,0.0
	40.823414,-124.01997,0.0
	40.86163,-124.05122,0.0
	40.8958,-124.08994,0.0
	40.929962,-124.12871,0.0
	40.964108,-124.16751,0.0
	40.97776,-124.183044,0.0
#Santa Susana (bb.santasusana) 1  Char
	34.3242,-118.4955,0.0
	34.301334,-118.54112,0.0
	34.320885,-118.587814,0.0
	34.33402,-118.6382,0.0
	34.346447,-118.690575,0.0
	34.35592,-118.7438,0.0
	34.35911,-118.76526,0.0
#Rose Canyon (bb.rosecny-osz) 1  Char
	32.5603,-117.1473,0.0
	32.605145,-117.151115,0.0
	32.64848,-117.16537,0.0
	32.693436,-117.16298,0.0
	32.735546,-117.17624,0.0
	32.774105,-117.20195,0.0
	32.814743,-117.222404,0.0
	32.848934,-117.257065,0.0
	32.88998,-117.276855,0.0
	32.932915,-117.29291,0.0
	32.97585,-117.308975,0.0
	33.01878,-117.32506,0.0
	33.056545,-117.35423,0.0
	33.091618,-117.38679,0.0
	33.123386,-117.42418,0.0
#rc 2-7  M=6.7 Char
	38.0875,-122.4342,0.0
	38.126484,-122.46277,0.0
	38.16546,-122.49137,0.0
	38.20443,-122.52,0.0
	38.243393,-122.54866,0.0
	38.28235,-122.57735,0.0
	38.321297,-122.60607,0.0
	38.360474,-122.6343,0.0
	38.399727,-122.66237,0.0
	38.438972,-122.690475,0.0
	38.47821,-122.718605,0.0
	38.517445,-122.74677,0.0
	38.556667,-122.77497,0.0
	38.572357,-122.786255,0.0
#ncn -- sao - 1-4  M=7.0 Char
	39.1706,-123.8407,0.0
	39.213936,-123.856346,0.0
	39.25727,-123.87201,0.0
	39.300606,-123.88767,0.0
	39.34394,-123.90335,0.0
	39.38727,-123.91905,0.0
	39.43121,-123.93152,0.0
	39.47531,-123.943115,0.0
	39.51941,-123.954735,0.0
	39.563507,-123.96636,0.0
	39.607605,-123.978004,0.0
	39.6517,-123.98966,0.0
	39.696247,-123.9964,0.0
	39.74122,-123.99853,0.0
	39.78619,-124.000656,0.0
	39.831158,-124.002785,0.0
	39.87613,-124.00492,0.0
	39.920807,-124.009445,0.0
	39.964046,-124.0257,0.0
	40.007286,-124.041985,0.0
	40.049274,-124.06272,0.0
	40.077892,-124.107834,0.0
	40.105522,-124.15425,0.0
	40.13205,-124.20178,0.0
	40.158554,-124.24936,0.0
	40.185043,-124.29697,0.0
	40.21151,-124.34461,0.0
	40.23796,-124.392296,0.0
	40.243248,-124.40184,0.0
