5.05 0.0
5.1499999999999995 0.0
5.25 0.0
5.35 0.0
5.45 0.0
5.55 0.0
5.6499999999999995 0.0
5.75 0.0
5.85 0.0
5.949999999999999 0.023080000000000003
6.05 0.0767
6.1499999999999995 0.05376
6.25 0.060840000000000005
6.35 0.04986
6.449999999999999 0.04784
6.55 0.034980000000000004
6.6499999999999995 0.033120000000000004
6.75 0.02466
6.85 0.02142
6.949999999999999 0.017240000000000002
7.05 0.015040000000000001
7.1499999999999995 0.012480000000000002
7.25 0.008820000000000001
7.35 0.00776
7.449999999999999 0.007260000000000001
7.55 0.00502
7.6499999999999995 0.00338
7.75 0.0038000000000000004
7.85 0.0021200000000000004
7.949999999999999 0.00176
8.049999999999999 8.0E-4
8.149999999999999 3.8E-4
8.25 3.0000000000000003E-4
8.35 1.0E-4
8.45 0.0
8.549999999999999 0.0
8.649999999999999 0.0
8.75 0.0
8.85 0.0
8.95 0.0
