5.0 0.51252
5.1 0.51252
5.2 0.51252
5.3 0.51252
5.3999999999999995 0.51252
5.5 0.51252
5.6 0.51252
5.699999999999999 0.51252
5.8 0.51252
5.8999999999999995 0.51252
6.0 0.48944
6.1 0.41274
6.199999999999999 0.35898
6.3 0.29814
6.3999999999999995 0.24828000000000003
6.5 0.20044000000000003
6.6 0.16546000000000002
6.699999999999999 0.13234
6.799999999999999 0.10768000000000003
6.8999999999999995 0.08626000000000002
6.999999999999999 0.06902000000000001
7.1 0.053980000000000014
7.199999999999999 0.04150000000000001
7.299999999999999 0.03268000000000001
7.399999999999999 0.024920000000000005
7.499999999999999 0.017660000000000002
7.6 0.012640000000000002
7.699999999999999 0.009260000000000001
7.799999999999999 0.0054600000000000004
7.899999999999999 0.00334
7.999999999999999 0.0015800000000000002
8.099999999999998 7.800000000000001E-4
8.2 4.0E-4
8.299999999999999 1.0E-4
8.399999999999999 0.0
8.499999999999998 0.0
8.599999999999998 0.0
8.7 0.0
8.799999999999999 0.0
8.899999999999999 0.0
