5.0 0.4496712492136513
5.1 0.4496712492136513
5.2 0.4496712492136513
5.3 0.4496712492136513
5.3999999999999995 0.4496712492136513
5.5 0.4496712492136513
5.6 0.4496712492136513
5.699999999999999 0.4496712492136513
5.8 0.4496712492136513
5.8999999999999995 0.4496712492136513
6.0 0.43011425396400743
6.1 0.3654320763579434
6.199999999999999 0.3207246528225314
6.3 0.27169390579341496
6.3999999999999995 0.23042554458543552
6.5 0.18972130128157508
6.6 0.15787220181179118
6.699999999999999 0.1279485931374792
6.799999999999999 0.10533614638136196
6.8999999999999995 0.08573574666967555
6.999999999999999 0.06921376673371238
7.1 0.0543476513653411
7.199999999999999 0.04238462931503851
7.299999999999999 0.03381369700368726
7.399999999999999 0.0261737459629306
7.499999999999999 0.018730560079649173
7.6 0.013603011945612139
7.699999999999999 0.009460220318514956
7.799999999999999 0.006031078203342752
7.899999999999999 0.0034047585346205908
7.999999999999999 0.0020608667936552845
8.099999999999998 0.0011130269277663091
8.2 5.088638338637283E-4
8.299999999999999 1.181983932167537E-4
8.399999999999999 0.0
8.499999999999998 0.0
8.599999999999998 0.0
8.7 0.0
8.799999999999999 0.0
8.899999999999999 0.0
